0.000000000000000000e+00 0.000000000000000000e+00 0.000000000000000000e+00 0.000000000000000000e+00 0.000000000000000000e+00
0.000000000000000000e+00 0.000000000000000000e+00 0.000000000000000000e+00 0.000000000000000000e+00 0.000000000000000000e+00
0.000000000000000000e+00 0.000000000000000000e+00 0.000000000000000000e+00 0.000000000000000000e+00 0.000000000000000000e+00
0.000000000000000000e+00 0.000000000000000000e+00 0.000000000000000000e+00 0.000000000000000000e+00 0.000000000000000000e+00
0.000000000000000000e+00 0.000000000000000000e+00 0.000000000000000000e+00 0.000000000000000000e+00 0.000000000000000000e+00
0.000000000000000000e+00 0.000000000000000000e+00 0.000000000000000000e+00 0.000000000000000000e+00 0.000000000000000000e+00
0.000000000000000000e+00 0.000000000000000000e+00 0.000000000000000000e+00 0.000000000000000000e+00 0.000000000000000000e+00
0.000000000000000000e+00 0.000000000000000000e+00 0.000000000000000000e+00 0.000000000000000000e+00 0.000000000000000000e+00
0.000000000000000000e+00 0.000000000000000000e+00 0.000000000000000000e+00 0.000000000000000000e+00 0.000000000000000000e+00
0.000000000000000000e+00 0.000000000000000000e+00 0.000000000000000000e+00 0.000000000000000000e+00 0.000000000000000000e+00
0.000000000000000000e+00 0.000000000000000000e+00 0.000000000000000000e+00 0.000000000000000000e+00 0.000000000000000000e+00
0.000000000000000000e+00 0.000000000000000000e+00 0.000000000000000000e+00 0.000000000000000000e+00 0.000000000000000000e+00
0.000000000000000000e+00 0.000000000000000000e+00 0.000000000000000000e+00 0.000000000000000000e+00 0.000000000000000000e+00
0.000000000000000000e+00 0.000000000000000000e+00 0.000000000000000000e+00 0.000000000000000000e+00 0.000000000000000000e+00
0.000000000000000000e+00 0.000000000000000000e+00 0.000000000000000000e+00 0.000000000000000000e+00 0.000000000000000000e+00
0.000000000000000000e+00 0.000000000000000000e+00 0.000000000000000000e+00 0.000000000000000000e+00 0.000000000000000000e+00
0.000000000000000000e+00 0.000000000000000000e+00 0.000000000000000000e+00 0.000000000000000000e+00 0.000000000000000000e+00
0.000000000000000000e+00 0.000000000000000000e+00 0.000000000000000000e+00 0.000000000000000000e+00 0.000000000000000000e+00
0.000000000000000000e+00 0.000000000000000000e+00 0.000000000000000000e+00 0.000000000000000000e+00 0.000000000000000000e+00
0.000000000000000000e+00 0.000000000000000000e+00 0.000000000000000000e+00 0.000000000000000000e+00 0.000000000000000000e+00
0.000000000000000000e+00 0.000000000000000000e+00 0.000000000000000000e+00 0.000000000000000000e+00 0.000000000000000000e+00
0.000000000000000000e+00 0.000000000000000000e+00 0.000000000000000000e+00 0.000000000000000000e+00 0.000000000000000000e+00
0.000000000000000000e+00 0.000000000000000000e+00 0.000000000000000000e+00 0.000000000000000000e+00 0.000000000000000000e+00
0.000000000000000000e+00 0.000000000000000000e+00 0.000000000000000000e+00 0.000000000000000000e+00 0.000000000000000000e+00
0.000000000000000000e+00 0.000000000000000000e+00 0.000000000000000000e+00 0.000000000000000000e+00 0.000000000000000000e+00
0.000000000000000000e+00 0.000000000000000000e+00 0.000000000000000000e+00 0.000000000000000000e+00 0.000000000000000000e+00
0.000000000000000000e+00 0.000000000000000000e+00 0.000000000000000000e+00 0.000000000000000000e+00 0.000000000000000000e+00
0.000000000000000000e+00 0.000000000000000000e+00 0.000000000000000000e+00 0.000000000000000000e+00 0.000000000000000000e+00
0.000000000000000000e+00 0.000000000000000000e+00 0.000000000000000000e+00 0.000000000000000000e+00 0.000000000000000000e+00
0.000000000000000000e+00 0.000000000000000000e+00 0.000000000000000000e+00 0.000000000000000000e+00 0.000000000000000000e+00
0.000000000000000000e+00 0.000000000000000000e+00 0.000000000000000000e+00 0.000000000000000000e+00 0.000000000000000000e+00
0.000000000000000000e+00 0.000000000000000000e+00 0.000000000000000000e+00 0.000000000000000000e+00 0.000000000000000000e+00
0.000000000000000000e+00 0.000000000000000000e+00 0.000000000000000000e+00 0.000000000000000000e+00 0.000000000000000000e+00
0.000000000000000000e+00 0.000000000000000000e+00 0.000000000000000000e+00 0.000000000000000000e+00 0.000000000000000000e+00
0.000000000000000000e+00 0.000000000000000000e+00 0.000000000000000000e+00 0.000000000000000000e+00 0.000000000000000000e+00
0.000000000000000000e+00 0.000000000000000000e+00 0.000000000000000000e+00 0.000000000000000000e+00 0.000000000000000000e+00
0.000000000000000000e+00 0.000000000000000000e+00 0.000000000000000000e+00 0.000000000000000000e+00 0.000000000000000000e+00
0.000000000000000000e+00 0.000000000000000000e+00 0.000000000000000000e+00 0.000000000000000000e+00 0.000000000000000000e+00
0.000000000000000000e+00 0.000000000000000000e+00 0.000000000000000000e+00 0.000000000000000000e+00 0.000000000000000000e+00
0.000000000000000000e+00 0.000000000000000000e+00 0.000000000000000000e+00 0.000000000000000000e+00 0.000000000000000000e+00
0.000000000000000000e+00 0.000000000000000000e+00 0.000000000000000000e+00 0.000000000000000000e+00 0.000000000000000000e+00
0.000000000000000000e+00 0.000000000000000000e+00 0.000000000000000000e+00 0.000000000000000000e+00 0.000000000000000000e+00
0.000000000000000000e+00 0.000000000000000000e+00 0.000000000000000000e+00 0.000000000000000000e+00 0.000000000000000000e+00
0.000000000000000000e+00 0.000000000000000000e+00 0.000000000000000000e+00 0.000000000000000000e+00 0.000000000000000000e+00
0.000000000000000000e+00 0.000000000000000000e+00 0.000000000000000000e+00 0.000000000000000000e+00 0.000000000000000000e+00
0.000000000000000000e+00 0.000000000000000000e+00 0.000000000000000000e+00 0.000000000000000000e+00 0.000000000000000000e+00
0.000000000000000000e+00 0.000000000000000000e+00 0.000000000000000000e+00 0.000000000000000000e+00 0.000000000000000000e+00
0.000000000000000000e+00 0.000000000000000000e+00 0.000000000000000000e+00 0.000000000000000000e+00 0.000000000000000000e+00
0.000000000000000000e+00 0.000000000000000000e+00 0.000000000000000000e+00 0.000000000000000000e+00 0.000000000000000000e+00
0.000000000000000000e+00 0.000000000000000000e+00 0.000000000000000000e+00 0.000000000000000000e+00 0.000000000000000000e+00
0.000000000000000000e+00 0.000000000000000000e+00 0.000000000000000000e+00 0.000000000000000000e+00 0.000000000000000000e+00
0.000000000000000000e+00 0.000000000000000000e+00 0.000000000000000000e+00 0.000000000000000000e+00 0.000000000000000000e+00
0.000000000000000000e+00 0.000000000000000000e+00 0.000000000000000000e+00 0.000000000000000000e+00 0.000000000000000000e+00
0.000000000000000000e+00 0.000000000000000000e+00 0.000000000000000000e+00 0.000000000000000000e+00 0.000000000000000000e+00
0.000000000000000000e+00 0.000000000000000000e+00 0.000000000000000000e+00 0.000000000000000000e+00 0.000000000000000000e+00
0.000000000000000000e+00 0.000000000000000000e+00 0.000000000000000000e+00 0.000000000000000000e+00 0.000000000000000000e+00
0.000000000000000000e+00 0.000000000000000000e+00 0.000000000000000000e+00 0.000000000000000000e+00 0.000000000000000000e+00
0.000000000000000000e+00 0.000000000000000000e+00 0.000000000000000000e+00 0.000000000000000000e+00 0.000000000000000000e+00
0.000000000000000000e+00 0.000000000000000000e+00 0.000000000000000000e+00 0.000000000000000000e+00 0.000000000000000000e+00
0.000000000000000000e+00 0.000000000000000000e+00 0.000000000000000000e+00 0.000000000000000000e+00 0.000000000000000000e+00
0.000000000000000000e+00 0.000000000000000000e+00 0.000000000000000000e+00 0.000000000000000000e+00 0.000000000000000000e+00
0.000000000000000000e+00 0.000000000000000000e+00 0.000000000000000000e+00 0.000000000000000000e+00 0.000000000000000000e+00
0.000000000000000000e+00 0.000000000000000000e+00 0.000000000000000000e+00 0.000000000000000000e+00 0.000000000000000000e+00
0.000000000000000000e+00 0.000000000000000000e+00 0.000000000000000000e+00 0.000000000000000000e+00 0.000000000000000000e+00
0.000000000000000000e+00 0.000000000000000000e+00 0.000000000000000000e+00 0.000000000000000000e+00 0.000000000000000000e+00
0.000000000000000000e+00 0.000000000000000000e+00 0.000000000000000000e+00 0.000000000000000000e+00 0.000000000000000000e+00
0.000000000000000000e+00 0.000000000000000000e+00 0.000000000000000000e+00 0.000000000000000000e+00 0.000000000000000000e+00
0.000000000000000000e+00 0.000000000000000000e+00 0.000000000000000000e+00 0.000000000000000000e+00 0.000000000000000000e+00
0.000000000000000000e+00 0.000000000000000000e+00 0.000000000000000000e+00 0.000000000000000000e+00 0.000000000000000000e+00
0.000000000000000000e+00 0.000000000000000000e+00 0.000000000000000000e+00 0.000000000000000000e+00 0.000000000000000000e+00
0.000000000000000000e+00 0.000000000000000000e+00 0.000000000000000000e+00 0.000000000000000000e+00 0.000000000000000000e+00
0.000000000000000000e+00 0.000000000000000000e+00 0.000000000000000000e+00 0.000000000000000000e+00 0.000000000000000000e+00
0.000000000000000000e+00 0.000000000000000000e+00 0.000000000000000000e+00 0.000000000000000000e+00 0.000000000000000000e+00
0.000000000000000000e+00 0.000000000000000000e+00 0.000000000000000000e+00 0.000000000000000000e+00 0.000000000000000000e+00
0.000000000000000000e+00 0.000000000000000000e+00 0.000000000000000000e+00 0.000000000000000000e+00 0.000000000000000000e+00
0.000000000000000000e+00 0.000000000000000000e+00 0.000000000000000000e+00 0.000000000000000000e+00 0.000000000000000000e+00
0.000000000000000000e+00 0.000000000000000000e+00 0.000000000000000000e+00 0.000000000000000000e+00 0.000000000000000000e+00
0.000000000000000000e+00 0.000000000000000000e+00 0.000000000000000000e+00 0.000000000000000000e+00 0.000000000000000000e+00
0.000000000000000000e+00 0.000000000000000000e+00 0.000000000000000000e+00 0.000000000000000000e+00 0.000000000000000000e+00
0.000000000000000000e+00 0.000000000000000000e+00 0.000000000000000000e+00 0.000000000000000000e+00 0.000000000000000000e+00
0.000000000000000000e+00 0.000000000000000000e+00 0.000000000000000000e+00 0.000000000000000000e+00 0.000000000000000000e+00
0.000000000000000000e+00 0.000000000000000000e+00 0.000000000000000000e+00 0.000000000000000000e+00 0.000000000000000000e+00
0.000000000000000000e+00 0.000000000000000000e+00 0.000000000000000000e+00 0.000000000000000000e+00 0.000000000000000000e+00
0.000000000000000000e+00 0.000000000000000000e+00 0.000000000000000000e+00 0.000000000000000000e+00 0.000000000000000000e+00
0.000000000000000000e+00 0.000000000000000000e+00 0.000000000000000000e+00 0.000000000000000000e+00 0.000000000000000000e+00
0.000000000000000000e+00 0.000000000000000000e+00 0.000000000000000000e+00 0.000000000000000000e+00 0.000000000000000000e+00
0.000000000000000000e+00 0.000000000000000000e+00 0.000000000000000000e+00 0.000000000000000000e+00 0.000000000000000000e+00
0.000000000000000000e+00 0.000000000000000000e+00 0.000000000000000000e+00 0.000000000000000000e+00 0.000000000000000000e+00
0.000000000000000000e+00 0.000000000000000000e+00 0.000000000000000000e+00 0.000000000000000000e+00 0.000000000000000000e+00
0.000000000000000000e+00 0.000000000000000000e+00 0.000000000000000000e+00 0.000000000000000000e+00 0.000000000000000000e+00
0.000000000000000000e+00 0.000000000000000000e+00 0.000000000000000000e+00 0.000000000000000000e+00 0.000000000000000000e+00
0.000000000000000000e+00 0.000000000000000000e+00 0.000000000000000000e+00 0.000000000000000000e+00 0.000000000000000000e+00
0.000000000000000000e+00 0.000000000000000000e+00 0.000000000000000000e+00 0.000000000000000000e+00 0.000000000000000000e+00
0.000000000000000000e+00 0.000000000000000000e+00 0.000000000000000000e+00 0.000000000000000000e+00 0.000000000000000000e+00
0.000000000000000000e+00 0.000000000000000000e+00 0.000000000000000000e+00 0.000000000000000000e+00 0.000000000000000000e+00
0.000000000000000000e+00 5.559117356494264368e-04 4.087971310664387042e-04 0.000000000000000000e+00 1.112226809152859963e-03
0.000000000000000000e+00 2.451967834025149933e-03 1.803087345953756186e-03 0.000000000000000000e+00 4.905714676084935687e-03
0.000000000000000000e+00 1.201166428813939474e-03 8.832938010542689799e-04 0.000000000000000000e+00 2.403204355491000282e-03
0.000000000000000000e+00 0.000000000000000000e+00 7.237416544662500419e-04 0.000000000000000000e+00 3.640416345040283289e-03
0.000000000000000000e+00 0.000000000000000000e+00 2.713474880316162855e-03 0.000000000000000000e+00 1.528943538664430564e-02
0.000000000000000000e+00 1.054883769180511903e-04 2.021938577938725123e-03 0.000000000000000000e+00 1.491000288579858585e-02
0.000000000000000000e+00 1.971122314636425702e-04 1.168866858476785711e-03 0.000000000000000000e+00 1.028913544430765971e-02
9.376545379927976251e-03 1.024423141046881640e-03 0.000000000000000000e+00 0.000000000000000000e+00 4.261101228644863508e-05
1.208293131212895104e-02 6.418231509385449989e-04 0.000000000000000000e+00 0.000000000000000000e+00 0.000000000000000000e+00
6.350919117851717109e-03 0.000000000000000000e+00 6.213678518071553579e-04 0.000000000000000000e+00 0.000000000000000000e+00
1.553086208585405855e-03 0.000000000000000000e+00 1.708186000522687951e-04 0.000000000000000000e+00 0.000000000000000000e+00
0.000000000000000000e+00 0.000000000000000000e+00 0.000000000000000000e+00 0.000000000000000000e+00 0.000000000000000000e+00
0.000000000000000000e+00 0.000000000000000000e+00 0.000000000000000000e+00 0.000000000000000000e+00 0.000000000000000000e+00
0.000000000000000000e+00 0.000000000000000000e+00 0.000000000000000000e+00 0.000000000000000000e+00 0.000000000000000000e+00
0.000000000000000000e+00 0.000000000000000000e+00 0.000000000000000000e+00 0.000000000000000000e+00 0.000000000000000000e+00
0.000000000000000000e+00 0.000000000000000000e+00 0.000000000000000000e+00 0.000000000000000000e+00 0.000000000000000000e+00
0.000000000000000000e+00 0.000000000000000000e+00 0.000000000000000000e+00 0.000000000000000000e+00 0.000000000000000000e+00
0.000000000000000000e+00 0.000000000000000000e+00 0.000000000000000000e+00 0.000000000000000000e+00 0.000000000000000000e+00
0.000000000000000000e+00 0.000000000000000000e+00 0.000000000000000000e+00 0.000000000000000000e+00 0.000000000000000000e+00
0.000000000000000000e+00 0.000000000000000000e+00 0.000000000000000000e+00 0.000000000000000000e+00 0.000000000000000000e+00
0.000000000000000000e+00 0.000000000000000000e+00 0.000000000000000000e+00 0.000000000000000000e+00 0.000000000000000000e+00
0.000000000000000000e+00 0.000000000000000000e+00 0.000000000000000000e+00 0.000000000000000000e+00 0.000000000000000000e+00
0.000000000000000000e+00 0.000000000000000000e+00 0.000000000000000000e+00 0.000000000000000000e+00 0.000000000000000000e+00
0.000000000000000000e+00 0.000000000000000000e+00 0.000000000000000000e+00 0.000000000000000000e+00 0.000000000000000000e+00
0.000000000000000000e+00 0.000000000000000000e+00 0.000000000000000000e+00 0.000000000000000000e+00 0.000000000000000000e+00
5.798869495829165954e-05 1.033950310202997030e-03 0.000000000000000000e+00 0.000000000000000000e+00 1.745135525337702302e-04
2.990463341486059435e-04 8.821425552238162243e-03 0.000000000000000000e+00 0.000000000000000000e+00 1.135389581301818850e-03
1.326264761620415565e-03 1.894424202296715945e-02 0.000000000000000000e+00 0.000000000000000000e+00 7.796532145214195601e-04
6.337229485256502511e-04 3.988311981730317118e-02 0.000000000000000000e+00 9.548908683895554819e-04 1.608901673280596026e-03
0.000000000000000000e+00 5.860432305043743878e-02 3.126224231731471181e-03 2.700135066712400569e-03 1.136290279172569653e-02
0.000000000000000000e+00 6.364414530545532689e-02 4.235327673868256870e-03 6.987194074164081517e-03 2.311078228497162601e-02
0.000000000000000000e+00 6.299257125913224065e-02 1.290688377262668753e-02 0.000000000000000000e+00 6.172790316387588572e-02
0.000000000000000000e+00 3.704703152693548246e-02 2.541593222099514798e-02 0.000000000000000000e+00 7.700467664207492902e-02
0.000000000000000000e+00 1.557802115006497873e-02 3.962423789249834571e-02 0.000000000000000000e+00 7.725123982778329956e-02
0.000000000000000000e+00 7.325685201577684415e-03 5.160348731091752433e-02 0.000000000000000000e+00 7.009918033530729287e-02
2.309575324328704687e-02 5.272961351433397628e-03 4.443699969295756419e-02 0.000000000000000000e+00 2.813715632923795978e-02
7.380339685880195344e-02 0.000000000000000000e+00 2.748274631225438094e-02 0.000000000000000000e+00 0.000000000000000000e+00
8.988160243728182675e-02 0.000000000000000000e+00 1.537723531305260766e-02 8.398833657147052932e-06 0.000000000000000000e+00
5.799057227036972378e-02 0.000000000000000000e+00 1.176324585900428814e-02 0.000000000000000000e+00 0.000000000000000000e+00
2.845741657867970412e-02 0.000000000000000000e+00 9.768389974423681218e-03 0.000000000000000000e+00 0.000000000000000000e+00
1.145797933886944994e-02 0.000000000000000000e+00 5.151350778950471686e-03 0.000000000000000000e+00 0.000000000000000000e+00
6.088697364653386382e-04 0.000000000000000000e+00 4.249014573725049849e-04 0.000000000000000000e+00 0.000000000000000000e+00
0.000000000000000000e+00 0.000000000000000000e+00 0.000000000000000000e+00 0.000000000000000000e+00 0.000000000000000000e+00
0.000000000000000000e+00 0.000000000000000000e+00 0.000000000000000000e+00 0.000000000000000000e+00 0.000000000000000000e+00
0.000000000000000000e+00 0.000000000000000000e+00 0.000000000000000000e+00 0.000000000000000000e+00 0.000000000000000000e+00
0.000000000000000000e+00 0.000000000000000000e+00 0.000000000000000000e+00 0.000000000000000000e+00 0.000000000000000000e+00
0.000000000000000000e+00 0.000000000000000000e+00 0.000000000000000000e+00 0.000000000000000000e+00 0.000000000000000000e+00
0.000000000000000000e+00 0.000000000000000000e+00 0.000000000000000000e+00 0.000000000000000000e+00 0.000000000000000000e+00
0.000000000000000000e+00 0.000000000000000000e+00 0.000000000000000000e+00 0.000000000000000000e+00 0.000000000000000000e+00
0.000000000000000000e+00 0.000000000000000000e+00 0.000000000000000000e+00 0.000000000000000000e+00 0.000000000000000000e+00
0.000000000000000000e+00 0.000000000000000000e+00 0.000000000000000000e+00 0.000000000000000000e+00 0.000000000000000000e+00
0.000000000000000000e+00 0.000000000000000000e+00 0.000000000000000000e+00 0.000000000000000000e+00 0.000000000000000000e+00
2.743311338411493720e-04 4.891380313652644515e-03 0.000000000000000000e+00 0.000000000000000000e+00 8.255833446789900614e-04
9.152950859424362163e-04 1.474570753029063284e-02 0.000000000000000000e+00 0.000000000000000000e+00 1.305106870016743432e-03
4.260280212079725604e-04 3.258743869209415611e-02 0.000000000000000000e+00 0.000000000000000000e+00 4.623316705688909796e-03
2.367974219302176962e-04 6.154628608746613716e-02 0.000000000000000000e+00 5.759046828749178962e-03 2.669900254274539149e-03
0.000000000000000000e+00 9.116037547829228260e-02 0.000000000000000000e+00 2.124809138781239004e-02 2.995305571011016438e-03
0.000000000000000000e+00 9.452207371780253775e-02 0.000000000000000000e+00 4.151277134127814850e-02 2.699838050523940824e-02
0.000000000000000000e+00 8.924745161184592657e-02 0.000000000000000000e+00 5.253284716546997857e-02 6.449504852766536900e-02
0.000000000000000000e+00 7.322330547160225966e-02 1.470189126897341290e-02 5.905684335016475606e-02 9.995856400480743198e-02
0.000000000000000000e+00 5.282735142916563514e-02 4.150840747583135759e-02 6.461644171523274471e-02 1.081108063986903206e-01
0.000000000000000000e+00 2.452164144619002270e-02 7.604942127996353052e-02 5.401035398800466125e-02 9.695014928477235783e-02
2.891205719108105171e-02 1.250224310041453749e-02 8.384198569792880584e-02 1.835076032776788643e-02 8.801590490272148681e-02
6.943634869475416582e-02 7.021604747105681874e-03 7.613503548474299942e-02 0.000000000000000000e+00 6.444219595827180291e-02
9.357245090725076209e-02 6.194213051918126545e-03 6.760631181753588848e-02 0.000000000000000000e+00 1.885236986824856062e-02
1.015444537746579834e-01 0.000000000000000000e+00 5.250985591685433662e-02 0.000000000000000000e+00 0.000000000000000000e+00
9.183468220662895087e-02 0.000000000000000000e+00 2.881823265674244086e-02 0.000000000000000000e+00 0.000000000000000000e+00
4.811728240652033556e-02 0.000000000000000000e+00 1.313753967823631276e-02 0.000000000000000000e+00 0.000000000000000000e+00
2.917687660214770065e-02 2.287067037576693756e-06 1.091974186617133274e-02 0.000000000000000000e+00 0.000000000000000000e+00
2.641005774426509120e-03 2.064216010248139489e-06 1.999409063273494686e-03 0.000000000000000000e+00 0.000000000000000000e+00
0.000000000000000000e+00 0.000000000000000000e+00 0.000000000000000000e+00 0.000000000000000000e+00 0.000000000000000000e+00
0.000000000000000000e+00 0.000000000000000000e+00 0.000000000000000000e+00 0.000000000000000000e+00 0.000000000000000000e+00
0.000000000000000000e+00 0.000000000000000000e+00 0.000000000000000000e+00 0.000000000000000000e+00 0.000000000000000000e+00
0.000000000000000000e+00 0.000000000000000000e+00 0.000000000000000000e+00 0.000000000000000000e+00 0.000000000000000000e+00
0.000000000000000000e+00 0.000000000000000000e+00 0.000000000000000000e+00 0.000000000000000000e+00 0.000000000000000000e+00
0.000000000000000000e+00 0.000000000000000000e+00 0.000000000000000000e+00 0.000000000000000000e+00 0.000000000000000000e+00
0.000000000000000000e+00 0.000000000000000000e+00 0.000000000000000000e+00 0.000000000000000000e+00 0.000000000000000000e+00
0.000000000000000000e+00 0.000000000000000000e+00 0.000000000000000000e+00 0.000000000000000000e+00 0.000000000000000000e+00
0.000000000000000000e+00 0.000000000000000000e+00 0.000000000000000000e+00 0.000000000000000000e+00 0.000000000000000000e+00
1.828874225607661215e-04 3.260920209101761565e-03 0.000000000000000000e+00 0.000000000000000000e+00 5.503888964526600048e-04
6.404498301447288577e-04 1.547398883835605747e-02 0.000000000000000000e+00 0.000000000000000000e+00 2.558562987979946454e-03
1.823469696813969244e-03 3.272834821888728069e-02 0.000000000000000000e+00 0.000000000000000000e+00 6.689841808893174854e-04
4.829344116130836456e-04 6.984794230015657635e-02 0.000000000000000000e+00 5.635713375095617421e-03 3.762710169638955500e-03
0.000000000000000000e+00 1.073595280457033535e-01 0.000000000000000000e+00 2.000706852900723323e-02 2.205929040671781617e-03
0.000000000000000000e+00 1.091842467001003236e-01 0.000000000000000000e+00 3.912446355831700195e-02 2.001342045260285502e-02
0.000000000000000000e+00 1.006013932909136238e-01 0.000000000000000000e+00 6.987382249905564613e-02 5.131405060867203632e-02
0.000000000000000000e+00 8.040844622199906644e-02 1.186986131833863214e-02 9.251216440897616633e-02 7.648751781641908998e-02
0.000000000000000000e+00 5.389617526709822998e-02 4.982923297343563873e-02 1.058699393472118389e-01 7.854458649652459878e-02
7.816660247658912056e-03 5.041578202947667037e-02 7.988644033345110307e-02 9.255482054293177885e-02 8.443091823613475821e-02
4.698232592330732482e-02 5.124521841297975666e-02 8.419497943871503964e-02 6.628611891876264040e-02 8.848264191476891416e-02
7.558818937617815814e-02 5.063902497422657217e-02 8.212500093514897570e-02 3.159500865036096034e-02 8.011298445304645965e-02
7.459523876434255574e-02 3.481153217775972974e-02 8.812770872392856891e-02 7.477469861587473718e-03 8.416240970954835809e-02
9.068986999978798091e-02 2.024362776974747771e-02 8.601646425063531887e-02 0.000000000000000000e+00 5.242506608541590979e-02
9.039368599098675239e-02 9.054566224881169245e-03 7.750668697140701557e-02 0.000000000000000000e+00 1.233562491045596052e-02
8.037933202102115482e-02 0.000000000000000000e+00 5.899021368332132975e-02 0.000000000000000000e+00 0.000000000000000000e+00
4.073685153440348428e-02 0.000000000000000000e+00 3.573261222906080892e-02 0.000000000000000000e+00 0.000000000000000000e+00
2.469203292380580186e-02 4.068721729338061269e-03 1.497806592427665222e-02 0.000000000000000000e+00 0.000000000000000000e+00
1.859517199691864157e-03 3.786670306921964633e-03 2.928445074440486767e-03 0.000000000000000000e+00 0.000000000000000000e+00
0.000000000000000000e+00 0.000000000000000000e+00 0.000000000000000000e+00 0.000000000000000000e+00 0.000000000000000000e+00
0.000000000000000000e+00 0.000000000000000000e+00 0.000000000000000000e+00 0.000000000000000000e+00 0.000000000000000000e+00
0.000000000000000000e+00 0.000000000000000000e+00 0.000000000000000000e+00 0.000000000000000000e+00 0.000000000000000000e+00
0.000000000000000000e+00 0.000000000000000000e+00 0.000000000000000000e+00 0.000000000000000000e+00 0.000000000000000000e+00
0.000000000000000000e+00 0.000000000000000000e+00 0.000000000000000000e+00 0.000000000000000000e+00 0.000000000000000000e+00
0.000000000000000000e+00 0.000000000000000000e+00 0.000000000000000000e+00 0.000000000000000000e+00 0.000000000000000000e+00
0.000000000000000000e+00 0.000000000000000000e+00 0.000000000000000000e+00 0.000000000000000000e+00 0.000000000000000000e+00
0.000000000000000000e+00 0.000000000000000000e+00 0.000000000000000000e+00 0.000000000000000000e+00 0.000000000000000000e+00
0.000000000000000000e+00 0.000000000000000000e+00 0.000000000000000000e+00 0.000000000000000000e+00 0.000000000000000000e+00
3.962473241965848501e-04 9.151984196100068636e-03 0.000000000000000000e+00 0.000000000000000000e+00 1.718599681798011619e-03
1.325197224260611780e-03 3.312440739328002814e-02 0.000000000000000000e+00 0.000000000000000000e+00 5.301197722244651786e-03
1.512125454758457685e-03 6.617330921885344885e-02 0.000000000000000000e+00 0.000000000000000000e+00 3.872922519161407003e-03
0.000000000000000000e+00 1.062655851685833930e-01 0.000000000000000000e+00 3.034204606486178967e-03 9.478636319729252108e-03
0.000000000000000000e+00 1.104873554216425913e-01 0.000000000000000000e+00 3.985211854590069852e-02 6.357858198879190112e-03
0.000000000000000000e+00 8.461574728349163799e-02 0.000000000000000000e+00 8.377766888696620839e-02 3.863904050144015973e-02
0.000000000000000000e+00 6.010487327312937639e-02 2.064687485471831951e-02 9.984424084004557554e-02 6.542221833017126953e-02
0.000000000000000000e+00 4.188391349464332114e-02 6.671857735889383245e-02 1.010725280723640956e-01 7.637174609374873524e-02
2.051174916253520678e-02 3.494714297148744653e-02 8.500333832707658577e-02 9.470351324421655281e-02 7.071169162447507595e-02
7.582863907484299615e-02 4.537617301233750483e-02 7.384196495823244777e-02 9.150840896980998174e-02 5.963720423469001664e-02
9.292645332553585436e-02 5.443433307127448079e-02 7.351900756418316973e-02 8.056419988090263162e-02 5.514011438969265017e-02
8.534458218433171872e-02 6.003217810989004699e-02 7.155721858840448368e-02 7.520046319019839387e-02 6.119171877837575185e-02
6.719317139614378043e-02 6.318271391096658141e-02 7.371250835651622924e-02 3.025321553098253916e-02 8.160066448046589260e-02
6.056900366731254870e-02 5.109705535826369188e-02 8.411938082600725619e-02 6.240723160945256358e-03 7.979414924330378855e-02
6.392858732310832681e-02 3.311444216432037763e-02 9.289969209938690742e-02 0.000000000000000000e+00 3.674822991382539761e-02
7.390413948244241304e-02 6.484653891156479284e-03 8.405119187053641805e-02 0.000000000000000000e+00 0.000000000000000000e+00
3.620881990229077307e-02 0.000000000000000000e+00 5.739473410015861338e-02 0.000000000000000000e+00 0.000000000000000000e+00
1.506799765829529812e-02 2.577916333641770436e-03 2.842758525076701653e-02 0.000000000000000000e+00 0.000000000000000000e+00
3.838468282679548434e-04 6.734210761930327013e-03 5.223863955062253706e-03 0.000000000000000000e+00 0.000000000000000000e+00
0.000000000000000000e+00 0.000000000000000000e+00 0.000000000000000000e+00 0.000000000000000000e+00 0.000000000000000000e+00
0.000000000000000000e+00 0.000000000000000000e+00 0.000000000000000000e+00 0.000000000000000000e+00 0.000000000000000000e+00
0.000000000000000000e+00 0.000000000000000000e+00 0.000000000000000000e+00 0.000000000000000000e+00 0.000000000000000000e+00
0.000000000000000000e+00 0.000000000000000000e+00 0.000000000000000000e+00 0.000000000000000000e+00 0.000000000000000000e+00
0.000000000000000000e+00 0.000000000000000000e+00 0.000000000000000000e+00 0.000000000000000000e+00 0.000000000000000000e+00
0.000000000000000000e+00 0.000000000000000000e+00 0.000000000000000000e+00 0.000000000000000000e+00 0.000000000000000000e+00
0.000000000000000000e+00 0.000000000000000000e+00 0.000000000000000000e+00 0.000000000000000000e+00 0.000000000000000000e+00
0.000000000000000000e+00 0.000000000000000000e+00 0.000000000000000000e+00 0.000000000000000000e+00 0.000000000000000000e+00
1.768261832369637601e-04 3.969109605163906145e-03 0.000000000000000000e+00 0.000000000000000000e+00 7.757500553076701914e-04
8.279382929727062759e-04 2.735998838554380697e-02 0.000000000000000000e+00 0.000000000000000000e+00 5.352252201066325099e-03
1.379417131973301831e-03 5.383473773637525300e-02 0.000000000000000000e+00 0.000000000000000000e+00 8.286080513927856356e-03
0.000000000000000000e+00 1.031053687722458256e-01 0.000000000000000000e+00 0.000000000000000000e+00 1.419151913449594182e-03
0.000000000000000000e+00 1.088445050706254719e-01 8.766758527863320475e-04 3.034595227766827621e-02 4.516831229354253269e-03
0.000000000000000000e+00 8.953199654658282325e-02 7.448235594810064149e-03 7.750994753475155818e-02 2.668873900697005599e-02
0.000000000000000000e+00 4.435267158379225388e-02 2.768570994544651900e-02 1.055379368499650139e-01 6.668158424161033104e-02
0.000000000000000000e+00 1.765145609407450453e-02 7.611091484504825533e-02 9.618689791799484023e-02 6.291634564637295368e-02
2.073491421893154316e-02 7.918995217442681769e-03 9.446821512347891581e-02 7.929416007132647493e-02 6.681145549610027767e-02
8.470703233578184832e-02 0.000000000000000000e+00 7.761438391115309254e-02 8.852115097650826991e-02 3.989335962234701743e-02
1.148661319214421689e-01 3.920137313912651703e-03 6.152628263240159101e-02 8.511646604223044310e-02 2.440712060367839983e-02
1.255064739169124421e-01 2.091351932835475158e-02 3.427504152912767138e-02 9.753690299346533255e-02 1.517418883389092150e-02
8.085512696951646650e-02 4.728597872331732899e-02 3.343958556343712418e-02 1.106305237963555593e-01 2.168140000330352757e-02
3.794562614837958953e-02 5.892224089972871587e-02 3.599473141730426956e-02 8.780638952914046613e-02 6.203337204549981554e-02
4.814443027508961276e-02 7.696998657665862775e-02 5.087777503188635475e-02 4.421372444402345281e-02 7.994060620929728522e-02
6.113719092732358695e-02 5.535588963134100565e-02 7.619321403620769873e-02 9.578417924584650689e-03 5.514309126836639680e-02
7.427085436165972721e-02 3.589959333696305516e-02 9.592010890145601099e-02 0.000000000000000000e+00 2.679679942020039146e-03
4.486921768136169913e-02 1.744192039518596346e-02 7.384124153431581572e-02 0.000000000000000000e+00 0.000000000000000000e+00
1.625490186977604501e-02 5.242122704269168258e-03 4.103400926281108863e-02 0.000000000000000000e+00 0.000000000000000000e+00
0.000000000000000000e+00 7.561718795719176572e-03 1.142150436139041138e-02 0.000000000000000000e+00 1.071980385470742937e-03
0.000000000000000000e+00 0.000000000000000000e+00 0.000000000000000000e+00 0.000000000000000000e+00 0.000000000000000000e+00
0.000000000000000000e+00 0.000000000000000000e+00 0.000000000000000000e+00 0.000000000000000000e+00 0.000000000000000000e+00
0.000000000000000000e+00 0.000000000000000000e+00 0.000000000000000000e+00 0.000000000000000000e+00 0.000000000000000000e+00
0.000000000000000000e+00 0.000000000000000000e+00 0.000000000000000000e+00 0.000000000000000000e+00 0.000000000000000000e+00
0.000000000000000000e+00 0.000000000000000000e+00 0.000000000000000000e+00 0.000000000000000000e+00 0.000000000000000000e+00
0.000000000000000000e+00 0.000000000000000000e+00 0.000000000000000000e+00 0.000000000000000000e+00 0.000000000000000000e+00
0.000000000000000000e+00 0.000000000000000000e+00 0.000000000000000000e+00 0.000000000000000000e+00 0.000000000000000000e+00
0.000000000000000000e+00 0.000000000000000000e+00 0.000000000000000000e+00 0.000000000000000000e+00 0.000000000000000000e+00
8.633017810316282814e-05 1.128855432179923755e-02 0.000000000000000000e+00 0.000000000000000000e+00 2.925063039407759490e-03
3.089096885689062723e-04 4.428369070221154641e-02 0.000000000000000000e+00 0.000000000000000000e+00 8.504086554296855921e-03
0.000000000000000000e+00 7.734813047699413968e-02 0.000000000000000000e+00 0.000000000000000000e+00 4.894609666622957642e-03
0.000000000000000000e+00 1.104905470743761803e-01 3.721751095596128808e-04 2.184528201631061317e-02 0.000000000000000000e+00
0.000000000000000000e+00 1.010433027975231601e-01 1.301611237630574333e-02 5.179997021332194418e-02 3.506805630165745532e-03
0.000000000000000000e+00 5.924559988801059163e-02 3.846224566197774253e-02 8.766324996648033885e-02 3.583454410163737502e-02
0.000000000000000000e+00 1.182357255310016383e-02 8.525246130710806280e-02 9.240941821818073054e-02 7.147230492404392510e-02
2.166931519508542500e-02 0.000000000000000000e+00 9.204829934607247632e-02 7.616886637604082522e-02 6.857307511543944689e-02
9.774887806145954317e-02 0.000000000000000000e+00 7.502813639888249175e-02 7.692282406030025166e-02 3.700830729514952011e-02
1.244577554561966393e-01 0.000000000000000000e+00 5.368193665046556984e-02 6.017701488149257427e-02 2.312758672085293843e-02
1.320772222972173282e-01 0.000000000000000000e+00 2.281342169002037457e-02 6.220438182446699771e-02 4.386758573299516517e-03
8.408294475153001157e-02 0.000000000000000000e+00 1.062636875176774590e-02 9.070653643572711144e-02 1.931376209186357312e-03
4.549951020341631153e-02 1.708290364749115442e-02 4.553002958046282501e-03 1.138405555809793301e-01 1.184209431990257931e-02
3.832098948434286417e-02 2.913497515960706413e-02 0.000000000000000000e+00 1.135859472628596017e-01 5.613528493289902943e-02
5.079798357956510912e-02 4.985851375147213466e-02 2.263280669953023766e-02 9.788998733692043375e-02 7.653787115262354612e-02
7.875568133434412976e-02 6.588233924465429492e-02 5.528952984385732822e-02 5.310647794760608303e-02 4.912386417546996814e-02
7.851368614206981345e-02 5.637647256385755479e-02 8.871166743370693941e-02 0.000000000000000000e+00 5.572991538656378412e-03
4.373494043654028995e-02 4.653966993626084542e-02 8.309521392947664953e-02 0.000000000000000000e+00 0.000000000000000000e+00
1.126991513103399803e-02 1.161125997458411704e-02 5.299579692649861173e-02 0.000000000000000000e+00 0.000000000000000000e+00
0.000000000000000000e+00 9.017162042853684584e-03 1.565455159518954614e-02 0.000000000000000000e+00 2.268642142187067643e-03
0.000000000000000000e+00 0.000000000000000000e+00 0.000000000000000000e+00 0.000000000000000000e+00 0.000000000000000000e+00
0.000000000000000000e+00 0.000000000000000000e+00 0.000000000000000000e+00 0.000000000000000000e+00 0.000000000000000000e+00
0.000000000000000000e+00 0.000000000000000000e+00 0.000000000000000000e+00 0.000000000000000000e+00 0.000000000000000000e+00
0.000000000000000000e+00 0.000000000000000000e+00 0.000000000000000000e+00 0.000000000000000000e+00 0.000000000000000000e+00
0.000000000000000000e+00 0.000000000000000000e+00 0.000000000000000000e+00 0.000000000000000000e+00 0.000000000000000000e+00
0.000000000000000000e+00 0.000000000000000000e+00 0.000000000000000000e+00 0.000000000000000000e+00 0.000000000000000000e+00
0.000000000000000000e+00 0.000000000000000000e+00 0.000000000000000000e+00 0.000000000000000000e+00 0.000000000000000000e+00
0.000000000000000000e+00 0.000000000000000000e+00 0.000000000000000000e+00 0.000000000000000000e+00 0.000000000000000000e+00
3.995766252547213815e-04 1.708601772816284448e-02 0.000000000000000000e+00 0.000000000000000000e+00 3.631359577049330430e-03
0.000000000000000000e+00 5.631553042876357579e-02 7.928677517367290145e-04 0.000000000000000000e+00 7.074456552161517697e-03
0.000000000000000000e+00 1.003265279870716731e-01 4.102700822067935349e-03 0.000000000000000000e+00 0.000000000000000000e+00
0.000000000000000000e+00 1.134666977933991572e-01 1.186556287046847125e-02 3.236184041745827911e-02 0.000000000000000000e+00
0.000000000000000000e+00 8.072014126871483730e-02 3.603132800741126046e-02 6.987811384245969093e-02 1.913264452980890928e-02
0.000000000000000000e+00 8.598341579502696494e-03 8.574357726464018614e-02 9.084853056106403923e-02 5.675526790087909862e-02
1.214938184103654499e-02 0.000000000000000000e+00 9.908698739477063422e-02 6.771027403598237071e-02 8.155317054812119548e-02
8.994714160800300340e-02 0.000000000000000000e+00 7.788650487028055125e-02 6.284636336366457299e-02 5.592735057985123021e-02
1.249211898810878019e-01 0.000000000000000000e+00 5.296765377840857714e-02 4.803240193421978027e-02 3.911069027465020886e-02
1.267807655780296139e-01 0.000000000000000000e+00 2.455041387946310313e-02 2.472711927307537708e-02 2.166150554929042668e-02
6.910956107201302046e-02 0.000000000000000000e+00 7.355132994097587570e-03 3.704530749091818759e-02 2.626056828207763531e-03
2.431288048102313651e-02 0.000000000000000000e+00 5.639132625055229622e-03 5.134483701290718655e-02 3.358949224194310648e-03
2.111484952899634823e-02 0.000000000000000000e+00 0.000000000000000000e+00 7.982669298440335515e-02 1.580914255410213395e-02
4.400949373843368595e-02 8.204862785787827434e-03 0.000000000000000000e+00 1.033270805554312166e-01 5.538120353703773063e-02
5.881651811298496679e-02 2.771821124410326145e-02 0.000000000000000000e+00 1.159986598191633245e-01 8.299440271752230036e-02
9.213553057613198261e-02 5.599896637510515252e-02 3.331470158850394908e-02 1.001463767348636374e-01 4.407501983599011047e-02
8.098824997168707629e-02 6.790272816663571465e-02 7.825668614450881355e-02 2.892444174856245373e-02 8.256486960730641256e-03
3.200722155777867284e-02 6.290766752845899923e-02 9.245192569457461040e-02 0.000000000000000000e+00 8.234472994687427102e-04
0.000000000000000000e+00 3.470997275845626867e-02 5.775270207441041831e-02 0.000000000000000000e+00 3.159629826237801437e-03
0.000000000000000000e+00 9.540205926217256924e-03 2.292038076389963513e-02 0.000000000000000000e+00 2.529838798143399861e-03
0.000000000000000000e+00 0.000000000000000000e+00 0.000000000000000000e+00 0.000000000000000000e+00 0.000000000000000000e+00
0.000000000000000000e+00 0.000000000000000000e+00 0.000000000000000000e+00 0.000000000000000000e+00 0.000000000000000000e+00
0.000000000000000000e+00 0.000000000000000000e+00 0.000000000000000000e+00 0.000000000000000000e+00 0.000000000000000000e+00
0.000000000000000000e+00 0.000000000000000000e+00 0.000000000000000000e+00 0.000000000000000000e+00 0.000000000000000000e+00
0.000000000000000000e+00 0.000000000000000000e+00 0.000000000000000000e+00 0.000000000000000000e+00 0.000000000000000000e+00
0.000000000000000000e+00 0.000000000000000000e+00 0.000000000000000000e+00 0.000000000000000000e+00 0.000000000000000000e+00
0.000000000000000000e+00 0.000000000000000000e+00 0.000000000000000000e+00 0.000000000000000000e+00 0.000000000000000000e+00
0.000000000000000000e+00 0.000000000000000000e+00 0.000000000000000000e+00 0.000000000000000000e+00 0.000000000000000000e+00
0.000000000000000000e+00 3.302997564628865762e-02 1.027563106607475235e-03 0.000000000000000000e+00 5.097667685583216236e-03
0.000000000000000000e+00 8.719033738420375879e-02 3.555071978581866073e-03 0.000000000000000000e+00 5.913995413432909451e-03
0.000000000000000000e+00 1.124312478368408585e-01 9.972941967927112517e-03 1.764900744412195577e-02 0.000000000000000000e+00
0.000000000000000000e+00 1.076020834875285187e-01 2.849445429999226606e-02 3.834094027652983766e-02 1.297584698139056612e-03
0.000000000000000000e+00 3.798204127346095638e-02 8.158868177193172311e-02 7.867125296717397687e-02 2.936429933190186706e-02
4.189072502900923443e-03 0.000000000000000000e+00 1.012281870291845132e-01 8.849887800403681559e-02 6.354035696809907929e-02
7.861830164788534414e-02 0.000000000000000000e+00 7.882926052011594853e-02 5.779510164259477056e-02 7.866892435889437374e-02
1.186498169955502863e-01 0.000000000000000000e+00 5.360801578607465173e-02 4.992922119555787824e-02 4.896213394682328440e-02
1.249050065073766952e-01 0.000000000000000000e+00 1.574248430038782676e-02 2.410311611864813727e-02 4.223174035318138370e-02
7.100437246926763479e-02 0.000000000000000000e+00 0.000000000000000000e+00 1.756323478279214409e-02 2.217171451918569305e-02
2.359799820561030853e-02 0.000000000000000000e+00 0.000000000000000000e+00 2.279208978304033545e-02 0.000000000000000000e+00
5.204949017292725792e-03 0.000000000000000000e+00 5.756515717658548283e-03 2.304663204799930684e-02 3.020396724631472726e-04
5.416910006584276134e-03 0.000000000000000000e+00 0.000000000000000000e+00 4.006711728926404953e-02 2.115464319156091372e-02
3.242310909404147456e-02 0.000000000000000000e+00 0.000000000000000000e+00 5.748112266804707854e-02 6.579477789881657546e-02
7.103204878082759743e-02 7.775095467384224301e-03 0.000000000000000000e+00 9.580187318038467514e-02 9.060331648357652923e-02
1.010445848147026454e-01 4.193568265615162799e-02 2.180593855546597917e-02 1.045203757354130625e-01 3.912901984116490262e-02
7.996863124782155330e-02 6.376959072439303267e-02 7.522496212189744291e-02 6.225205607836260119e-02 0.000000000000000000e+00
2.303906286268375680e-02 8.627860001956312586e-02 9.226531853334003774e-02 0.000000000000000000e+00 0.000000000000000000e+00
0.000000000000000000e+00 6.163096228008654864e-02 6.758456910482205093e-02 0.000000000000000000e+00 6.006615160077023556e-03
0.000000000000000000e+00 1.763283159430869759e-02 2.643184459180715831e-02 0.000000000000000000e+00 3.020991068895553973e-03
0.000000000000000000e+00 0.000000000000000000e+00 5.281497271004895460e-05 2.339065441638829329e-04 2.458818339817057941e-03
0.000000000000000000e+00 0.000000000000000000e+00 1.219239263625600570e-04 5.399757455698106891e-04 5.676208295109595910e-03
0.000000000000000000e+00 0.000000000000000000e+00 0.000000000000000000e+00 0.000000000000000000e+00 0.000000000000000000e+00
0.000000000000000000e+00 0.000000000000000000e+00 0.000000000000000000e+00 0.000000000000000000e+00 0.000000000000000000e+00
0.000000000000000000e+00 0.000000000000000000e+00 0.000000000000000000e+00 0.000000000000000000e+00 0.000000000000000000e+00
0.000000000000000000e+00 0.000000000000000000e+00 0.000000000000000000e+00 0.000000000000000000e+00 0.000000000000000000e+00
0.000000000000000000e+00 0.000000000000000000e+00 0.000000000000000000e+00 0.000000000000000000e+00 0.000000000000000000e+00
0.000000000000000000e+00 3.651872307504177954e-04 2.137038221371013276e-04 0.000000000000000000e+00 0.000000000000000000e+00
0.000000000000000000e+00 5.014512309997074674e-02 4.559741222414223291e-03 0.000000000000000000e+00 6.056804602978044065e-03
0.000000000000000000e+00 1.093696815444773762e-01 1.007237144271794921e-02 0.000000000000000000e+00 2.095120764405775885e-03
0.000000000000000000e+00 1.141528572035764716e-01 2.485274177918071065e-02 2.369399010050549093e-02 0.000000000000000000e+00
0.000000000000000000e+00 7.401256376512825585e-02 7.530908123063605186e-02 4.511993757424601764e-02 1.321885608452398782e-02
6.134583210592603995e-03 0.000000000000000000e+00 9.555962876756017577e-02 1.108820462099480014e-01 4.275586558427281469e-02
5.340172162266763889e-02 0.000000000000000000e+00 8.576950687405969498e-02 8.018638550510044649e-02 8.040087938711766580e-02
1.069378995194037035e-01 0.000000000000000000e+00 5.779203588270898084e-02 3.763763702638834446e-02 7.304278291166294013e-02
1.182317205835252405e-01 0.000000000000000000e+00 1.166853146925306284e-02 1.869396591072404815e-02 5.744491011493150362e-02
7.764617605836160452e-02 0.000000000000000000e+00 0.000000000000000000e+00 1.027330168229545482e-02 3.957311014855137421e-02
2.557236863103799426e-02 0.000000000000000000e+00 0.000000000000000000e+00 1.322114899982721609e-02 9.861072267679753603e-03
6.161491698746072131e-03 0.000000000000000000e+00 2.480687620979435924e-03 1.345972791554387801e-02 0.000000000000000000e+00
0.000000000000000000e+00 0.000000000000000000e+00 3.166619798898215668e-03 1.384599229764708894e-02 0.000000000000000000e+00
2.680401104867470401e-03 0.000000000000000000e+00 0.000000000000000000e+00 2.240178381960633569e-02 2.892252282987949411e-02
3.466543351723033739e-02 0.000000000000000000e+00 0.000000000000000000e+00 3.140160379832616921e-02 8.099367931080440897e-02
7.707314684933712357e-02 0.000000000000000000e+00 0.000000000000000000e+00 6.162356001310857756e-02 1.024750735543407398e-01
1.042598122871469940e-01 2.472858662793999199e-02 2.029856306552069514e-02 9.823898448474153999e-02 5.386500340847683727e-02
6.691143441666903835e-02 6.299959685483436100e-02 7.516662104862947835e-02 6.815532781670308182e-02 9.668600933115387760e-04
1.030175770415367453e-02 8.977293316613521590e-02 9.209968628229332765e-02 1.113049437047315335e-02 0.000000000000000000e+00
0.000000000000000000e+00 8.238781828636759785e-02 6.242863460621653204e-02 0.000000000000000000e+00 2.638547795358461151e-03
0.000000000000000000e+00 2.944613350680053143e-02 2.194580221184356042e-02 0.000000000000000000e+00 4.152688804890948028e-03
0.000000000000000000e+00 0.000000000000000000e+00 6.124289388718439969e-05 2.712320565304599950e-04 2.851182968511270163e-03
0.000000000000000000e+00 0.000000000000000000e+00 9.720202424296242344e-05 4.304875759611891291e-04 4.525272050939904527e-03
0.000000000000000000e+00 0.000000000000000000e+00 0.000000000000000000e+00 0.000000000000000000e+00 0.000000000000000000e+00
0.000000000000000000e+00 0.000000000000000000e+00 0.000000000000000000e+00 0.000000000000000000e+00 0.000000000000000000e+00
0.000000000000000000e+00 0.000000000000000000e+00 0.000000000000000000e+00 0.000000000000000000e+00 0.000000000000000000e+00
1.673836720055687328e-03 2.451361069087296097e-04 0.000000000000000000e+00 1.457564168929764036e-05 0.000000000000000000e+00
0.000000000000000000e+00 0.000000000000000000e+00 0.000000000000000000e+00 0.000000000000000000e+00 0.000000000000000000e+00
2.663811322810348634e-04 2.994761675671489109e-03 3.411721367336782457e-03 0.000000000000000000e+00 0.000000000000000000e+00
0.000000000000000000e+00 6.423894462764004332e-02 5.455001504698154050e-03 0.000000000000000000e+00 7.658007969366469568e-03
0.000000000000000000e+00 1.167948158702906691e-01 2.083529018970654845e-02 0.000000000000000000e+00 0.000000000000000000e+00
0.000000000000000000e+00 1.059036116210196887e-01 5.922670634493382158e-02 2.156658676688927995e-02 0.000000000000000000e+00
1.732251165438715868e-03 3.995012869666150074e-02 9.911254878598357854e-02 6.910827372495698118e-02 1.942542780727913448e-02
5.345782142378658480e-02 0.000000000000000000e+00 8.652977214233648073e-02 1.080344437987810768e-01 5.343670394510518368e-02
9.324954966176299265e-02 0.000000000000000000e+00 5.905420829662197391e-02 5.820245447971749558e-02 8.835618139429174400e-02
1.138206368467861995e-01 0.000000000000000000e+00 2.245517195962862950e-02 2.642047314229750352e-02 6.634789716162606266e-02
8.213626817926227008e-02 1.190662968607622649e-04 0.000000000000000000e+00 0.000000000000000000e+00 6.066933016515985849e-02
2.418977791095540744e-02 4.784727369377211881e-03 0.000000000000000000e+00 0.000000000000000000e+00 2.735539224264748812e-02
4.045948929005198889e-03 0.000000000000000000e+00 2.374900591588685367e-04 9.573565236741736484e-03 0.000000000000000000e+00
2.348516290491326017e-03 0.000000000000000000e+00 1.082987798030776976e-03 1.137343828568871708e-02 0.000000000000000000e+00
9.066591281515244205e-04 0.000000000000000000e+00 4.112932283230492903e-04 6.215739836092301802e-03 0.000000000000000000e+00
1.027805829677735580e-02 0.000000000000000000e+00 0.000000000000000000e+00 6.807312942454342907e-04 3.131725094212351596e-02
6.381658613657327506e-02 0.000000000000000000e+00 0.000000000000000000e+00 2.469755569609722104e-02 8.415116395007668504e-02
1.035582926278278970e-01 0.000000000000000000e+00 0.000000000000000000e+00 4.656921326908476655e-02 1.012998602758272138e-01
9.286209361257645456e-02 0.000000000000000000e+00 3.312136970285980975e-02 9.146519313417886266e-02 7.013424195727085975e-02
4.325153248530986400e-02 5.361203208791198715e-02 8.295156705086911830e-02 8.303432652949624404e-02 6.874036683805507912e-03
0.000000000000000000e+00 9.293145434115973602e-02 9.408991526758851698e-02 1.835667323343685015e-02 0.000000000000000000e+00
0.000000000000000000e+00 9.735675962120693416e-02 4.764519397415907520e-02 0.000000000000000000e+00 0.000000000000000000e+00
0.000000000000000000e+00 3.968490504443395600e-02 1.228142913836538681e-02 0.000000000000000000e+00 3.513868414816824406e-03
0.000000000000000000e+00 0.000000000000000000e+00 1.741770376607995781e-05 7.713939222425925070e-05 8.108868993013702712e-04
0.000000000000000000e+00 0.000000000000000000e+00 1.123722823618060362e-05 4.976734982210265451e-05 5.231528382589490517e-04
0.000000000000000000e+00 0.000000000000000000e+00 0.000000000000000000e+00 0.000000000000000000e+00 0.000000000000000000e+00
0.000000000000000000e+00 0.000000000000000000e+00 0.000000000000000000e+00 0.000000000000000000e+00 0.000000000000000000e+00
0.000000000000000000e+00 0.000000000000000000e+00 0.000000000000000000e+00 0.000000000000000000e+00 0.000000000000000000e+00
0.000000000000000000e+00 0.000000000000000000e+00 0.000000000000000000e+00 0.000000000000000000e+00 0.000000000000000000e+00
0.000000000000000000e+00 0.000000000000000000e+00 0.000000000000000000e+00 0.000000000000000000e+00 0.000000000000000000e+00
0.000000000000000000e+00 5.387092275888482641e-03 3.784261416704947593e-03 0.000000000000000000e+00 0.000000000000000000e+00
0.000000000000000000e+00 7.503504299766741714e-02 1.595486117365842518e-02 0.000000000000000000e+00 8.141800166911442385e-03
0.000000000000000000e+00 1.176033461546488468e-01 4.659304887280855956e-02 0.000000000000000000e+00 0.000000000000000000e+00
2.866343472820266809e-03 8.198915964227884712e-02 9.269502858687363178e-02 3.379583395538005713e-02 0.000000000000000000e+00
3.816989123472876860e-02 2.527998062249661379e-02 9.348771224503700517e-02 9.680942863519111097e-02 2.360517957678750708e-02
7.862243302216642693e-02 0.000000000000000000e+00 6.464400253212125580e-02 9.717665807651404419e-02 7.712457766357067035e-02
1.000106975192186082e-01 0.000000000000000000e+00 2.882215208706528919e-02 3.590737739316744725e-02 9.672522278310305421e-02
8.289120547706391173e-02 0.000000000000000000e+00 0.000000000000000000e+00 9.799428866487330456e-03 7.400906154546499360e-02
2.728189658015215888e-02 4.561889999363087471e-03 0.000000000000000000e+00 0.000000000000000000e+00 4.539631631134184719e-02
9.255644882820450794e-03 5.053932963374149247e-03 0.000000000000000000e+00 0.000000000000000000e+00 1.276722180296272109e-02
8.040287595298866103e-04 0.000000000000000000e+00 1.019262504048240050e-04 2.949584381328411442e-03 0.000000000000000000e+00
6.817621545021767138e-04 0.000000000000000000e+00 1.983015988231824850e-04 3.155526639980012638e-03 0.000000000000000000e+00
8.077606097046089242e-03 6.071336166358648088e-04 0.000000000000000000e+00 3.714177864683166036e-04 0.000000000000000000e+00
4.138437077733411046e-02 5.901120103087853508e-04 0.000000000000000000e+00 0.000000000000000000e+00 2.905658786335432384e-02
9.387081202436102501e-02 0.000000000000000000e+00 0.000000000000000000e+00 7.867125706316599812e-03 7.565111265633628346e-02
1.059840129434052869e-01 0.000000000000000000e+00 1.399503932544345639e-03 3.370449201734072864e-02 1.044659060169933207e-01
6.654913439460928559e-02 0.000000000000000000e+00 6.386201697181109749e-02 7.390194222220336506e-02 7.552657588362797492e-02
7.668482776177909174e-03 3.806625965147712037e-02 1.019351040034346817e-01 7.680215504681472960e-02 8.901392659995942605e-03
0.000000000000000000e+00 9.112270312476752898e-02 8.775794660740919573e-02 1.903240337797773227e-02 0.000000000000000000e+00
0.000000000000000000e+00 1.109223578836404933e-01 3.227810927579851524e-02 0.000000000000000000e+00 0.000000000000000000e+00
0.000000000000000000e+00 5.507998952810151672e-02 4.435002688913146536e-03 0.000000000000000000e+00 3.467206334714466234e-03
0.000000000000000000e+00 0.000000000000000000e+00 0.000000000000000000e+00 0.000000000000000000e+00 0.000000000000000000e+00
0.000000000000000000e+00 0.000000000000000000e+00 0.000000000000000000e+00 0.000000000000000000e+00 0.000000000000000000e+00
0.000000000000000000e+00 0.000000000000000000e+00 0.000000000000000000e+00 0.000000000000000000e+00 0.000000000000000000e+00
0.000000000000000000e+00 0.000000000000000000e+00 0.000000000000000000e+00 0.000000000000000000e+00 0.000000000000000000e+00
0.000000000000000000e+00 0.000000000000000000e+00 0.000000000000000000e+00 0.000000000000000000e+00 0.000000000000000000e+00
0.000000000000000000e+00 0.000000000000000000e+00 0.000000000000000000e+00 0.000000000000000000e+00 0.000000000000000000e+00
0.000000000000000000e+00 0.000000000000000000e+00 0.000000000000000000e+00 0.000000000000000000e+00 0.000000000000000000e+00
0.000000000000000000e+00 5.799677153839799884e-03 3.981743513169116837e-03 0.000000000000000000e+00 9.543698282983625934e-05
0.000000000000000000e+00 7.588749744102837869e-02 4.184141101627852216e-02 0.000000000000000000e+00 2.909018853347588966e-03
3.174664904202967059e-03 1.045527488567624119e-01 8.020124978075518496e-02 0.000000000000000000e+00 0.000000000000000000e+00
3.063094754567702305e-02 7.210439845672782233e-02 9.948771675502225686e-02 4.049229631891863856e-02 1.467571714772968007e-03
7.484427550650034344e-02 1.699546570814557817e-02 7.703066074517482542e-02 1.100331155470056221e-01 3.837771671675201807e-02
9.253059749311841331e-02 0.000000000000000000e+00 3.418032245117293144e-02 9.069272363758486277e-02 9.330514183050277188e-02
8.568184742224820016e-02 0.000000000000000000e+00 1.078539610326422317e-03 3.359553114431453741e-02 9.664312285876075492e-02
3.687784507641028026e-02 0.000000000000000000e+00 0.000000000000000000e+00 0.000000000000000000e+00 6.155105620274097661e-02
9.387100350776340918e-03 1.219195405384483318e-03 0.000000000000000000e+00 0.000000000000000000e+00 2.511342073891285886e-02
6.694349301706131912e-03 5.093176559437203633e-04 0.000000000000000000e+00 0.000000000000000000e+00 2.758530140759347243e-03
0.000000000000000000e+00 0.000000000000000000e+00 0.000000000000000000e+00 0.000000000000000000e+00 0.000000000000000000e+00
9.042044228506910175e-04 6.350351038172454574e-05 0.000000000000000000e+00 7.674704069589687711e-05 0.000000000000000000e+00
2.909726996417993580e-02 2.382370536819322041e-03 0.000000000000000000e+00 1.724665188776807292e-04 0.000000000000000000e+00
7.717064286168280607e-02 2.660750492965486928e-03 0.000000000000000000e+00 0.000000000000000000e+00 2.776334725803747058e-02
1.044912939480727720e-01 0.000000000000000000e+00 0.000000000000000000e+00 0.000000000000000000e+00 8.706881074545103072e-02
8.375309141665034096e-02 0.000000000000000000e+00 3.528925089642040436e-02 1.406927217354370097e-02 1.149823122247972534e-01
3.028048856557752702e-02 0.000000000000000000e+00 9.344989545579585055e-02 7.330170563322600807e-02 7.354924221530959039e-02
0.000000000000000000e+00 3.894348452452089937e-02 1.095575539869716175e-01 6.547204746603714487e-02 0.000000000000000000e+00
0.000000000000000000e+00 8.726104386774602428e-02 6.537981561581977796e-02 2.475432014886037868e-02 0.000000000000000000e+00
0.000000000000000000e+00 1.132456169166927845e-01 1.408550383750374439e-02 0.000000000000000000e+00 0.000000000000000000e+00
2.997447675164963739e-03 6.440766777149660449e-02 0.000000000000000000e+00 0.000000000000000000e+00 1.184371717686342898e-03
0.000000000000000000e+00 0.000000000000000000e+00 0.000000000000000000e+00 0.000000000000000000e+00 0.000000000000000000e+00
0.000000000000000000e+00 0.000000000000000000e+00 0.000000000000000000e+00 0.000000000000000000e+00 0.000000000000000000e+00
0.000000000000000000e+00 0.000000000000000000e+00 0.000000000000000000e+00 0.000000000000000000e+00 0.000000000000000000e+00
0.000000000000000000e+00 0.000000000000000000e+00 0.000000000000000000e+00 0.000000000000000000e+00 0.000000000000000000e+00
0.000000000000000000e+00 0.000000000000000000e+00 0.000000000000000000e+00 0.000000000000000000e+00 0.000000000000000000e+00
0.000000000000000000e+00 0.000000000000000000e+00 0.000000000000000000e+00 0.000000000000000000e+00 0.000000000000000000e+00
0.000000000000000000e+00 0.000000000000000000e+00 0.000000000000000000e+00 0.000000000000000000e+00 0.000000000000000000e+00
0.000000000000000000e+00 5.291737215061092549e-03 1.041813454756414757e-02 0.000000000000000000e+00 2.495458580450399103e-04
0.000000000000000000e+00 6.810436287615212470e-02 6.815424349764877265e-02 0.000000000000000000e+00 0.000000000000000000e+00
3.317996125550348729e-02 9.492049732440280274e-02 9.307572300539743160e-02 0.000000000000000000e+00 0.000000000000000000e+00
7.053125747992199102e-02 6.893122501688658810e-02 9.093140650664126301e-02 4.822673613778341584e-02 9.476114942096405119e-03
9.237005852797870731e-02 2.289586290870641166e-02 5.113634862153258048e-02 1.029312951201096921e-01 5.828983323966258762e-02
8.409626646833952279e-02 0.000000000000000000e+00 5.493879793526173713e-03 8.165868492013918234e-02 1.062112063471663398e-01
3.434560167360739547e-02 0.000000000000000000e+00 0.000000000000000000e+00 2.831924255293534476e-02 1.003783774619342595e-01
7.211804618579040031e-03 0.000000000000000000e+00 0.000000000000000000e+00 2.797964446985029292e-03 4.836727340236975092e-02
5.116040508373075925e-03 6.257274975997656127e-04 0.000000000000000000e+00 0.000000000000000000e+00 1.473615517541003103e-02
3.511821827668219266e-04 4.638630869861904137e-05 0.000000000000000000e+00 0.000000000000000000e+00 7.370631011753824577e-05
2.102366590415411050e-03 9.003764860671708745e-05 0.000000000000000000e+00 2.383297965761230577e-04 0.000000000000000000e+00
2.287867853289010309e-02 1.645521236011872638e-03 0.000000000000000000e+00 9.626251889769319153e-04 0.000000000000000000e+00
7.031235450985957869e-02 5.707495775519466283e-03 0.000000000000000000e+00 0.000000000000000000e+00 2.898609329730522308e-03
1.048561332782229627e-01 6.647512437461296740e-03 0.000000000000000000e+00 0.000000000000000000e+00 4.757066736039107513e-02
8.537765228752762503e-02 0.000000000000000000e+00 2.284719961239611852e-02 0.000000000000000000e+00 1.123497746825591337e-01
4.491853361161395053e-02 0.000000000000000000e+00 7.697854315071353537e-02 1.138460281294150118e-02 1.166276416158323337e-01
0.000000000000000000e+00 0.000000000000000000e+00 1.111674587600327418e-01 8.068997026025846731e-02 5.703003920275056399e-02
0.000000000000000000e+00 4.386200356286794333e-02 9.812474358296906229e-02 6.966078149470138203e-02 0.000000000000000000e+00
0.000000000000000000e+00 8.708647657528159614e-02 3.707207038724948112e-02 3.423193514024801959e-02 0.000000000000000000e+00
3.093546913244378093e-03 1.077530197253931815e-01 0.000000000000000000e+00 0.000000000000000000e+00 0.000000000000000000e+00
5.417156122509874869e-03 6.480138685078187799e-02 0.000000000000000000e+00 0.000000000000000000e+00 5.847895516375369203e-04
0.000000000000000000e+00 0.000000000000000000e+00 0.000000000000000000e+00 0.000000000000000000e+00 0.000000000000000000e+00
0.000000000000000000e+00 0.000000000000000000e+00 0.000000000000000000e+00 0.000000000000000000e+00 0.000000000000000000e+00
0.000000000000000000e+00 0.000000000000000000e+00 0.000000000000000000e+00 0.000000000000000000e+00 0.000000000000000000e+00
0.000000000000000000e+00 0.000000000000000000e+00 0.000000000000000000e+00 0.000000000000000000e+00 0.000000000000000000e+00
0.000000000000000000e+00 0.000000000000000000e+00 0.000000000000000000e+00 0.000000000000000000e+00 0.000000000000000000e+00
0.000000000000000000e+00 0.000000000000000000e+00 0.000000000000000000e+00 0.000000000000000000e+00 0.000000000000000000e+00
0.000000000000000000e+00 0.000000000000000000e+00 0.000000000000000000e+00 0.000000000000000000e+00 0.000000000000000000e+00
6.231734268427511179e-04 5.636932566610834304e-04 2.794247600971152753e-02 0.000000000000000000e+00 0.000000000000000000e+00
9.441489391209680060e-03 5.324367588981849392e-02 8.585520670943469490e-02 0.000000000000000000e+00 0.000000000000000000e+00
5.913058001139999409e-02 8.591200773172021077e-02 9.844251610376617001e-02 0.000000000000000000e+00 0.000000000000000000e+00
9.168534793289416507e-02 8.108710306016744807e-02 7.586725901644673919e-02 4.443225530808019713e-02 1.455438909524232882e-02
9.515109002796715010e-02 3.745272581811462387e-02 2.828763711316669219e-02 9.908128907934242446e-02 6.942372416469479168e-02
4.546570210200726742e-02 1.683312721864801617e-02 0.000000000000000000e+00 7.688006090862060937e-02 1.137263407546521277e-01
5.643051045743517971e-03 0.000000000000000000e+00 0.000000000000000000e+00 3.334572262791441616e-02 9.031790838823951229e-02
7.711807797238810769e-03 0.000000000000000000e+00 0.000000000000000000e+00 9.685151908138763324e-03 3.707236785012112124e-02
3.730360296767480221e-03 0.000000000000000000e+00 0.000000000000000000e+00 1.518562785031763547e-03 9.049641331281051831e-03
5.588542102799390690e-03 2.437424967408585144e-04 0.000000000000000000e+00 6.607545772871570387e-04 0.000000000000000000e+00
3.365359462284776143e-02 2.447747844365222823e-03 0.000000000000000000e+00 1.082675162843619839e-03 0.000000000000000000e+00
7.044742165784584342e-02 4.684711383035101290e-03 0.000000000000000000e+00 0.000000000000000000e+00 0.000000000000000000e+00
1.056837274687699862e-01 6.913351834254894204e-03 0.000000000000000000e+00 0.000000000000000000e+00 3.329094423794273089e-02
9.494979065668156248e-02 1.315283897495865811e-03 2.134820392045349777e-02 0.000000000000000000e+00 7.747660970750595844e-02
4.247663212833881208e-02 0.000000000000000000e+00 8.013693613181430142e-02 0.000000000000000000e+00 1.310366402798814611e-01
3.082788747671405191e-03 0.000000000000000000e+00 1.092406484521006999e-01 3.602321822569467397e-02 1.003625691674541742e-01
0.000000000000000000e+00 0.000000000000000000e+00 1.068760834305905461e-01 9.485920113532432529e-02 2.371635459830922360e-02
0.000000000000000000e+00 4.323159045717612364e-02 6.141239733947811280e-02 7.647584297855421209e-02 0.000000000000000000e+00
0.000000000000000000e+00 9.096219502919078437e-02 1.072479644026529989e-02 3.116081231672488544e-02 0.000000000000000000e+00
3.477211019419816466e-03 1.008853616410384096e-01 0.000000000000000000e+00 0.000000000000000000e+00 0.000000000000000000e+00
5.832104944574748560e-03 5.929954284023646743e-02 0.000000000000000000e+00 0.000000000000000000e+00 1.270835030474921196e-04
0.000000000000000000e+00 0.000000000000000000e+00 0.000000000000000000e+00 0.000000000000000000e+00 0.000000000000000000e+00
0.000000000000000000e+00 0.000000000000000000e+00 0.000000000000000000e+00 0.000000000000000000e+00 0.000000000000000000e+00
0.000000000000000000e+00 0.000000000000000000e+00 0.000000000000000000e+00 0.000000000000000000e+00 0.000000000000000000e+00
0.000000000000000000e+00 0.000000000000000000e+00 0.000000000000000000e+00 0.000000000000000000e+00 0.000000000000000000e+00
0.000000000000000000e+00 0.000000000000000000e+00 0.000000000000000000e+00 0.000000000000000000e+00 0.000000000000000000e+00
0.000000000000000000e+00 0.000000000000000000e+00 0.000000000000000000e+00 0.000000000000000000e+00 0.000000000000000000e+00
0.000000000000000000e+00 0.000000000000000000e+00 0.000000000000000000e+00 0.000000000000000000e+00 0.000000000000000000e+00
1.040666193706301680e-02 0.000000000000000000e+00 3.814779817255643801e-02 0.000000000000000000e+00 0.000000000000000000e+00
3.688497121504610149e-02 2.507462338768133223e-02 8.682946455033904720e-02 0.000000000000000000e+00 0.000000000000000000e+00
8.304624264406382239e-02 7.069533384951201538e-02 9.605362348285537144e-02 2.683444202837524228e-03 0.000000000000000000e+00
1.014759965394797236e-01 8.519334369306252874e-02 6.495339101452050901e-02 4.307612853150783599e-02 2.179819178417014350e-02
6.847485997546745584e-02 6.329929219601734824e-02 1.656585099187701457e-02 8.274582479353854991e-02 7.898807697431077524e-02
0.000000000000000000e+00 4.821335731978981104e-02 0.000000000000000000e+00 5.919013813096457577e-02 1.180945880450973012e-01
0.000000000000000000e+00 2.519755924279010531e-02 0.000000000000000000e+00 2.313722092250642196e-02 9.375807961183142691e-02
5.591927927653181710e-03 1.068395193717562239e-02 0.000000000000000000e+00 4.657298280340488490e-03 4.049286579241211104e-02
2.227904080080218494e-02 7.392192229429977741e-04 0.000000000000000000e+00 1.750268015217109393e-03 7.225215354439607114e-03
4.894116017312134109e-02 2.652951026727638079e-03 0.000000000000000000e+00 1.468865814334770377e-04 0.000000000000000000e+00
7.830529412563147496e-02 5.775333159372256393e-03 0.000000000000000000e+00 0.000000000000000000e+00 1.116899541716060160e-05
1.024240912514615826e-01 6.763084630771220782e-03 0.000000000000000000e+00 0.000000000000000000e+00 2.984705505302259754e-02
8.923854906650395546e-02 4.348669794495430702e-03 3.188849593676283678e-02 0.000000000000000000e+00 7.795546818954221524e-02
4.810320247084502038e-02 0.000000000000000000e+00 7.902329077114508826e-02 0.000000000000000000e+00 1.225990911033463387e-01
3.528368169828396614e-03 0.000000000000000000e+00 1.125825611092089173e-01 0.000000000000000000e+00 1.214200008205583992e-01
0.000000000000000000e+00 0.000000000000000000e+00 1.082901532886111767e-01 7.091184489614700548e-02 6.844367007789980972e-02
0.000000000000000000e+00 1.832574338614314374e-02 6.966995500844726241e-02 1.007147421201314147e-01 0.000000000000000000e+00
0.000000000000000000e+00 6.977191551234558642e-02 2.019937428991389061e-02 6.336477585103228449e-02 0.000000000000000000e+00
8.712708838891453046e-04 9.968356509573923774e-02 0.000000000000000000e+00 1.210792561626206770e-02 0.000000000000000000e+00
7.326789799587980247e-03 8.320605769035677168e-02 0.000000000000000000e+00 0.000000000000000000e+00 0.000000000000000000e+00
4.250309186014095478e-03 4.311382097433827387e-02 0.000000000000000000e+00 0.000000000000000000e+00 2.228830220529976879e-03
3.336200673738960341e-04 2.119827350416028135e-03 0.000000000000000000e+00 4.762272284138448241e-04 0.000000000000000000e+00
0.000000000000000000e+00 0.000000000000000000e+00 0.000000000000000000e+00 0.000000000000000000e+00 0.000000000000000000e+00
0.000000000000000000e+00 0.000000000000000000e+00 0.000000000000000000e+00 0.000000000000000000e+00 0.000000000000000000e+00
0.000000000000000000e+00 0.000000000000000000e+00 0.000000000000000000e+00 0.000000000000000000e+00 0.000000000000000000e+00
0.000000000000000000e+00 0.000000000000000000e+00 0.000000000000000000e+00 0.000000000000000000e+00 0.000000000000000000e+00
0.000000000000000000e+00 0.000000000000000000e+00 0.000000000000000000e+00 0.000000000000000000e+00 0.000000000000000000e+00
0.000000000000000000e+00 0.000000000000000000e+00 0.000000000000000000e+00 0.000000000000000000e+00 0.000000000000000000e+00
1.720856722686855272e-02 0.000000000000000000e+00 3.976425013996170293e-02 0.000000000000000000e+00 0.000000000000000000e+00
5.960439665232031281e-02 6.446372724063243950e-03 7.934666289620007085e-02 0.000000000000000000e+00 0.000000000000000000e+00
9.794136429495584051e-02 5.469310665435608149e-02 9.087203653455694363e-02 7.259479621202720445e-03 0.000000000000000000e+00
9.051115574621572402e-02 7.975409996693555437e-02 6.932986815113338641e-02 3.186963661569151146e-02 1.773732846483338371e-02
2.599194449197626822e-02 8.368171840374757919e-02 3.227565420052154466e-02 6.556940146629194888e-02 7.673198984273151002e-02
0.000000000000000000e+00 7.640536356521472616e-02 3.440461316004357790e-03 5.052459956708842820e-02 1.178837999335620446e-01
6.678971191984815758e-03 6.581967322277453014e-02 0.000000000000000000e+00 1.212414466134166015e-02 1.105569912404884281e-01
3.735957987317840845e-02 5.071136457629146777e-02 0.000000000000000000e+00 0.000000000000000000e+00 6.569150533328010910e-02
6.552445736334781834e-02 3.401745508656192629e-02 0.000000000000000000e+00 0.000000000000000000e+00 2.786009667377133125e-02
8.712922283509987043e-02 1.887749350347842428e-02 5.098141049391318770e-03 0.000000000000000000e+00 1.805585156365878061e-02
1.038484802800098417e-01 1.139610923465545281e-02 1.905645485335346820e-02 0.000000000000000000e+00 4.127354333561338018e-02
7.493622238371812350e-02 7.484091111461760835e-03 4.259004368727025563e-02 0.000000000000000000e+00 9.237963729292276993e-02
3.397100562960998771e-02 0.000000000000000000e+00 9.356496753967073754e-02 0.000000000000000000e+00 1.147092438274209397e-01
0.000000000000000000e+00 0.000000000000000000e+00 1.136561875815362832e-01 0.000000000000000000e+00 1.232454930632147644e-01
0.000000000000000000e+00 0.000000000000000000e+00 1.062398190094387407e-01 4.558428047364114499e-02 9.136442741989168892e-02
0.000000000000000000e+00 1.146363280100257467e-02 7.254293484939293435e-02 1.131500315141854840e-01 1.702355167535572755e-02
0.000000000000000000e+00 5.166545870306950977e-02 2.385674090849610254e-02 9.843898085232581641e-02 0.000000000000000000e+00
0.000000000000000000e+00 9.351851290679823181e-02 3.475597275620139100e-03 3.968811333708505140e-02 0.000000000000000000e+00
5.367124339108553764e-03 9.117865818865059091e-02 0.000000000000000000e+00 2.730684223273227747e-03 0.000000000000000000e+00
9.239788225181063547e-03 6.833988276242082549e-02 0.000000000000000000e+00 3.064461766805565645e-04 0.000000000000000000e+00
2.784746703345507540e-03 2.105600150426685177e-02 0.000000000000000000e+00 0.000000000000000000e+00 0.000000000000000000e+00
1.965159300969526333e-04 1.248665425587523487e-03 0.000000000000000000e+00 2.805174085177441394e-04 0.000000000000000000e+00
0.000000000000000000e+00 0.000000000000000000e+00 0.000000000000000000e+00 0.000000000000000000e+00 0.000000000000000000e+00
0.000000000000000000e+00 0.000000000000000000e+00 0.000000000000000000e+00 0.000000000000000000e+00 0.000000000000000000e+00
0.000000000000000000e+00 0.000000000000000000e+00 0.000000000000000000e+00 0.000000000000000000e+00 0.000000000000000000e+00
0.000000000000000000e+00 0.000000000000000000e+00 0.000000000000000000e+00 0.000000000000000000e+00 0.000000000000000000e+00
0.000000000000000000e+00 0.000000000000000000e+00 0.000000000000000000e+00 0.000000000000000000e+00 0.000000000000000000e+00
0.000000000000000000e+00 0.000000000000000000e+00 0.000000000000000000e+00 0.000000000000000000e+00 0.000000000000000000e+00
2.909919846630381821e-02 0.000000000000000000e+00 3.579734962971017204e-02 0.000000000000000000e+00 0.000000000000000000e+00
7.334341798354659936e-02 0.000000000000000000e+00 6.221919560862181064e-02 2.422250248842869411e-03 0.000000000000000000e+00
1.101180138903719574e-01 2.040352844435958102e-02 8.617315534488251272e-02 6.668994905657767668e-03 0.000000000000000000e+00
7.304382786178099940e-02 5.351730891694744113e-02 8.550034670708459017e-02 2.472536996654114971e-02 6.322821438220861678e-03
2.606524862345145979e-02 7.957676309180593266e-02 6.058285556536696648e-02 5.244815068641774797e-02 5.713489201326204386e-02
1.794500556603442765e-02 9.155129234700105922e-02 2.965611544312005826e-02 4.403809641294514216e-02 1.010525292673367243e-01
3.529125365873144599e-02 8.908478329538332963e-02 2.452047516067591693e-02 7.505768279894674613e-03 1.129977206658326488e-01
5.889123397883440358e-02 8.014521175714796331e-02 2.464585277294882582e-02 0.000000000000000000e+00 1.078041974285549043e-01
7.474355096393493769e-02 7.550857502856046788e-02 4.065552836521733188e-02 0.000000000000000000e+00 9.300965508981574870e-02
7.694290378823585852e-02 6.930593281292107832e-02 5.626157658340003725e-02 0.000000000000000000e+00 9.924112833240493481e-02
5.549052737416313580e-02 5.252775925166029702e-02 7.643804573366277944e-02 0.000000000000000000e+00 1.146716086717570610e-01
2.785654737861514504e-02 3.765276178451484185e-02 9.519544290786517704e-02 0.000000000000000000e+00 1.259795690837359483e-01
0.000000000000000000e+00 1.429834063191353505e-02 1.105236170362343673e-01 0.000000000000000000e+00 1.185753599344015335e-01
0.000000000000000000e+00 1.707121506004572603e-02 9.849256997364606858e-02 4.431509752787974460e-02 9.983279743113693261e-02
0.000000000000000000e+00 3.683750299165663294e-02 6.121756183095752868e-02 9.422963882820777071e-02 3.675947342269083457e-02
0.000000000000000000e+00 6.221943136869952790e-02 1.329238156246511683e-02 1.032203042304995905e-01 0.000000000000000000e+00
2.355514972714183464e-04 9.413318123936192938e-02 0.000000000000000000e+00 6.861305579223844764e-02 0.000000000000000000e+00
4.693660927995090167e-03 9.434770086591429128e-02 0.000000000000000000e+00 1.430785754951927925e-02 0.000000000000000000e+00
8.365438811624961030e-03 7.972869114387283462e-02 0.000000000000000000e+00 0.000000000000000000e+00 0.000000000000000000e+00
5.069885157435075063e-03 3.823520574383466181e-02 0.000000000000000000e+00 8.333892148067990023e-04 0.000000000000000000e+00
8.472356251334670204e-04 4.451913695258935544e-03 0.000000000000000000e+00 1.275846798057520210e-03 0.000000000000000000e+00
0.000000000000000000e+00 0.000000000000000000e+00 3.539726894396886804e-05 1.567671519396238720e-04 1.647931440515689079e-03
0.000000000000000000e+00 0.000000000000000000e+00 8.090804330050046535e-05 3.583249187191402943e-04 3.766700435464427968e-03
0.000000000000000000e+00 0.000000000000000000e+00 0.000000000000000000e+00 0.000000000000000000e+00 0.000000000000000000e+00
0.000000000000000000e+00 0.000000000000000000e+00 0.000000000000000000e+00 0.000000000000000000e+00 0.000000000000000000e+00
0.000000000000000000e+00 0.000000000000000000e+00 0.000000000000000000e+00 0.000000000000000000e+00 0.000000000000000000e+00
0.000000000000000000e+00 0.000000000000000000e+00 0.000000000000000000e+00 0.000000000000000000e+00 0.000000000000000000e+00
0.000000000000000000e+00 0.000000000000000000e+00 0.000000000000000000e+00 0.000000000000000000e+00 0.000000000000000000e+00
2.392558382732427533e-02 0.000000000000000000e+00 2.541366086247925926e-02 0.000000000000000000e+00 0.000000000000000000e+00
9.024844255639828672e-02 0.000000000000000000e+00 4.057895955288705336e-02 2.772019389611212348e-03 0.000000000000000000e+00
1.158642661725768908e-01 0.000000000000000000e+00 6.729447271636494754e-02 5.802896848920938849e-03 0.000000000000000000e+00
9.760986907161589565e-02 1.599474382213455018e-02 9.378218608983895921e-02 2.401418070971553589e-02 0.000000000000000000e+00
7.337418571107967580e-02 4.098551886334676764e-02 9.615012167967929013e-02 5.453120768325363937e-02 1.280819980740606837e-02
7.209567642413221289e-02 5.893827693538571111e-02 8.313181956831425246e-02 5.890864735105461741e-02 6.353227408545435162e-02
7.019883189470391138e-02 8.231553840125016563e-02 7.253768805015106680e-02 3.370824481272319262e-02 1.002313057987274242e-01
6.557960456809598659e-02 8.808301257977005361e-02 7.726260879571392182e-02 0.000000000000000000e+00 1.174867936548138481e-01
5.680558354771858554e-02 8.163181394690220694e-02 8.418049031330522569e-02 0.000000000000000000e+00 1.197407923054299439e-01
3.496828839175535747e-02 7.712371006306420473e-02 9.179935332983114871e-02 0.000000000000000000e+00 1.282201489712232745e-01
1.073990436194395721e-02 6.457974136926637743e-02 1.014363291595257455e-01 0.000000000000000000e+00 1.249030938383927924e-01
0.000000000000000000e+00 5.436703494808509812e-02 1.021686066641890323e-01 1.048124730707490279e-02 1.197638395328956551e-01
0.000000000000000000e+00 5.634282213361545277e-02 7.586040428506315991e-02 5.596804939946464080e-02 1.028848284053546502e-01
0.000000000000000000e+00 6.566368580755647943e-02 3.710066124638866647e-02 9.779250412085112310e-02 5.650397706728755437e-02
0.000000000000000000e+00 7.822662099324488583e-02 2.330292250082311931e-03 1.097253592949799655e-01 4.988403917609358050e-03
4.698198795155705820e-03 9.486512915322742323e-02 0.000000000000000000e+00 7.503683153747876811e-02 0.000000000000000000e+00
9.173539592013627009e-03 9.493187216835805020e-02 0.000000000000000000e+00 3.395689819913263324e-02 0.000000000000000000e+00
9.816224200797257424e-03 7.802191688643221601e-02 0.000000000000000000e+00 4.137644155341296467e-03 0.000000000000000000e+00
5.732904927938763627e-03 4.379259615141137957e-02 0.000000000000000000e+00 2.457814165389857631e-03 0.000000000000000000e+00
1.856822389782828570e-03 1.052758866499172753e-02 0.000000000000000000e+00 2.694137830906908043e-03 0.000000000000000000e+00
5.072853079246915017e-04 3.223299121865468020e-03 0.000000000000000000e+00 7.241263336155718666e-04 0.000000000000000000e+00
0.000000000000000000e+00 0.000000000000000000e+00 6.124289388718439969e-05 2.712320565304599950e-04 2.851182968511270163e-03
0.000000000000000000e+00 0.000000000000000000e+00 1.410272143640663232e-04 6.245802402673903070e-04 6.565568120149805828e-03
0.000000000000000000e+00 0.000000000000000000e+00 0.000000000000000000e+00 0.000000000000000000e+00 0.000000000000000000e+00
0.000000000000000000e+00 0.000000000000000000e+00 0.000000000000000000e+00 0.000000000000000000e+00 0.000000000000000000e+00
0.000000000000000000e+00 0.000000000000000000e+00 0.000000000000000000e+00 0.000000000000000000e+00 0.000000000000000000e+00
0.000000000000000000e+00 0.000000000000000000e+00 0.000000000000000000e+00 0.000000000000000000e+00 0.000000000000000000e+00
0.000000000000000000e+00 0.000000000000000000e+00 0.000000000000000000e+00 0.000000000000000000e+00 0.000000000000000000e+00
2.105343083838830121e-02 0.000000000000000000e+00 1.196947834909339176e-02 0.000000000000000000e+00 0.000000000000000000e+00
7.512122580583463494e-02 0.000000000000000000e+00 2.265110934975255938e-02 1.160190178585886710e-03 0.000000000000000000e+00
1.126402967770789715e-01 0.000000000000000000e+00 3.821254423196917410e-02 3.320223830154759789e-03 0.000000000000000000e+00
1.039479804985091599e-01 0.000000000000000000e+00 6.637814536362683648e-02 2.323528513537844939e-02 0.000000000000000000e+00
8.922031511155197048e-02 0.000000000000000000e+00 8.860617922503420674e-02 5.129131392142997903e-02 0.000000000000000000e+00
8.321362373973942295e-02 2.129836390446195743e-02 9.305005211395143971e-02 7.238281191452269892e-02 1.271986775982605206e-02
6.517005168884866528e-02 3.829385619083065101e-02 9.151463124533218418e-02 8.309151571589606933e-02 5.679894976813371771e-02
4.742214134759497463e-02 5.381495193055464699e-02 8.698310667807265806e-02 7.660874541950682404e-02 8.633308848861312446e-02
2.870055595317963157e-02 6.600749030225426528e-02 8.720855553684030148e-02 4.998559625958530483e-02 1.051299694024028647e-01
3.238349912753197418e-03 7.278204708050878269e-02 8.206983515142707297e-02 5.164876595362616341e-02 1.046149305057526846e-01
0.000000000000000000e+00 7.403076478006458128e-02 6.362391115763324501e-02 7.550212573594577981e-02 9.465692086811383632e-02
0.000000000000000000e+00 7.692668574364255885e-02 4.285250529343939685e-02 9.496948263643277544e-02 7.976199519276534755e-02
0.000000000000000000e+00 8.226956645710298277e-02 8.472085465114730443e-03 1.160443947731703979e-01 3.924087222003257158e-02
0.000000000000000000e+00 8.986931329989331085e-02 0.000000000000000000e+00 1.017716500895587545e-01 4.407097371492287897e-03
8.492876794754354239e-03 9.006804324196489298e-02 0.000000000000000000e+00 6.830476298697585325e-02 0.000000000000000000e+00
1.108742944253427939e-02 8.427283095262022572e-02 0.000000000000000000e+00 4.426233191065329781e-02 0.000000000000000000e+00
9.919728196357266437e-03 6.382006454123066719e-02 0.000000000000000000e+00 1.570027703691913995e-02 0.000000000000000000e+00
4.375867573820827090e-03 3.618075736298449058e-02 0.000000000000000000e+00 1.794649616825872438e-03 9.047877523317365909e-05
9.541861969750099672e-04 1.217778693836450883e-02 0.000000000000000000e+00 0.000000000000000000e+00 1.358639689245673150e-03
6.855206863847179526e-05 4.355809624142522153e-04 0.000000000000000000e+00 9.785490994805013905e-05 0.000000000000000000e+00
5.027151700154598545e-05 3.194260391037849218e-04 0.000000000000000000e+00 7.176026729523674334e-05 0.000000000000000000e+00
0.000000000000000000e+00 0.000000000000000000e+00 3.483540753215991562e-05 1.542787844485185014e-04 1.621773798602740542e-03
0.000000000000000000e+00 0.000000000000000000e+00 7.978432047688298063e-05 3.533481837369267342e-04 3.714385151638535665e-03
0.000000000000000000e+00 0.000000000000000000e+00 0.000000000000000000e+00 0.000000000000000000e+00 0.000000000000000000e+00
0.000000000000000000e+00 0.000000000000000000e+00 0.000000000000000000e+00 0.000000000000000000e+00 0.000000000000000000e+00
0.000000000000000000e+00 0.000000000000000000e+00 0.000000000000000000e+00 0.000000000000000000e+00 0.000000000000000000e+00
0.000000000000000000e+00 0.000000000000000000e+00 0.000000000000000000e+00 0.000000000000000000e+00 0.000000000000000000e+00
0.000000000000000000e+00 0.000000000000000000e+00 0.000000000000000000e+00 0.000000000000000000e+00 0.000000000000000000e+00
6.616535801869753534e-03 3.172033398176224515e-04 0.000000000000000000e+00 0.000000000000000000e+00 0.000000000000000000e+00
3.636131249592464837e-02 0.000000000000000000e+00 5.960734960016082990e-04 0.000000000000000000e+00 0.000000000000000000e+00
6.284249651053820662e-02 0.000000000000000000e+00 6.158426167715097717e-03 8.068784385506722751e-03 0.000000000000000000e+00
8.298029705807738465e-02 0.000000000000000000e+00 2.039903921720166366e-02 1.741272922043246574e-02 0.000000000000000000e+00
7.925433547412366608e-02 0.000000000000000000e+00 4.617612807228765881e-02 3.799023356775396015e-02 0.000000000000000000e+00
6.943445375197389302e-02 0.000000000000000000e+00 5.852594100282235146e-02 6.711434198647270311e-02 0.000000000000000000e+00
5.268742153412703938e-02 0.000000000000000000e+00 6.193083883424863739e-02 8.928557762240871276e-02 1.113180024017697452e-02
3.178024870971342397e-02 0.000000000000000000e+00 5.640073796294180902e-02 1.195829343084265639e-01 3.208773031289995775e-02
8.085861604770273534e-03 1.242356345306817704e-02 4.024396159851122839e-02 1.395191473296436835e-01 4.326926633469304478e-02
0.000000000000000000e+00 3.886125076786439009e-02 1.499827041264435203e-02 1.471169997542163821e-01 3.892737739944038960e-02
0.000000000000000000e+00 4.992918080086736210e-02 0.000000000000000000e+00 1.472897503685054454e-01 2.728262584896022289e-02
2.624162000824598398e-03 5.837480004964156616e-02 0.000000000000000000e+00 1.329379524940442203e-01 2.453951472531694118e-03
9.050407386132280560e-03 5.158671781037150322e-02 0.000000000000000000e+00 1.014777317688289743e-01 0.000000000000000000e+00
1.155016256436926757e-02 4.738489694785549822e-02 0.000000000000000000e+00 7.322638645004173052e-02 0.000000000000000000e+00
9.693023451198393148e-03 4.057598819564747078e-02 0.000000000000000000e+00 4.936352095451726485e-02 0.000000000000000000e+00
7.088282151280335050e-03 3.057268979147019505e-02 0.000000000000000000e+00 2.265576882943847598e-02 0.000000000000000000e+00
2.811957071776749386e-03 1.914677172926372919e-02 0.000000000000000000e+00 2.296489136441414673e-03 0.000000000000000000e+00
3.037410050412408667e-04 5.566781177065435043e-03 0.000000000000000000e+00 0.000000000000000000e+00 7.615670547252882065e-04
2.922575320216547895e-04 2.344240382477897483e-03 0.000000000000000000e+00 2.927902639247470409e-04 8.362825923982900500e-05
0.000000000000000000e+00 0.000000000000000000e+00 0.000000000000000000e+00 0.000000000000000000e+00 0.000000000000000000e+00
0.000000000000000000e+00 0.000000000000000000e+00 0.000000000000000000e+00 0.000000000000000000e+00 0.000000000000000000e+00
0.000000000000000000e+00 0.000000000000000000e+00 0.000000000000000000e+00 0.000000000000000000e+00 0.000000000000000000e+00
0.000000000000000000e+00 0.000000000000000000e+00 0.000000000000000000e+00 0.000000000000000000e+00 0.000000000000000000e+00
0.000000000000000000e+00 0.000000000000000000e+00 0.000000000000000000e+00 0.000000000000000000e+00 0.000000000000000000e+00
0.000000000000000000e+00 0.000000000000000000e+00 0.000000000000000000e+00 0.000000000000000000e+00 0.000000000000000000e+00
0.000000000000000000e+00 0.000000000000000000e+00 0.000000000000000000e+00 0.000000000000000000e+00 0.000000000000000000e+00
0.000000000000000000e+00 0.000000000000000000e+00 0.000000000000000000e+00 0.000000000000000000e+00 0.000000000000000000e+00
0.000000000000000000e+00 0.000000000000000000e+00 0.000000000000000000e+00 0.000000000000000000e+00 0.000000000000000000e+00
0.000000000000000000e+00 0.000000000000000000e+00 0.000000000000000000e+00 0.000000000000000000e+00 0.000000000000000000e+00
0.000000000000000000e+00 0.000000000000000000e+00 0.000000000000000000e+00 0.000000000000000000e+00 0.000000000000000000e+00
5.631013860983349320e-04 0.000000000000000000e+00 3.511855198975974727e-04 3.464324396687073343e-03 0.000000000000000000e+00
3.654580421016067216e-03 0.000000000000000000e+00 2.163956445173015070e-03 2.203160805588218196e-02 0.000000000000000000e+00
3.824068242403133502e-03 0.000000000000000000e+00 2.169838450173695085e-03 2.298082957768500176e-02 0.000000000000000000e+00
5.354174556017253679e-03 0.000000000000000000e+00 2.008599148495718995e-03 3.235253246608421618e-02 0.000000000000000000e+00
7.785936586910090218e-03 0.000000000000000000e+00 4.655686240956978354e-04 4.633353881484778697e-02 0.000000000000000000e+00
9.649406514212068020e-03 0.000000000000000000e+00 0.000000000000000000e+00 6.913044692713159189e-02 0.000000000000000000e+00
7.491509358744713118e-03 0.000000000000000000e+00 0.000000000000000000e+00 8.408486597922416872e-02 0.000000000000000000e+00
6.273603533158085381e-03 0.000000000000000000e+00 0.000000000000000000e+00 8.830425123887168659e-02 0.000000000000000000e+00
6.129298113267026872e-03 0.000000000000000000e+00 0.000000000000000000e+00 8.833712269474822132e-02 0.000000000000000000e+00
4.964915487395620691e-03 0.000000000000000000e+00 0.000000000000000000e+00 6.317590100789828578e-02 0.000000000000000000e+00
4.408490037849689680e-03 2.753701731979335977e-03 0.000000000000000000e+00 3.971862665420679978e-02 0.000000000000000000e+00
3.770745433312490749e-03 4.834856157664330599e-03 0.000000000000000000e+00 2.404550188169810379e-02 0.000000000000000000e+00
2.356319500202909856e-03 3.339894131512660940e-03 0.000000000000000000e+00 1.030836567313254959e-02 0.000000000000000000e+00
8.799248073181464977e-04 1.118234686071262586e-03 0.000000000000000000e+00 3.572655290449520439e-03 0.000000000000000000e+00
0.000000000000000000e+00 0.000000000000000000e+00 0.000000000000000000e+00 0.000000000000000000e+00 0.000000000000000000e+00
0.000000000000000000e+00 0.000000000000000000e+00 0.000000000000000000e+00 0.000000000000000000e+00 0.000000000000000000e+00
0.000000000000000000e+00 0.000000000000000000e+00 0.000000000000000000e+00 0.000000000000000000e+00 0.000000000000000000e+00
0.000000000000000000e+00 0.000000000000000000e+00 0.000000000000000000e+00 0.000000000000000000e+00 0.000000000000000000e+00
0.000000000000000000e+00 0.000000000000000000e+00 0.000000000000000000e+00 0.000000000000000000e+00 0.000000000000000000e+00
0.000000000000000000e+00 0.000000000000000000e+00 0.000000000000000000e+00 0.000000000000000000e+00 0.000000000000000000e+00
0.000000000000000000e+00 0.000000000000000000e+00 0.000000000000000000e+00 0.000000000000000000e+00 0.000000000000000000e+00
0.000000000000000000e+00 0.000000000000000000e+00 0.000000000000000000e+00 0.000000000000000000e+00 0.000000000000000000e+00
0.000000000000000000e+00 0.000000000000000000e+00 0.000000000000000000e+00 0.000000000000000000e+00 0.000000000000000000e+00
0.000000000000000000e+00 0.000000000000000000e+00 0.000000000000000000e+00 0.000000000000000000e+00 0.000000000000000000e+00
0.000000000000000000e+00 0.000000000000000000e+00 0.000000000000000000e+00 0.000000000000000000e+00 0.000000000000000000e+00
0.000000000000000000e+00 0.000000000000000000e+00 0.000000000000000000e+00 0.000000000000000000e+00 0.000000000000000000e+00
0.000000000000000000e+00 0.000000000000000000e+00 0.000000000000000000e+00 0.000000000000000000e+00 0.000000000000000000e+00
0.000000000000000000e+00 0.000000000000000000e+00 0.000000000000000000e+00 0.000000000000000000e+00 0.000000000000000000e+00
0.000000000000000000e+00 0.000000000000000000e+00 0.000000000000000000e+00 0.000000000000000000e+00 0.000000000000000000e+00
0.000000000000000000e+00 0.000000000000000000e+00 0.000000000000000000e+00 0.000000000000000000e+00 0.000000000000000000e+00
0.000000000000000000e+00 0.000000000000000000e+00 0.000000000000000000e+00 0.000000000000000000e+00 0.000000000000000000e+00
0.000000000000000000e+00 0.000000000000000000e+00 0.000000000000000000e+00 0.000000000000000000e+00 0.000000000000000000e+00
0.000000000000000000e+00 0.000000000000000000e+00 0.000000000000000000e+00 0.000000000000000000e+00 0.000000000000000000e+00
0.000000000000000000e+00 0.000000000000000000e+00 0.000000000000000000e+00 0.000000000000000000e+00 0.000000000000000000e+00
0.000000000000000000e+00 0.000000000000000000e+00 0.000000000000000000e+00 0.000000000000000000e+00 0.000000000000000000e+00
0.000000000000000000e+00 0.000000000000000000e+00 0.000000000000000000e+00 0.000000000000000000e+00 0.000000000000000000e+00
0.000000000000000000e+00 0.000000000000000000e+00 0.000000000000000000e+00 0.000000000000000000e+00 0.000000000000000000e+00
0.000000000000000000e+00 0.000000000000000000e+00 0.000000000000000000e+00 0.000000000000000000e+00 0.000000000000000000e+00
0.000000000000000000e+00 0.000000000000000000e+00 0.000000000000000000e+00 0.000000000000000000e+00 0.000000000000000000e+00
0.000000000000000000e+00 0.000000000000000000e+00 0.000000000000000000e+00 0.000000000000000000e+00 0.000000000000000000e+00
0.000000000000000000e+00 0.000000000000000000e+00 0.000000000000000000e+00 0.000000000000000000e+00 0.000000000000000000e+00
0.000000000000000000e+00 0.000000000000000000e+00 0.000000000000000000e+00 0.000000000000000000e+00 0.000000000000000000e+00
0.000000000000000000e+00 0.000000000000000000e+00 0.000000000000000000e+00 0.000000000000000000e+00 0.000000000000000000e+00
0.000000000000000000e+00 0.000000000000000000e+00 0.000000000000000000e+00 0.000000000000000000e+00 0.000000000000000000e+00
0.000000000000000000e+00 0.000000000000000000e+00 0.000000000000000000e+00 0.000000000000000000e+00 0.000000000000000000e+00
0.000000000000000000e+00 0.000000000000000000e+00 0.000000000000000000e+00 0.000000000000000000e+00 0.000000000000000000e+00
0.000000000000000000e+00 0.000000000000000000e+00 0.000000000000000000e+00 0.000000000000000000e+00 0.000000000000000000e+00
0.000000000000000000e+00 0.000000000000000000e+00 0.000000000000000000e+00 0.000000000000000000e+00 0.000000000000000000e+00
0.000000000000000000e+00 0.000000000000000000e+00 0.000000000000000000e+00 0.000000000000000000e+00 0.000000000000000000e+00
0.000000000000000000e+00 0.000000000000000000e+00 0.000000000000000000e+00 0.000000000000000000e+00 0.000000000000000000e+00
0.000000000000000000e+00 0.000000000000000000e+00 0.000000000000000000e+00 0.000000000000000000e+00 0.000000000000000000e+00
0.000000000000000000e+00 0.000000000000000000e+00 0.000000000000000000e+00 0.000000000000000000e+00 0.000000000000000000e+00
0.000000000000000000e+00 0.000000000000000000e+00 0.000000000000000000e+00 0.000000000000000000e+00 0.000000000000000000e+00
0.000000000000000000e+00 0.000000000000000000e+00 0.000000000000000000e+00 0.000000000000000000e+00 0.000000000000000000e+00
0.000000000000000000e+00 0.000000000000000000e+00 0.000000000000000000e+00 0.000000000000000000e+00 0.000000000000000000e+00
0.000000000000000000e+00 0.000000000000000000e+00 0.000000000000000000e+00 0.000000000000000000e+00 0.000000000000000000e+00
0.000000000000000000e+00 0.000000000000000000e+00 0.000000000000000000e+00 0.000000000000000000e+00 0.000000000000000000e+00
0.000000000000000000e+00 0.000000000000000000e+00 0.000000000000000000e+00 0.000000000000000000e+00 0.000000000000000000e+00
0.000000000000000000e+00 0.000000000000000000e+00 0.000000000000000000e+00 0.000000000000000000e+00 0.000000000000000000e+00
0.000000000000000000e+00 0.000000000000000000e+00 0.000000000000000000e+00 0.000000000000000000e+00 0.000000000000000000e+00
0.000000000000000000e+00 0.000000000000000000e+00 0.000000000000000000e+00 0.000000000000000000e+00 0.000000000000000000e+00
0.000000000000000000e+00 0.000000000000000000e+00 0.000000000000000000e+00 0.000000000000000000e+00 0.000000000000000000e+00
0.000000000000000000e+00 0.000000000000000000e+00 0.000000000000000000e+00 0.000000000000000000e+00 0.000000000000000000e+00
0.000000000000000000e+00 0.000000000000000000e+00 0.000000000000000000e+00 0.000000000000000000e+00 0.000000000000000000e+00
0.000000000000000000e+00 0.000000000000000000e+00 0.000000000000000000e+00 0.000000000000000000e+00 0.000000000000000000e+00
0.000000000000000000e+00 0.000000000000000000e+00 0.000000000000000000e+00 0.000000000000000000e+00 0.000000000000000000e+00
0.000000000000000000e+00 0.000000000000000000e+00 0.000000000000000000e+00 0.000000000000000000e+00 0.000000000000000000e+00
0.000000000000000000e+00 0.000000000000000000e+00 0.000000000000000000e+00 0.000000000000000000e+00 0.000000000000000000e+00
0.000000000000000000e+00 0.000000000000000000e+00 0.000000000000000000e+00 0.000000000000000000e+00 0.000000000000000000e+00
0.000000000000000000e+00 0.000000000000000000e+00 0.000000000000000000e+00 0.000000000000000000e+00 0.000000000000000000e+00
0.000000000000000000e+00 0.000000000000000000e+00 0.000000000000000000e+00 0.000000000000000000e+00 0.000000000000000000e+00
0.000000000000000000e+00 0.000000000000000000e+00 0.000000000000000000e+00 0.000000000000000000e+00 0.000000000000000000e+00
0.000000000000000000e+00 0.000000000000000000e+00 0.000000000000000000e+00 0.000000000000000000e+00 0.000000000000000000e+00
0.000000000000000000e+00 0.000000000000000000e+00 0.000000000000000000e+00 0.000000000000000000e+00 0.000000000000000000e+00
0.000000000000000000e+00 0.000000000000000000e+00 0.000000000000000000e+00 0.000000000000000000e+00 0.000000000000000000e+00
0.000000000000000000e+00 0.000000000000000000e+00 0.000000000000000000e+00 0.000000000000000000e+00 0.000000000000000000e+00
0.000000000000000000e+00 0.000000000000000000e+00 0.000000000000000000e+00 0.000000000000000000e+00 0.000000000000000000e+00
0.000000000000000000e+00 0.000000000000000000e+00 0.000000000000000000e+00 0.000000000000000000e+00 0.000000000000000000e+00
0.000000000000000000e+00 0.000000000000000000e+00 0.000000000000000000e+00 0.000000000000000000e+00 0.000000000000000000e+00
0.000000000000000000e+00 0.000000000000000000e+00 0.000000000000000000e+00 0.000000000000000000e+00 0.000000000000000000e+00
0.000000000000000000e+00 0.000000000000000000e+00 0.000000000000000000e+00 0.000000000000000000e+00 0.000000000000000000e+00
0.000000000000000000e+00 0.000000000000000000e+00 0.000000000000000000e+00 0.000000000000000000e+00 0.000000000000000000e+00
0.000000000000000000e+00 0.000000000000000000e+00 0.000000000000000000e+00 0.000000000000000000e+00 0.000000000000000000e+00
0.000000000000000000e+00 0.000000000000000000e+00 0.000000000000000000e+00 0.000000000000000000e+00 0.000000000000000000e+00
0.000000000000000000e+00 0.000000000000000000e+00 0.000000000000000000e+00 0.000000000000000000e+00 0.000000000000000000e+00
0.000000000000000000e+00 0.000000000000000000e+00 0.000000000000000000e+00 0.000000000000000000e+00 0.000000000000000000e+00
0.000000000000000000e+00 0.000000000000000000e+00 0.000000000000000000e+00 0.000000000000000000e+00 0.000000000000000000e+00
0.000000000000000000e+00 0.000000000000000000e+00 0.000000000000000000e+00 0.000000000000000000e+00 0.000000000000000000e+00
0.000000000000000000e+00 0.000000000000000000e+00 0.000000000000000000e+00 0.000000000000000000e+00 0.000000000000000000e+00
0.000000000000000000e+00 0.000000000000000000e+00 0.000000000000000000e+00 0.000000000000000000e+00 0.000000000000000000e+00
0.000000000000000000e+00 0.000000000000000000e+00 0.000000000000000000e+00 0.000000000000000000e+00 0.000000000000000000e+00
0.000000000000000000e+00 0.000000000000000000e+00 0.000000000000000000e+00 0.000000000000000000e+00 0.000000000000000000e+00
0.000000000000000000e+00 0.000000000000000000e+00 0.000000000000000000e+00 0.000000000000000000e+00 0.000000000000000000e+00
0.000000000000000000e+00 0.000000000000000000e+00 0.000000000000000000e+00 0.000000000000000000e+00 0.000000000000000000e+00
0.000000000000000000e+00 0.000000000000000000e+00 0.000000000000000000e+00 0.000000000000000000e+00 0.000000000000000000e+00
0.000000000000000000e+00 0.000000000000000000e+00 0.000000000000000000e+00 0.000000000000000000e+00 0.000000000000000000e+00
0.000000000000000000e+00 0.000000000000000000e+00 0.000000000000000000e+00 0.000000000000000000e+00 0.000000000000000000e+00
0.000000000000000000e+00 0.000000000000000000e+00 0.000000000000000000e+00 0.000000000000000000e+00 0.000000000000000000e+00
0.000000000000000000e+00 0.000000000000000000e+00 0.000000000000000000e+00 0.000000000000000000e+00 0.000000000000000000e+00
0.000000000000000000e+00 0.000000000000000000e+00 0.000000000000000000e+00 0.000000000000000000e+00 0.000000000000000000e+00
0.000000000000000000e+00 0.000000000000000000e+00 0.000000000000000000e+00 0.000000000000000000e+00 0.000000000000000000e+00
0.000000000000000000e+00 0.000000000000000000e+00 0.000000000000000000e+00 0.000000000000000000e+00 0.000000000000000000e+00
0.000000000000000000e+00 0.000000000000000000e+00 0.000000000000000000e+00 0.000000000000000000e+00 0.000000000000000000e+00
0.000000000000000000e+00 0.000000000000000000e+00 0.000000000000000000e+00 0.000000000000000000e+00 0.000000000000000000e+00
0.000000000000000000e+00 0.000000000000000000e+00 0.000000000000000000e+00 0.000000000000000000e+00 0.000000000000000000e+00
0.000000000000000000e+00 0.000000000000000000e+00 0.000000000000000000e+00 0.000000000000000000e+00 0.000000000000000000e+00
