0.000000000000000000e+00 0.000000000000000000e+00 0.000000000000000000e+00 0.000000000000000000e+00 0.000000000000000000e+00
0.000000000000000000e+00 0.000000000000000000e+00 0.000000000000000000e+00 0.000000000000000000e+00 0.000000000000000000e+00
0.000000000000000000e+00 0.000000000000000000e+00 0.000000000000000000e+00 0.000000000000000000e+00 0.000000000000000000e+00
0.000000000000000000e+00 0.000000000000000000e+00 0.000000000000000000e+00 0.000000000000000000e+00 0.000000000000000000e+00
0.000000000000000000e+00 0.000000000000000000e+00 0.000000000000000000e+00 0.000000000000000000e+00 0.000000000000000000e+00
0.000000000000000000e+00 0.000000000000000000e+00 0.000000000000000000e+00 0.000000000000000000e+00 0.000000000000000000e+00
0.000000000000000000e+00 0.000000000000000000e+00 0.000000000000000000e+00 0.000000000000000000e+00 0.000000000000000000e+00
0.000000000000000000e+00 0.000000000000000000e+00 0.000000000000000000e+00 0.000000000000000000e+00 0.000000000000000000e+00
0.000000000000000000e+00 0.000000000000000000e+00 0.000000000000000000e+00 0.000000000000000000e+00 0.000000000000000000e+00
0.000000000000000000e+00 0.000000000000000000e+00 0.000000000000000000e+00 0.000000000000000000e+00 0.000000000000000000e+00
0.000000000000000000e+00 0.000000000000000000e+00 0.000000000000000000e+00 0.000000000000000000e+00 0.000000000000000000e+00
0.000000000000000000e+00 0.000000000000000000e+00 0.000000000000000000e+00 0.000000000000000000e+00 0.000000000000000000e+00
0.000000000000000000e+00 0.000000000000000000e+00 0.000000000000000000e+00 0.000000000000000000e+00 0.000000000000000000e+00
0.000000000000000000e+00 0.000000000000000000e+00 0.000000000000000000e+00 0.000000000000000000e+00 0.000000000000000000e+00
0.000000000000000000e+00 0.000000000000000000e+00 0.000000000000000000e+00 0.000000000000000000e+00 0.000000000000000000e+00
0.000000000000000000e+00 0.000000000000000000e+00 0.000000000000000000e+00 0.000000000000000000e+00 0.000000000000000000e+00
0.000000000000000000e+00 0.000000000000000000e+00 0.000000000000000000e+00 0.000000000000000000e+00 0.000000000000000000e+00
0.000000000000000000e+00 0.000000000000000000e+00 0.000000000000000000e+00 0.000000000000000000e+00 0.000000000000000000e+00
0.000000000000000000e+00 0.000000000000000000e+00 0.000000000000000000e+00 0.000000000000000000e+00 0.000000000000000000e+00
0.000000000000000000e+00 0.000000000000000000e+00 0.000000000000000000e+00 0.000000000000000000e+00 0.000000000000000000e+00
0.000000000000000000e+00 0.000000000000000000e+00 0.000000000000000000e+00 0.000000000000000000e+00 0.000000000000000000e+00
0.000000000000000000e+00 0.000000000000000000e+00 0.000000000000000000e+00 0.000000000000000000e+00 0.000000000000000000e+00
0.000000000000000000e+00 0.000000000000000000e+00 0.000000000000000000e+00 0.000000000000000000e+00 0.000000000000000000e+00
0.000000000000000000e+00 0.000000000000000000e+00 0.000000000000000000e+00 0.000000000000000000e+00 0.000000000000000000e+00
0.000000000000000000e+00 0.000000000000000000e+00 0.000000000000000000e+00 0.000000000000000000e+00 0.000000000000000000e+00
0.000000000000000000e+00 0.000000000000000000e+00 0.000000000000000000e+00 0.000000000000000000e+00 0.000000000000000000e+00
0.000000000000000000e+00 0.000000000000000000e+00 0.000000000000000000e+00 0.000000000000000000e+00 0.000000000000000000e+00
0.000000000000000000e+00 0.000000000000000000e+00 0.000000000000000000e+00 0.000000000000000000e+00 0.000000000000000000e+00
0.000000000000000000e+00 0.000000000000000000e+00 0.000000000000000000e+00 0.000000000000000000e+00 0.000000000000000000e+00
0.000000000000000000e+00 0.000000000000000000e+00 0.000000000000000000e+00 0.000000000000000000e+00 0.000000000000000000e+00
0.000000000000000000e+00 0.000000000000000000e+00 0.000000000000000000e+00 0.000000000000000000e+00 0.000000000000000000e+00
0.000000000000000000e+00 0.000000000000000000e+00 0.000000000000000000e+00 0.000000000000000000e+00 0.000000000000000000e+00
0.000000000000000000e+00 0.000000000000000000e+00 0.000000000000000000e+00 0.000000000000000000e+00 0.000000000000000000e+00
0.000000000000000000e+00 0.000000000000000000e+00 0.000000000000000000e+00 0.000000000000000000e+00 0.000000000000000000e+00
0.000000000000000000e+00 0.000000000000000000e+00 0.000000000000000000e+00 0.000000000000000000e+00 0.000000000000000000e+00
0.000000000000000000e+00 0.000000000000000000e+00 0.000000000000000000e+00 0.000000000000000000e+00 0.000000000000000000e+00
0.000000000000000000e+00 0.000000000000000000e+00 0.000000000000000000e+00 0.000000000000000000e+00 0.000000000000000000e+00
0.000000000000000000e+00 0.000000000000000000e+00 0.000000000000000000e+00 0.000000000000000000e+00 0.000000000000000000e+00
0.000000000000000000e+00 0.000000000000000000e+00 0.000000000000000000e+00 0.000000000000000000e+00 0.000000000000000000e+00
0.000000000000000000e+00 0.000000000000000000e+00 0.000000000000000000e+00 0.000000000000000000e+00 0.000000000000000000e+00
0.000000000000000000e+00 0.000000000000000000e+00 0.000000000000000000e+00 0.000000000000000000e+00 0.000000000000000000e+00
0.000000000000000000e+00 0.000000000000000000e+00 0.000000000000000000e+00 0.000000000000000000e+00 0.000000000000000000e+00
0.000000000000000000e+00 0.000000000000000000e+00 0.000000000000000000e+00 0.000000000000000000e+00 0.000000000000000000e+00
0.000000000000000000e+00 0.000000000000000000e+00 0.000000000000000000e+00 0.000000000000000000e+00 0.000000000000000000e+00
0.000000000000000000e+00 0.000000000000000000e+00 0.000000000000000000e+00 0.000000000000000000e+00 0.000000000000000000e+00
0.000000000000000000e+00 0.000000000000000000e+00 0.000000000000000000e+00 0.000000000000000000e+00 0.000000000000000000e+00
0.000000000000000000e+00 0.000000000000000000e+00 0.000000000000000000e+00 0.000000000000000000e+00 0.000000000000000000e+00
0.000000000000000000e+00 0.000000000000000000e+00 0.000000000000000000e+00 0.000000000000000000e+00 0.000000000000000000e+00
0.000000000000000000e+00 0.000000000000000000e+00 0.000000000000000000e+00 0.000000000000000000e+00 0.000000000000000000e+00
0.000000000000000000e+00 0.000000000000000000e+00 0.000000000000000000e+00 0.000000000000000000e+00 0.000000000000000000e+00
0.000000000000000000e+00 0.000000000000000000e+00 0.000000000000000000e+00 0.000000000000000000e+00 0.000000000000000000e+00
0.000000000000000000e+00 0.000000000000000000e+00 0.000000000000000000e+00 0.000000000000000000e+00 0.000000000000000000e+00
0.000000000000000000e+00 0.000000000000000000e+00 0.000000000000000000e+00 0.000000000000000000e+00 0.000000000000000000e+00
0.000000000000000000e+00 0.000000000000000000e+00 0.000000000000000000e+00 0.000000000000000000e+00 0.000000000000000000e+00
0.000000000000000000e+00 0.000000000000000000e+00 0.000000000000000000e+00 0.000000000000000000e+00 0.000000000000000000e+00
0.000000000000000000e+00 0.000000000000000000e+00 0.000000000000000000e+00 0.000000000000000000e+00 0.000000000000000000e+00
0.000000000000000000e+00 0.000000000000000000e+00 0.000000000000000000e+00 0.000000000000000000e+00 0.000000000000000000e+00
0.000000000000000000e+00 0.000000000000000000e+00 0.000000000000000000e+00 0.000000000000000000e+00 0.000000000000000000e+00
0.000000000000000000e+00 0.000000000000000000e+00 0.000000000000000000e+00 0.000000000000000000e+00 0.000000000000000000e+00
0.000000000000000000e+00 0.000000000000000000e+00 0.000000000000000000e+00 0.000000000000000000e+00 0.000000000000000000e+00
0.000000000000000000e+00 0.000000000000000000e+00 0.000000000000000000e+00 0.000000000000000000e+00 0.000000000000000000e+00
0.000000000000000000e+00 0.000000000000000000e+00 0.000000000000000000e+00 0.000000000000000000e+00 0.000000000000000000e+00
0.000000000000000000e+00 0.000000000000000000e+00 0.000000000000000000e+00 0.000000000000000000e+00 0.000000000000000000e+00
0.000000000000000000e+00 0.000000000000000000e+00 0.000000000000000000e+00 0.000000000000000000e+00 0.000000000000000000e+00
0.000000000000000000e+00 0.000000000000000000e+00 0.000000000000000000e+00 0.000000000000000000e+00 0.000000000000000000e+00
0.000000000000000000e+00 0.000000000000000000e+00 0.000000000000000000e+00 0.000000000000000000e+00 0.000000000000000000e+00
0.000000000000000000e+00 0.000000000000000000e+00 0.000000000000000000e+00 0.000000000000000000e+00 0.000000000000000000e+00
0.000000000000000000e+00 0.000000000000000000e+00 0.000000000000000000e+00 0.000000000000000000e+00 0.000000000000000000e+00
0.000000000000000000e+00 0.000000000000000000e+00 0.000000000000000000e+00 0.000000000000000000e+00 0.000000000000000000e+00
0.000000000000000000e+00 0.000000000000000000e+00 0.000000000000000000e+00 0.000000000000000000e+00 0.000000000000000000e+00
0.000000000000000000e+00 0.000000000000000000e+00 0.000000000000000000e+00 0.000000000000000000e+00 0.000000000000000000e+00
0.000000000000000000e+00 0.000000000000000000e+00 0.000000000000000000e+00 0.000000000000000000e+00 0.000000000000000000e+00
0.000000000000000000e+00 0.000000000000000000e+00 0.000000000000000000e+00 0.000000000000000000e+00 0.000000000000000000e+00
0.000000000000000000e+00 0.000000000000000000e+00 0.000000000000000000e+00 0.000000000000000000e+00 0.000000000000000000e+00
0.000000000000000000e+00 0.000000000000000000e+00 0.000000000000000000e+00 0.000000000000000000e+00 0.000000000000000000e+00
0.000000000000000000e+00 0.000000000000000000e+00 0.000000000000000000e+00 0.000000000000000000e+00 0.000000000000000000e+00
0.000000000000000000e+00 0.000000000000000000e+00 0.000000000000000000e+00 0.000000000000000000e+00 0.000000000000000000e+00
0.000000000000000000e+00 0.000000000000000000e+00 0.000000000000000000e+00 0.000000000000000000e+00 0.000000000000000000e+00
0.000000000000000000e+00 0.000000000000000000e+00 0.000000000000000000e+00 0.000000000000000000e+00 0.000000000000000000e+00
0.000000000000000000e+00 0.000000000000000000e+00 0.000000000000000000e+00 0.000000000000000000e+00 0.000000000000000000e+00
0.000000000000000000e+00 0.000000000000000000e+00 0.000000000000000000e+00 0.000000000000000000e+00 0.000000000000000000e+00
0.000000000000000000e+00 0.000000000000000000e+00 0.000000000000000000e+00 0.000000000000000000e+00 0.000000000000000000e+00
0.000000000000000000e+00 0.000000000000000000e+00 0.000000000000000000e+00 0.000000000000000000e+00 0.000000000000000000e+00
0.000000000000000000e+00 0.000000000000000000e+00 0.000000000000000000e+00 0.000000000000000000e+00 0.000000000000000000e+00
0.000000000000000000e+00 0.000000000000000000e+00 0.000000000000000000e+00 0.000000000000000000e+00 0.000000000000000000e+00
0.000000000000000000e+00 0.000000000000000000e+00 0.000000000000000000e+00 0.000000000000000000e+00 0.000000000000000000e+00
0.000000000000000000e+00 0.000000000000000000e+00 0.000000000000000000e+00 0.000000000000000000e+00 0.000000000000000000e+00
0.000000000000000000e+00 0.000000000000000000e+00 0.000000000000000000e+00 0.000000000000000000e+00 0.000000000000000000e+00
0.000000000000000000e+00 0.000000000000000000e+00 0.000000000000000000e+00 0.000000000000000000e+00 0.000000000000000000e+00
0.000000000000000000e+00 0.000000000000000000e+00 0.000000000000000000e+00 0.000000000000000000e+00 0.000000000000000000e+00
0.000000000000000000e+00 0.000000000000000000e+00 0.000000000000000000e+00 0.000000000000000000e+00 0.000000000000000000e+00
0.000000000000000000e+00 0.000000000000000000e+00 0.000000000000000000e+00 0.000000000000000000e+00 0.000000000000000000e+00
0.000000000000000000e+00 0.000000000000000000e+00 0.000000000000000000e+00 0.000000000000000000e+00 0.000000000000000000e+00
0.000000000000000000e+00 0.000000000000000000e+00 0.000000000000000000e+00 0.000000000000000000e+00 0.000000000000000000e+00
0.000000000000000000e+00 0.000000000000000000e+00 0.000000000000000000e+00 0.000000000000000000e+00 0.000000000000000000e+00
0.000000000000000000e+00 0.000000000000000000e+00 0.000000000000000000e+00 0.000000000000000000e+00 0.000000000000000000e+00
0.000000000000000000e+00 0.000000000000000000e+00 0.000000000000000000e+00 0.000000000000000000e+00 0.000000000000000000e+00
1.718499998384066894e-03 0.000000000000000000e+00 1.331075087387828017e-03 0.000000000000000000e+00 1.880308766463532476e-04
5.128648432677449832e-03 0.000000000000000000e+00 3.972427213923050877e-03 0.000000000000000000e+00 5.611546474914605280e-04
0.000000000000000000e+00 0.000000000000000000e+00 3.362907416179040931e-02 7.421815044261993385e-04 2.652110014764888588e-03
0.000000000000000000e+00 0.000000000000000000e+00 5.283764567073828688e-02 1.135630180900261453e-03 6.258394807389371095e-03
0.000000000000000000e+00 0.000000000000000000e+00 3.146204383701767943e-02 0.000000000000000000e+00 6.541222916587106744e-03
0.000000000000000000e+00 7.312433022188384070e-04 3.102398767662766389e-03 0.000000000000000000e+00 6.187964651768734911e-04
0.000000000000000000e+00 0.000000000000000000e+00 0.000000000000000000e+00 0.000000000000000000e+00 0.000000000000000000e+00
0.000000000000000000e+00 0.000000000000000000e+00 0.000000000000000000e+00 0.000000000000000000e+00 0.000000000000000000e+00
0.000000000000000000e+00 0.000000000000000000e+00 0.000000000000000000e+00 0.000000000000000000e+00 0.000000000000000000e+00
0.000000000000000000e+00 0.000000000000000000e+00 0.000000000000000000e+00 0.000000000000000000e+00 0.000000000000000000e+00
0.000000000000000000e+00 0.000000000000000000e+00 0.000000000000000000e+00 0.000000000000000000e+00 0.000000000000000000e+00
0.000000000000000000e+00 0.000000000000000000e+00 0.000000000000000000e+00 0.000000000000000000e+00 0.000000000000000000e+00
0.000000000000000000e+00 0.000000000000000000e+00 0.000000000000000000e+00 0.000000000000000000e+00 0.000000000000000000e+00
0.000000000000000000e+00 0.000000000000000000e+00 0.000000000000000000e+00 0.000000000000000000e+00 0.000000000000000000e+00
0.000000000000000000e+00 0.000000000000000000e+00 0.000000000000000000e+00 0.000000000000000000e+00 0.000000000000000000e+00
0.000000000000000000e+00 0.000000000000000000e+00 0.000000000000000000e+00 0.000000000000000000e+00 0.000000000000000000e+00
0.000000000000000000e+00 0.000000000000000000e+00 0.000000000000000000e+00 0.000000000000000000e+00 0.000000000000000000e+00
0.000000000000000000e+00 0.000000000000000000e+00 0.000000000000000000e+00 0.000000000000000000e+00 0.000000000000000000e+00
0.000000000000000000e+00 0.000000000000000000e+00 0.000000000000000000e+00 0.000000000000000000e+00 0.000000000000000000e+00
0.000000000000000000e+00 0.000000000000000000e+00 0.000000000000000000e+00 0.000000000000000000e+00 0.000000000000000000e+00
0.000000000000000000e+00 0.000000000000000000e+00 0.000000000000000000e+00 0.000000000000000000e+00 0.000000000000000000e+00
0.000000000000000000e+00 0.000000000000000000e+00 0.000000000000000000e+00 0.000000000000000000e+00 0.000000000000000000e+00
1.264421214526862802e-04 0.000000000000000000e+00 1.823478406782512787e-02 0.000000000000000000e+00 0.000000000000000000e+00
3.763512556179943029e-04 0.000000000000000000e+00 5.427529846070304476e-02 0.000000000000000000e+00 0.000000000000000000e+00
1.963571768441697103e-04 0.000000000000000000e+00 2.831754702297550885e-02 0.000000000000000000e+00 0.000000000000000000e+00
1.338798933028442056e-05 0.000000000000000000e+00 1.930741842475601575e-03 0.000000000000000000e+00 0.000000000000000000e+00
1.640508227450647102e-02 2.491454230634712868e-04 1.381597328901051826e-03 0.000000000000000000e+00 0.000000000000000000e+00
8.027161595117579540e-02 1.744414571768413552e-03 5.179688262746645622e-03 0.000000000000000000e+00 0.000000000000000000e+00
9.606739695107277544e-02 0.000000000000000000e+00 2.350177036786009737e-03 0.000000000000000000e+00 0.000000000000000000e+00
7.091270538612086394e-02 0.000000000000000000e+00 0.000000000000000000e+00 1.978511483854574534e-03 3.849857889806330286e-02
5.700217664622320331e-03 0.000000000000000000e+00 1.937069246808137760e-02 8.362992566455867104e-04 8.102075142135341246e-02
0.000000000000000000e+00 1.146923795312281870e-02 5.890232200905285570e-02 0.000000000000000000e+00 7.502539549139344843e-02
0.000000000000000000e+00 6.582713990442559671e-02 7.712524221513017419e-02 0.000000000000000000e+00 3.002717376478476405e-02
0.000000000000000000e+00 8.457888301345831139e-02 2.600350373751893207e-02 0.000000000000000000e+00 0.000000000000000000e+00
1.184382749834059527e-03 4.716053593596810506e-02 2.962871807542391545e-02 1.529138703490734181e-03 0.000000000000000000e+00
1.391233161324546786e-03 1.348553732235307535e-02 0.000000000000000000e+00 2.505437303900379456e-02 0.000000000000000000e+00
0.000000000000000000e+00 0.000000000000000000e+00 0.000000000000000000e+00 6.054376428385880443e-02 4.800820898837377705e-04
0.000000000000000000e+00 0.000000000000000000e+00 0.000000000000000000e+00 4.228159476166341163e-02 3.761699040762469539e-04
0.000000000000000000e+00 0.000000000000000000e+00 0.000000000000000000e+00 1.391254151856407629e-03 0.000000000000000000e+00
0.000000000000000000e+00 0.000000000000000000e+00 0.000000000000000000e+00 0.000000000000000000e+00 0.000000000000000000e+00
0.000000000000000000e+00 0.000000000000000000e+00 0.000000000000000000e+00 0.000000000000000000e+00 0.000000000000000000e+00
0.000000000000000000e+00 0.000000000000000000e+00 0.000000000000000000e+00 0.000000000000000000e+00 0.000000000000000000e+00
0.000000000000000000e+00 0.000000000000000000e+00 0.000000000000000000e+00 0.000000000000000000e+00 0.000000000000000000e+00
0.000000000000000000e+00 0.000000000000000000e+00 0.000000000000000000e+00 0.000000000000000000e+00 0.000000000000000000e+00
0.000000000000000000e+00 0.000000000000000000e+00 0.000000000000000000e+00 0.000000000000000000e+00 0.000000000000000000e+00
0.000000000000000000e+00 0.000000000000000000e+00 0.000000000000000000e+00 0.000000000000000000e+00 0.000000000000000000e+00
0.000000000000000000e+00 0.000000000000000000e+00 0.000000000000000000e+00 0.000000000000000000e+00 0.000000000000000000e+00
0.000000000000000000e+00 0.000000000000000000e+00 0.000000000000000000e+00 0.000000000000000000e+00 0.000000000000000000e+00
0.000000000000000000e+00 0.000000000000000000e+00 0.000000000000000000e+00 0.000000000000000000e+00 0.000000000000000000e+00
1.219794583425914524e-04 0.000000000000000000e+00 1.759120345366659705e-02 0.000000000000000000e+00 0.000000000000000000e+00
3.585006031776167266e-04 0.000000000000000000e+00 5.170097600406887289e-02 0.000000000000000000e+00 0.000000000000000000e+00
3.733761468779316626e-04 0.000000000000000000e+00 5.384624471793066081e-02 0.000000000000000000e+00 0.000000000000000000e+00
3.733761468779316626e-04 0.000000000000000000e+00 5.384624471793066081e-02 0.000000000000000000e+00 0.000000000000000000e+00
4.768146691925966734e-04 0.000000000000000000e+00 2.658164091298319612e-02 0.000000000000000000e+00 0.000000000000000000e+00
2.545349100637762929e-02 8.405915921952363326e-04 8.572083718838666199e-04 0.000000000000000000e+00 0.000000000000000000e+00
1.158556253377668738e-01 3.072824635610853054e-03 0.000000000000000000e+00 0.000000000000000000e+00 0.000000000000000000e+00
1.503588260058613679e-01 0.000000000000000000e+00 0.000000000000000000e+00 0.000000000000000000e+00 4.323695261992823932e-03
1.028972353208901652e-01 0.000000000000000000e+00 0.000000000000000000e+00 4.458844294491338435e-03 6.784870851095117783e-02
8.726294432523229797e-03 0.000000000000000000e+00 1.346771059748950311e-02 4.976234125363862039e-03 1.471541770498361601e-01
0.000000000000000000e+00 3.339061752022540186e-02 5.868233745559042064e-02 0.000000000000000000e+00 1.315234411540833759e-01
0.000000000000000000e+00 1.118863156031125183e-01 1.179941259535294967e-01 0.000000000000000000e+00 5.018555238063761997e-02
0.000000000000000000e+00 1.368222992895569423e-01 4.498177792180436951e-02 0.000000000000000000e+00 0.000000000000000000e+00
3.701813281854167588e-03 1.011325427604738703e-01 3.118634725301391505e-02 5.848692581274199387e-02 0.000000000000000000e+00
2.240926155091787792e-03 2.659336742893074479e-02 0.000000000000000000e+00 1.355166454253483865e-01 0.000000000000000000e+00
0.000000000000000000e+00 0.000000000000000000e+00 0.000000000000000000e+00 1.205702423134591833e-01 0.000000000000000000e+00
0.000000000000000000e+00 0.000000000000000000e+00 0.000000000000000000e+00 7.374545810881158459e-02 2.547202833559149369e-03
0.000000000000000000e+00 0.000000000000000000e+00 0.000000000000000000e+00 2.392320858982589782e-02 1.906943717271122191e-03
0.000000000000000000e+00 0.000000000000000000e+00 0.000000000000000000e+00 3.402237183537688749e-03 3.135046355092473711e-04
0.000000000000000000e+00 0.000000000000000000e+00 0.000000000000000000e+00 0.000000000000000000e+00 0.000000000000000000e+00
2.842547477974018068e-04 6.349043119481422763e-04 0.000000000000000000e+00 8.720332614105507892e-04 0.000000000000000000e+00
0.000000000000000000e+00 0.000000000000000000e+00 0.000000000000000000e+00 0.000000000000000000e+00 0.000000000000000000e+00
0.000000000000000000e+00 0.000000000000000000e+00 0.000000000000000000e+00 0.000000000000000000e+00 0.000000000000000000e+00
0.000000000000000000e+00 0.000000000000000000e+00 0.000000000000000000e+00 0.000000000000000000e+00 0.000000000000000000e+00
0.000000000000000000e+00 0.000000000000000000e+00 0.000000000000000000e+00 0.000000000000000000e+00 0.000000000000000000e+00
0.000000000000000000e+00 0.000000000000000000e+00 0.000000000000000000e+00 0.000000000000000000e+00 0.000000000000000000e+00
0.000000000000000000e+00 0.000000000000000000e+00 0.000000000000000000e+00 0.000000000000000000e+00 0.000000000000000000e+00
0.000000000000000000e+00 0.000000000000000000e+00 0.000000000000000000e+00 0.000000000000000000e+00 0.000000000000000000e+00
2.603220147555328472e-04 0.000000000000000000e+00 3.754220249258113234e-02 0.000000000000000000e+00 0.000000000000000000e+00
3.733761468779316626e-04 0.000000000000000000e+00 5.384624471793066081e-02 0.000000000000000000e+00 0.000000000000000000e+00
3.733761468779316626e-04 0.000000000000000000e+00 5.384624471793066081e-02 0.000000000000000000e+00 0.000000000000000000e+00
3.733761468779316626e-04 0.000000000000000000e+00 5.384624471793066081e-02 0.000000000000000000e+00 0.000000000000000000e+00
2.324614881314567786e-03 0.000000000000000000e+00 5.407734101116536130e-02 0.000000000000000000e+00 0.000000000000000000e+00
3.417762255080845218e-02 0.000000000000000000e+00 2.975378712384155536e-02 0.000000000000000000e+00 0.000000000000000000e+00
1.210651139508926305e-01 1.565421160169764171e-03 0.000000000000000000e+00 0.000000000000000000e+00 0.000000000000000000e+00
1.709942140237545316e-01 0.000000000000000000e+00 0.000000000000000000e+00 0.000000000000000000e+00 0.000000000000000000e+00
1.243696741378915588e-01 0.000000000000000000e+00 0.000000000000000000e+00 5.623667112852074636e-03 9.567012719115712549e-02
1.223561740296781782e-02 0.000000000000000000e+00 3.854669805284684225e-02 4.759751023348807696e-03 1.657848037253566165e-01
0.000000000000000000e+00 7.070598574351101562e-02 8.505062428312655520e-02 0.000000000000000000e+00 1.399204366244393982e-01
0.000000000000000000e+00 1.384423173330804335e-01 9.831170476635950339e-02 0.000000000000000000e+00 5.143349913719177241e-02
0.000000000000000000e+00 1.464044159649289245e-01 5.430029378581677918e-02 1.678633981185631910e-02 0.000000000000000000e+00
3.935576879737581919e-03 9.599903843821840088e-02 2.827638948739387426e-02 1.124452961393140604e-01 0.000000000000000000e+00
1.670878802420171531e-03 2.458310907534877118e-02 0.000000000000000000e+00 1.550283716547723178e-01 0.000000000000000000e+00
0.000000000000000000e+00 0.000000000000000000e+00 0.000000000000000000e+00 1.309649214588184396e-01 0.000000000000000000e+00
0.000000000000000000e+00 0.000000000000000000e+00 0.000000000000000000e+00 5.413489503396603370e-02 1.975510132034311635e-03
0.000000000000000000e+00 0.000000000000000000e+00 0.000000000000000000e+00 1.980881410617480257e-02 1.752871281286980934e-03
0.000000000000000000e+00 0.000000000000000000e+00 0.000000000000000000e+00 2.268158122358458154e-03 2.090030903394981751e-04
0.000000000000000000e+00 0.000000000000000000e+00 0.000000000000000000e+00 0.000000000000000000e+00 0.000000000000000000e+00
0.000000000000000000e+00 0.000000000000000000e+00 0.000000000000000000e+00 0.000000000000000000e+00 0.000000000000000000e+00
0.000000000000000000e+00 0.000000000000000000e+00 0.000000000000000000e+00 0.000000000000000000e+00 0.000000000000000000e+00
0.000000000000000000e+00 0.000000000000000000e+00 0.000000000000000000e+00 0.000000000000000000e+00 0.000000000000000000e+00
0.000000000000000000e+00 0.000000000000000000e+00 0.000000000000000000e+00 0.000000000000000000e+00 0.000000000000000000e+00
0.000000000000000000e+00 0.000000000000000000e+00 0.000000000000000000e+00 0.000000000000000000e+00 0.000000000000000000e+00
0.000000000000000000e+00 0.000000000000000000e+00 0.000000000000000000e+00 0.000000000000000000e+00 0.000000000000000000e+00
0.000000000000000000e+00 0.000000000000000000e+00 0.000000000000000000e+00 0.000000000000000000e+00 0.000000000000000000e+00
0.000000000000000000e+00 0.000000000000000000e+00 0.000000000000000000e+00 0.000000000000000000e+00 0.000000000000000000e+00
1.933820681041087167e-05 0.000000000000000000e+00 2.788849328020313531e-03 0.000000000000000000e+00 0.000000000000000000e+00
3.034610914864469856e-04 0.000000000000000000e+00 4.376348176278029717e-02 0.000000000000000000e+00 0.000000000000000000e+00
3.733761468779316626e-04 0.000000000000000000e+00 5.384624471793066081e-02 0.000000000000000000e+00 0.000000000000000000e+00
2.333540207534755707e-03 0.000000000000000000e+00 5.536450223948240906e-02 0.000000000000000000e+00 0.000000000000000000e+00
6.710344890919177872e-03 0.000000000000000000e+00 5.875458410267328513e-02 0.000000000000000000e+00 0.000000000000000000e+00
3.211875854053991564e-02 0.000000000000000000e+00 5.763633298134384492e-02 0.000000000000000000e+00 0.000000000000000000e+00
1.266997864610928115e-01 1.173674817035428230e-03 2.220226771081925884e-02 0.000000000000000000e+00 0.000000000000000000e+00
1.701849542941991089e-01 0.000000000000000000e+00 5.602498476273638610e-03 0.000000000000000000e+00 6.897076823052098946e-03
1.229597951490749297e-01 0.000000000000000000e+00 2.506499835404533277e-02 9.238708353605035867e-03 1.084157154697055203e-01
1.316574477416016659e-02 1.675755817311402190e-02 3.062884658345205180e-02 0.000000000000000000e+00 1.727354374775040557e-01
0.000000000000000000e+00 1.079957566295017407e-01 7.005657681584992469e-02 0.000000000000000000e+00 1.317211673124746851e-01
0.000000000000000000e+00 1.567429691062922625e-01 4.384909813704036818e-02 0.000000000000000000e+00 3.457482375878814795e-02
0.000000000000000000e+00 1.358798559939105310e-01 5.441440387775862975e-02 6.689524761698366351e-02 0.000000000000000000e+00
8.512836574655714477e-04 7.454175630877490910e-02 3.242597828075256816e-02 1.480345630407620405e-01 0.000000000000000000e+00
0.000000000000000000e+00 3.639262183978136424e-03 2.172784049431672818e-02 1.684552413945932803e-01 0.000000000000000000e+00
0.000000000000000000e+00 0.000000000000000000e+00 3.149661948912682585e-02 1.146479946608617018e-01 2.768093525749781934e-03
0.000000000000000000e+00 0.000000000000000000e+00 9.612594615510514431e-03 3.629347064995952499e-02 2.224307483665647917e-03
0.000000000000000000e+00 0.000000000000000000e+00 0.000000000000000000e+00 1.077479274753020966e-02 9.622311810931343272e-04
0.000000000000000000e+00 0.000000000000000000e+00 0.000000000000000000e+00 0.000000000000000000e+00 0.000000000000000000e+00
0.000000000000000000e+00 0.000000000000000000e+00 0.000000000000000000e+00 0.000000000000000000e+00 0.000000000000000000e+00
0.000000000000000000e+00 0.000000000000000000e+00 0.000000000000000000e+00 0.000000000000000000e+00 0.000000000000000000e+00
0.000000000000000000e+00 0.000000000000000000e+00 0.000000000000000000e+00 0.000000000000000000e+00 0.000000000000000000e+00
0.000000000000000000e+00 0.000000000000000000e+00 0.000000000000000000e+00 0.000000000000000000e+00 0.000000000000000000e+00
0.000000000000000000e+00 0.000000000000000000e+00 0.000000000000000000e+00 0.000000000000000000e+00 0.000000000000000000e+00
0.000000000000000000e+00 0.000000000000000000e+00 0.000000000000000000e+00 0.000000000000000000e+00 0.000000000000000000e+00
0.000000000000000000e+00 0.000000000000000000e+00 0.000000000000000000e+00 0.000000000000000000e+00 0.000000000000000000e+00
0.000000000000000000e+00 0.000000000000000000e+00 0.000000000000000000e+00 0.000000000000000000e+00 0.000000000000000000e+00
0.000000000000000000e+00 0.000000000000000000e+00 0.000000000000000000e+00 0.000000000000000000e+00 0.000000000000000000e+00
0.000000000000000000e+00 0.000000000000000000e+00 0.000000000000000000e+00 0.000000000000000000e+00 0.000000000000000000e+00
5.801462043123286911e-05 0.000000000000000000e+00 8.366547984060937124e-03 0.000000000000000000e+00 0.000000000000000000e+00
3.733761468779316626e-04 0.000000000000000000e+00 5.384624471793066081e-02 0.000000000000000000e+00 0.000000000000000000e+00
5.260360517282619032e-03 0.000000000000000000e+00 5.763148949768982093e-02 0.000000000000000000e+00 0.000000000000000000e+00
7.117299571606048626e-03 0.000000000000000000e+00 5.956916577475089569e-02 0.000000000000000000e+00 0.000000000000000000e+00
2.610225390646144297e-02 0.000000000000000000e+00 7.699650777482920649e-02 0.000000000000000000e+00 0.000000000000000000e+00
1.171394580299290750e-01 0.000000000000000000e+00 7.122038363575007580e-02 0.000000000000000000e+00 0.000000000000000000e+00
1.665023239174857339e-01 0.000000000000000000e+00 5.629867485406944705e-02 3.005633325715814414e-04 1.120233070879119754e-02
1.272760451684186167e-01 0.000000000000000000e+00 2.933189569528280027e-02 1.210702192621104312e-03 1.263165928207724831e-01
2.485137755233276374e-02 5.375439493334915192e-02 1.617766468595807985e-02 0.000000000000000000e+00 1.761800108817128396e-01
0.000000000000000000e+00 1.374891501301051255e-01 3.996297608793052125e-02 0.000000000000000000e+00 1.161945680167753708e-01
0.000000000000000000e+00 1.560427110948428009e-01 4.487109611816051530e-02 4.627754989568680366e-02 1.380603874955562554e-02
0.000000000000000000e+00 1.104690541333319398e-01 5.849650575972376726e-02 1.257962943278351786e-01 0.000000000000000000e+00
0.000000000000000000e+00 3.045250969693803766e-02 3.216532260344818345e-02 1.699194397513512922e-01 0.000000000000000000e+00
0.000000000000000000e+00 0.000000000000000000e+00 2.981343415888882895e-02 1.275098386827659136e-01 1.032593662621161985e-03
0.000000000000000000e+00 0.000000000000000000e+00 2.653048577996970636e-02 5.221023583184107586e-02 2.611183301250864525e-03
0.000000000000000000e+00 0.000000000000000000e+00 1.534196698693886078e-02 1.421176054694174920e-02 1.103652081220603699e-03
0.000000000000000000e+00 0.000000000000000000e+00 0.000000000000000000e+00 0.000000000000000000e+00 0.000000000000000000e+00
0.000000000000000000e+00 0.000000000000000000e+00 0.000000000000000000e+00 0.000000000000000000e+00 0.000000000000000000e+00
0.000000000000000000e+00 0.000000000000000000e+00 0.000000000000000000e+00 0.000000000000000000e+00 0.000000000000000000e+00
0.000000000000000000e+00 0.000000000000000000e+00 0.000000000000000000e+00 0.000000000000000000e+00 0.000000000000000000e+00
0.000000000000000000e+00 0.000000000000000000e+00 0.000000000000000000e+00 0.000000000000000000e+00 0.000000000000000000e+00
0.000000000000000000e+00 0.000000000000000000e+00 0.000000000000000000e+00 0.000000000000000000e+00 0.000000000000000000e+00
0.000000000000000000e+00 0.000000000000000000e+00 0.000000000000000000e+00 0.000000000000000000e+00 0.000000000000000000e+00
0.000000000000000000e+00 0.000000000000000000e+00 0.000000000000000000e+00 0.000000000000000000e+00 0.000000000000000000e+00
0.000000000000000000e+00 0.000000000000000000e+00 0.000000000000000000e+00 0.000000000000000000e+00 0.000000000000000000e+00
0.000000000000000000e+00 0.000000000000000000e+00 0.000000000000000000e+00 0.000000000000000000e+00 0.000000000000000000e+00
0.000000000000000000e+00 0.000000000000000000e+00 0.000000000000000000e+00 0.000000000000000000e+00 0.000000000000000000e+00
0.000000000000000000e+00 0.000000000000000000e+00 0.000000000000000000e+00 0.000000000000000000e+00 0.000000000000000000e+00
2.231331555047415906e-05 0.000000000000000000e+00 3.217903070792667991e-03 0.000000000000000000e+00 0.000000000000000000e+00
2.305709273548987197e-04 0.000000000000000000e+00 3.325166506485758428e-02 0.000000000000000000e+00 0.000000000000000000e+00
3.400110941264803104e-03 0.000000000000000000e+00 6.384766391701522659e-02 4.816165346085998935e-05 0.000000000000000000e+00
3.502202230581863765e-03 0.000000000000000000e+00 9.322324997003619829e-02 4.830640547328702954e-03 0.000000000000000000e+00
1.855243116774812212e-02 0.000000000000000000e+00 9.963952528918072760e-02 3.819995736523760024e-03 0.000000000000000000e+00
1.031907124694838168e-01 0.000000000000000000e+00 1.231909960805138565e-01 0.000000000000000000e+00 0.000000000000000000e+00
1.705515788319481862e-01 0.000000000000000000e+00 9.672892012089991109e-02 0.000000000000000000e+00 1.294790476513313707e-02
1.375285109399521088e-01 9.115671552047241791e-03 0.000000000000000000e+00 0.000000000000000000e+00 1.357185703425660139e-01
3.601734327942716918e-02 9.189866673239149852e-02 0.000000000000000000e+00 0.000000000000000000e+00 1.673273141584869228e-01
0.000000000000000000e+00 1.508942468241049606e-01 2.867535122027912997e-02 2.766212966104853246e-02 1.005307309623799383e-01
0.000000000000000000e+00 1.365147359298808649e-01 6.086438462060381888e-02 9.817551373070335097e-02 0.000000000000000000e+00
0.000000000000000000e+00 7.504315940820432962e-02 5.898706927149972856e-02 1.562414546808303106e-01 0.000000000000000000e+00
0.000000000000000000e+00 4.120149186337305862e-03 3.236769900784122744e-02 1.495000843874759455e-01 0.000000000000000000e+00
0.000000000000000000e+00 0.000000000000000000e+00 2.023261125367459973e-02 7.865784901649615357e-02 4.469960620229419292e-03
0.000000000000000000e+00 0.000000000000000000e+00 8.421387568679689940e-04 7.856453260952959983e-03 6.892254064574192783e-04
0.000000000000000000e+00 0.000000000000000000e+00 0.000000000000000000e+00 3.240225889083509403e-04 2.985758433421402356e-05
0.000000000000000000e+00 0.000000000000000000e+00 0.000000000000000000e+00 0.000000000000000000e+00 0.000000000000000000e+00
0.000000000000000000e+00 0.000000000000000000e+00 0.000000000000000000e+00 0.000000000000000000e+00 0.000000000000000000e+00
0.000000000000000000e+00 0.000000000000000000e+00 0.000000000000000000e+00 0.000000000000000000e+00 0.000000000000000000e+00
0.000000000000000000e+00 0.000000000000000000e+00 0.000000000000000000e+00 0.000000000000000000e+00 0.000000000000000000e+00
0.000000000000000000e+00 0.000000000000000000e+00 0.000000000000000000e+00 0.000000000000000000e+00 0.000000000000000000e+00
0.000000000000000000e+00 0.000000000000000000e+00 0.000000000000000000e+00 0.000000000000000000e+00 0.000000000000000000e+00
0.000000000000000000e+00 0.000000000000000000e+00 0.000000000000000000e+00 0.000000000000000000e+00 0.000000000000000000e+00
0.000000000000000000e+00 0.000000000000000000e+00 0.000000000000000000e+00 0.000000000000000000e+00 0.000000000000000000e+00
0.000000000000000000e+00 0.000000000000000000e+00 0.000000000000000000e+00 0.000000000000000000e+00 0.000000000000000000e+00
0.000000000000000000e+00 0.000000000000000000e+00 0.000000000000000000e+00 0.000000000000000000e+00 0.000000000000000000e+00
0.000000000000000000e+00 0.000000000000000000e+00 0.000000000000000000e+00 0.000000000000000000e+00 0.000000000000000000e+00
0.000000000000000000e+00 0.000000000000000000e+00 0.000000000000000000e+00 0.000000000000000000e+00 0.000000000000000000e+00
0.000000000000000000e+00 0.000000000000000000e+00 3.073432346601405636e-04 5.870286351895501864e-05 3.887654013986504551e-06
0.000000000000000000e+00 0.000000000000000000e+00 2.550028758365286558e-02 4.206991577415762976e-03 0.000000000000000000e+00
0.000000000000000000e+00 0.000000000000000000e+00 7.197846233965127238e-02 6.735837219708214890e-03 0.000000000000000000e+00
0.000000000000000000e+00 0.000000000000000000e+00 9.298398464226559357e-02 6.522464942286579012e-03 0.000000000000000000e+00
1.481660077590709820e-02 0.000000000000000000e+00 1.088714739519881375e-01 2.493514244508955677e-03 0.000000000000000000e+00
9.264405981577142346e-02 0.000000000000000000e+00 1.266532871907431745e-01 0.000000000000000000e+00 0.000000000000000000e+00
1.671393902924777353e-01 0.000000000000000000e+00 8.033605598463845754e-02 0.000000000000000000e+00 2.465034624328530169e-02
1.387958092427029611e-01 5.010174907104966019e-02 5.013492668575182665e-03 0.000000000000000000e+00 1.445860468644615815e-01
4.854870090829857543e-02 1.241004457403016015e-01 0.000000000000000000e+00 2.640414761808854149e-02 1.529684516426625951e-01
0.000000000000000000e+00 1.442871785972528187e-01 3.749139529085602357e-02 8.007819747300534696e-02 8.846795036435110837e-02
0.000000000000000000e+00 1.075336164297841096e-01 7.940034434975970501e-02 1.452268935489623713e-01 0.000000000000000000e+00
0.000000000000000000e+00 3.544502955756886897e-02 5.350898698669527553e-02 1.556660858781221402e-01 0.000000000000000000e+00
0.000000000000000000e+00 0.000000000000000000e+00 2.930739485639040354e-02 9.021549126905104021e-02 3.384933700924132663e-03
0.000000000000000000e+00 0.000000000000000000e+00 2.712817511684359451e-04 2.018993276004645704e-02 1.659646172630712107e-03
0.000000000000000000e+00 0.000000000000000000e+00 0.000000000000000000e+00 0.000000000000000000e+00 0.000000000000000000e+00
0.000000000000000000e+00 0.000000000000000000e+00 0.000000000000000000e+00 0.000000000000000000e+00 0.000000000000000000e+00
0.000000000000000000e+00 0.000000000000000000e+00 0.000000000000000000e+00 0.000000000000000000e+00 0.000000000000000000e+00
0.000000000000000000e+00 0.000000000000000000e+00 0.000000000000000000e+00 0.000000000000000000e+00 0.000000000000000000e+00
0.000000000000000000e+00 0.000000000000000000e+00 0.000000000000000000e+00 0.000000000000000000e+00 0.000000000000000000e+00
0.000000000000000000e+00 0.000000000000000000e+00 0.000000000000000000e+00 0.000000000000000000e+00 0.000000000000000000e+00
0.000000000000000000e+00 0.000000000000000000e+00 0.000000000000000000e+00 0.000000000000000000e+00 0.000000000000000000e+00
0.000000000000000000e+00 0.000000000000000000e+00 0.000000000000000000e+00 0.000000000000000000e+00 0.000000000000000000e+00
0.000000000000000000e+00 0.000000000000000000e+00 0.000000000000000000e+00 0.000000000000000000e+00 0.000000000000000000e+00
0.000000000000000000e+00 0.000000000000000000e+00 0.000000000000000000e+00 0.000000000000000000e+00 0.000000000000000000e+00
0.000000000000000000e+00 0.000000000000000000e+00 0.000000000000000000e+00 0.000000000000000000e+00 0.000000000000000000e+00
0.000000000000000000e+00 0.000000000000000000e+00 0.000000000000000000e+00 0.000000000000000000e+00 0.000000000000000000e+00
0.000000000000000000e+00 0.000000000000000000e+00 0.000000000000000000e+00 0.000000000000000000e+00 0.000000000000000000e+00
0.000000000000000000e+00 0.000000000000000000e+00 2.888373776568254215e-03 2.490593488385909227e-04 7.718101074190796516e-05
0.000000000000000000e+00 0.000000000000000000e+00 3.179657125242028176e-02 4.585280734916581322e-03 6.020414951151088420e-04
0.000000000000000000e+00 0.000000000000000000e+00 5.509106739463849600e-02 8.051028192874723141e-03 1.028796124159199856e-03
0.000000000000000000e+00 0.000000000000000000e+00 6.377575371523477865e-02 8.373227375285677981e-03 1.318167505917305525e-03
0.000000000000000000e+00 0.000000000000000000e+00 1.110218924736938451e-01 5.761290311627114379e-03 0.000000000000000000e+00
1.092445277974414368e-02 0.000000000000000000e+00 1.103147821364310055e-01 0.000000000000000000e+00 0.000000000000000000e+00
7.484541840372915811e-02 0.000000000000000000e+00 1.074575340259178585e-01 0.000000000000000000e+00 0.000000000000000000e+00
1.672312576934537609e-01 2.293650579354476055e-02 3.008678894558233785e-02 0.000000000000000000e+00 4.442754636852501438e-02
1.477043369076187218e-01 9.097735277792609598e-02 0.000000000000000000e+00 0.000000000000000000e+00 1.451780375085607311e-01
5.044457737032261718e-02 1.338560137402365346e-01 1.794276060331373782e-02 6.745510455442550735e-02 1.421996339543043497e-01
0.000000000000000000e+00 1.263472974327992382e-01 8.195586205530291934e-02 1.236401580528432853e-01 5.952019582495995942e-02
0.000000000000000000e+00 7.939753968907010961e-02 8.975474192554441788e-02 1.534627468873844547e-01 0.000000000000000000e+00
0.000000000000000000e+00 5.362628781547158947e-03 5.532573981706193078e-02 1.047621512414658590e-01 0.000000000000000000e+00
0.000000000000000000e+00 0.000000000000000000e+00 1.180404040469414280e-02 3.396798991968342368e-02 2.348797924717383953e-03
0.000000000000000000e+00 0.000000000000000000e+00 0.000000000000000000e+00 0.000000000000000000e+00 0.000000000000000000e+00
0.000000000000000000e+00 0.000000000000000000e+00 0.000000000000000000e+00 0.000000000000000000e+00 0.000000000000000000e+00
0.000000000000000000e+00 0.000000000000000000e+00 0.000000000000000000e+00 0.000000000000000000e+00 0.000000000000000000e+00
0.000000000000000000e+00 0.000000000000000000e+00 0.000000000000000000e+00 0.000000000000000000e+00 0.000000000000000000e+00
0.000000000000000000e+00 0.000000000000000000e+00 0.000000000000000000e+00 0.000000000000000000e+00 0.000000000000000000e+00
0.000000000000000000e+00 0.000000000000000000e+00 0.000000000000000000e+00 0.000000000000000000e+00 0.000000000000000000e+00
0.000000000000000000e+00 0.000000000000000000e+00 0.000000000000000000e+00 0.000000000000000000e+00 0.000000000000000000e+00
0.000000000000000000e+00 0.000000000000000000e+00 0.000000000000000000e+00 0.000000000000000000e+00 0.000000000000000000e+00
0.000000000000000000e+00 0.000000000000000000e+00 0.000000000000000000e+00 0.000000000000000000e+00 0.000000000000000000e+00
0.000000000000000000e+00 0.000000000000000000e+00 0.000000000000000000e+00 0.000000000000000000e+00 0.000000000000000000e+00
0.000000000000000000e+00 0.000000000000000000e+00 0.000000000000000000e+00 0.000000000000000000e+00 0.000000000000000000e+00
0.000000000000000000e+00 0.000000000000000000e+00 0.000000000000000000e+00 0.000000000000000000e+00 0.000000000000000000e+00
0.000000000000000000e+00 0.000000000000000000e+00 0.000000000000000000e+00 0.000000000000000000e+00 0.000000000000000000e+00
0.000000000000000000e+00 0.000000000000000000e+00 9.220297039804215824e-04 1.761085905568651982e-04 1.166296204195949925e-05
0.000000000000000000e+00 0.000000000000000000e+00 2.853971190887842624e-02 4.417151733975038970e-03 4.998767680512000147e-04
0.000000000000000000e+00 0.000000000000000000e+00 7.442678410841888081e-02 8.768377315978362341e-03 1.673056936375359651e-03
0.000000000000000000e+00 0.000000000000000000e+00 6.912816903852503359e-02 6.798030668576341903e-03 1.734743731734033787e-03
0.000000000000000000e+00 0.000000000000000000e+00 5.621975318279912731e-02 4.332510400780226201e-03 1.571462263146602414e-03
0.000000000000000000e+00 0.000000000000000000e+00 6.316113489612135146e-02 1.214521861467337876e-03 0.000000000000000000e+00
7.953939463113063671e-03 0.000000000000000000e+00 7.680683573464779090e-02 0.000000000000000000e+00 0.000000000000000000e+00
7.280537865942618425e-02 5.260031222420273253e-03 5.551947825342270354e-02 0.000000000000000000e+00 0.000000000000000000e+00
1.633447549755379091e-01 5.553345321642540189e-02 0.000000000000000000e+00 0.000000000000000000e+00 6.030859594088480019e-02
1.470916178095129367e-01 1.161589094949703471e-01 0.000000000000000000e+00 5.441654741033057074e-02 1.381489008733052248e-01
4.928419200817803908e-02 1.226217256283962803e-01 6.786462258867277664e-02 1.203740619793807476e-01 1.367660252193958204e-01
0.000000000000000000e+00 1.102396883923423276e-01 1.434167226556855024e-01 1.382222959839365384e-01 3.819912108694008268e-02
0.000000000000000000e+00 4.433040563084820335e-02 1.034256326181437896e-01 1.119650529877690703e-01 0.000000000000000000e+00
0.000000000000000000e+00 0.000000000000000000e+00 3.712141596493569173e-02 3.707124641810684296e-02 1.439808477824124121e-03
0.000000000000000000e+00 0.000000000000000000e+00 0.000000000000000000e+00 3.240225889083509403e-04 2.985758433421402356e-05
0.000000000000000000e+00 0.000000000000000000e+00 0.000000000000000000e+00 0.000000000000000000e+00 0.000000000000000000e+00
0.000000000000000000e+00 0.000000000000000000e+00 0.000000000000000000e+00 0.000000000000000000e+00 0.000000000000000000e+00
0.000000000000000000e+00 0.000000000000000000e+00 0.000000000000000000e+00 0.000000000000000000e+00 0.000000000000000000e+00
0.000000000000000000e+00 0.000000000000000000e+00 0.000000000000000000e+00 0.000000000000000000e+00 0.000000000000000000e+00
0.000000000000000000e+00 0.000000000000000000e+00 0.000000000000000000e+00 0.000000000000000000e+00 0.000000000000000000e+00
0.000000000000000000e+00 0.000000000000000000e+00 0.000000000000000000e+00 0.000000000000000000e+00 0.000000000000000000e+00
0.000000000000000000e+00 0.000000000000000000e+00 0.000000000000000000e+00 0.000000000000000000e+00 0.000000000000000000e+00
0.000000000000000000e+00 0.000000000000000000e+00 0.000000000000000000e+00 0.000000000000000000e+00 0.000000000000000000e+00
0.000000000000000000e+00 0.000000000000000000e+00 0.000000000000000000e+00 0.000000000000000000e+00 0.000000000000000000e+00
0.000000000000000000e+00 0.000000000000000000e+00 0.000000000000000000e+00 0.000000000000000000e+00 0.000000000000000000e+00
0.000000000000000000e+00 0.000000000000000000e+00 0.000000000000000000e+00 0.000000000000000000e+00 0.000000000000000000e+00
0.000000000000000000e+00 0.000000000000000000e+00 0.000000000000000000e+00 0.000000000000000000e+00 0.000000000000000000e+00
0.000000000000000000e+00 0.000000000000000000e+00 0.000000000000000000e+00 0.000000000000000000e+00 0.000000000000000000e+00
0.000000000000000000e+00 0.000000000000000000e+00 9.834983509124498036e-03 1.878491632606560597e-03 1.244049284475681456e-04
0.000000000000000000e+00 0.000000000000000000e+00 3.903259080183785895e-02 7.455263666907293446e-03 4.937320597762870919e-04
0.000000000000000000e+00 0.000000000000000000e+00 2.834691030976534826e-02 5.237758030425197428e-03 3.822762419794424756e-04
0.000000000000000000e+00 0.000000000000000000e+00 9.361330908776371168e-03 6.784061583323470123e-04 2.674464233310500246e-04
0.000000000000000000e+00 0.000000000000000000e+00 7.209928266155385922e-03 2.674861136996612245e-04 2.402328452331444343e-04
0.000000000000000000e+00 0.000000000000000000e+00 5.988494538400470496e-03 1.660548864681549912e-04 4.653089690353718808e-05
1.077716667416989994e-02 4.999143683268619147e-04 9.588764771687720290e-03 0.000000000000000000e+00 0.000000000000000000e+00
7.135394851059174981e-02 2.750471428037182600e-02 1.987168445819915627e-02 9.414464428588782295e-04 1.231032536058129269e-03
1.538965866751748068e-01 9.903313930256434083e-02 0.000000000000000000e+00 4.029203829289731975e-02 8.058499007933046798e-02
1.406141512140755834e-01 1.214283250978430706e-01 0.000000000000000000e+00 1.097441938673715672e-01 1.431247954577632986e-01
5.505185909501787711e-02 1.153779563816911546e-01 7.925498655924750890e-02 1.275124086684217561e-01 1.341731592642618764e-01
0.000000000000000000e+00 7.677396915330285398e-02 1.878274936363651393e-01 1.279796583061461879e-01 2.587113697207804250e-02
0.000000000000000000e+00 1.341141464660091168e-02 1.007484680466530780e-01 4.691126431762258214e-02 4.352010147157250701e-03
0.000000000000000000e+00 1.185188942485980749e-03 1.228786989436587637e-02 2.360178776780298606e-03 7.515140830838799467e-04
0.000000000000000000e+00 0.000000000000000000e+00 0.000000000000000000e+00 0.000000000000000000e+00 0.000000000000000000e+00
0.000000000000000000e+00 0.000000000000000000e+00 0.000000000000000000e+00 0.000000000000000000e+00 0.000000000000000000e+00
0.000000000000000000e+00 0.000000000000000000e+00 0.000000000000000000e+00 0.000000000000000000e+00 0.000000000000000000e+00
0.000000000000000000e+00 0.000000000000000000e+00 0.000000000000000000e+00 0.000000000000000000e+00 0.000000000000000000e+00
0.000000000000000000e+00 0.000000000000000000e+00 0.000000000000000000e+00 0.000000000000000000e+00 0.000000000000000000e+00
0.000000000000000000e+00 0.000000000000000000e+00 0.000000000000000000e+00 0.000000000000000000e+00 0.000000000000000000e+00
0.000000000000000000e+00 0.000000000000000000e+00 0.000000000000000000e+00 0.000000000000000000e+00 0.000000000000000000e+00
0.000000000000000000e+00 0.000000000000000000e+00 0.000000000000000000e+00 0.000000000000000000e+00 0.000000000000000000e+00
0.000000000000000000e+00 0.000000000000000000e+00 0.000000000000000000e+00 0.000000000000000000e+00 0.000000000000000000e+00
0.000000000000000000e+00 0.000000000000000000e+00 0.000000000000000000e+00 0.000000000000000000e+00 0.000000000000000000e+00
0.000000000000000000e+00 0.000000000000000000e+00 0.000000000000000000e+00 0.000000000000000000e+00 0.000000000000000000e+00
0.000000000000000000e+00 0.000000000000000000e+00 0.000000000000000000e+00 0.000000000000000000e+00 0.000000000000000000e+00
0.000000000000000000e+00 0.000000000000000000e+00 0.000000000000000000e+00 0.000000000000000000e+00 0.000000000000000000e+00
0.000000000000000000e+00 0.000000000000000000e+00 0.000000000000000000e+00 0.000000000000000000e+00 0.000000000000000000e+00
0.000000000000000000e+00 0.000000000000000000e+00 1.659653467164759130e-02 3.169954630023572376e-03 2.099333167552715727e-04
0.000000000000000000e+00 0.000000000000000000e+00 1.490614688101682059e-02 2.847088880669320678e-03 1.885512196783453297e-04
0.000000000000000000e+00 0.000000000000000000e+00 2.305074259951055311e-03 4.402714763921630227e-04 2.915740510489899293e-05
0.000000000000000000e+00 0.000000000000000000e+00 0.000000000000000000e+00 0.000000000000000000e+00 0.000000000000000000e+00
0.000000000000000000e+00 0.000000000000000000e+00 0.000000000000000000e+00 0.000000000000000000e+00 0.000000000000000000e+00
0.000000000000000000e+00 0.000000000000000000e+00 0.000000000000000000e+00 0.000000000000000000e+00 0.000000000000000000e+00
1.159327137117203456e-02 4.399151080475216351e-03 0.000000000000000000e+00 2.452593847180146655e-03 0.000000000000000000e+00
7.578967213209548970e-02 5.719823688243157872e-02 0.000000000000000000e+00 3.740135096079640759e-02 0.000000000000000000e+00
1.457890306259457258e-01 1.190957796105666655e-01 0.000000000000000000e+00 1.045414930980037987e-01 9.046168682284394524e-02
1.393622860310201883e-01 1.241075783939345895e-01 0.000000000000000000e+00 1.157443748367633363e-01 1.437048173492694314e-01
6.292853251745191001e-02 1.007805479634375639e-01 1.089885815448305706e-01 1.212326517995054864e-01 1.173008421264516432e-01
0.000000000000000000e+00 3.976695873293913108e-02 2.084547522555398602e-01 5.807812813519440398e-02 1.926345703810605423e-02
0.000000000000000000e+00 5.267123459532076744e-03 1.225921295680919981e-01 0.000000000000000000e+00 0.000000000000000000e+00
0.000000000000000000e+00 3.046847092578493362e-04 1.292666153192819148e-03 0.000000000000000000e+00 2.578318604903637829e-04
0.000000000000000000e+00 0.000000000000000000e+00 0.000000000000000000e+00 0.000000000000000000e+00 0.000000000000000000e+00
0.000000000000000000e+00 0.000000000000000000e+00 0.000000000000000000e+00 0.000000000000000000e+00 0.000000000000000000e+00
0.000000000000000000e+00 0.000000000000000000e+00 0.000000000000000000e+00 0.000000000000000000e+00 0.000000000000000000e+00
0.000000000000000000e+00 0.000000000000000000e+00 0.000000000000000000e+00 0.000000000000000000e+00 0.000000000000000000e+00
0.000000000000000000e+00 0.000000000000000000e+00 0.000000000000000000e+00 0.000000000000000000e+00 0.000000000000000000e+00
0.000000000000000000e+00 0.000000000000000000e+00 0.000000000000000000e+00 0.000000000000000000e+00 0.000000000000000000e+00
0.000000000000000000e+00 0.000000000000000000e+00 0.000000000000000000e+00 0.000000000000000000e+00 0.000000000000000000e+00
0.000000000000000000e+00 0.000000000000000000e+00 0.000000000000000000e+00 0.000000000000000000e+00 0.000000000000000000e+00
0.000000000000000000e+00 0.000000000000000000e+00 0.000000000000000000e+00 0.000000000000000000e+00 0.000000000000000000e+00
0.000000000000000000e+00 0.000000000000000000e+00 0.000000000000000000e+00 0.000000000000000000e+00 0.000000000000000000e+00
0.000000000000000000e+00 0.000000000000000000e+00 0.000000000000000000e+00 0.000000000000000000e+00 0.000000000000000000e+00
0.000000000000000000e+00 0.000000000000000000e+00 0.000000000000000000e+00 0.000000000000000000e+00 0.000000000000000000e+00
0.000000000000000000e+00 0.000000000000000000e+00 0.000000000000000000e+00 0.000000000000000000e+00 0.000000000000000000e+00
0.000000000000000000e+00 0.000000000000000000e+00 0.000000000000000000e+00 0.000000000000000000e+00 0.000000000000000000e+00
0.000000000000000000e+00 0.000000000000000000e+00 0.000000000000000000e+00 0.000000000000000000e+00 0.000000000000000000e+00
0.000000000000000000e+00 3.905752648823441336e-05 0.000000000000000000e+00 2.130768072906640367e-04 0.000000000000000000e+00
0.000000000000000000e+00 3.068805652646993494e-04 0.000000000000000000e+00 1.674174914426646010e-03 0.000000000000000000e+00
0.000000000000000000e+00 0.000000000000000000e+00 0.000000000000000000e+00 0.000000000000000000e+00 0.000000000000000000e+00
0.000000000000000000e+00 0.000000000000000000e+00 0.000000000000000000e+00 0.000000000000000000e+00 0.000000000000000000e+00
2.035607666624654011e-04 9.244852262132616195e-04 0.000000000000000000e+00 1.917891933407172645e-03 0.000000000000000000e+00
1.451531074689419581e-02 1.961187839394983728e-02 0.000000000000000000e+00 3.508775981923570320e-02 0.000000000000000000e+00
7.555988571922898911e-02 9.444735655555372422e-02 0.000000000000000000e+00 1.044767014662882632e-01 9.763928301451419225e-03
1.380699086190836089e-01 1.290454223921434218e-01 0.000000000000000000e+00 1.124893300758648684e-01 1.122959281627339684e-01
1.371188570927029116e-01 1.201706754791479065e-01 2.265270913433457475e-02 1.107564030402719835e-01 1.391224930838922680e-01
6.868626762391562279e-02 7.395124544853891313e-02 1.450330562617616059e-01 6.354597397830639982e-02 9.369504544269550983e-02
0.000000000000000000e+00 1.671938191706991497e-02 1.936525652894684757e-01 2.081643180578449104e-03 9.706791011198593472e-03
0.000000000000000000e+00 4.629160614653872073e-04 8.186783227051744327e-02 0.000000000000000000e+00 0.000000000000000000e+00
1.071039146422753644e-04 0.000000000000000000e+00 1.544593473980481260e-02 0.000000000000000000e+00 0.000000000000000000e+00
0.000000000000000000e+00 0.000000000000000000e+00 0.000000000000000000e+00 0.000000000000000000e+00 0.000000000000000000e+00
0.000000000000000000e+00 0.000000000000000000e+00 0.000000000000000000e+00 0.000000000000000000e+00 0.000000000000000000e+00
0.000000000000000000e+00 0.000000000000000000e+00 0.000000000000000000e+00 0.000000000000000000e+00 0.000000000000000000e+00
0.000000000000000000e+00 0.000000000000000000e+00 0.000000000000000000e+00 0.000000000000000000e+00 0.000000000000000000e+00
0.000000000000000000e+00 0.000000000000000000e+00 0.000000000000000000e+00 0.000000000000000000e+00 0.000000000000000000e+00
0.000000000000000000e+00 0.000000000000000000e+00 0.000000000000000000e+00 0.000000000000000000e+00 0.000000000000000000e+00
0.000000000000000000e+00 0.000000000000000000e+00 0.000000000000000000e+00 0.000000000000000000e+00 0.000000000000000000e+00
0.000000000000000000e+00 0.000000000000000000e+00 0.000000000000000000e+00 0.000000000000000000e+00 0.000000000000000000e+00
0.000000000000000000e+00 0.000000000000000000e+00 0.000000000000000000e+00 0.000000000000000000e+00 0.000000000000000000e+00
0.000000000000000000e+00 0.000000000000000000e+00 0.000000000000000000e+00 0.000000000000000000e+00 0.000000000000000000e+00
0.000000000000000000e+00 0.000000000000000000e+00 0.000000000000000000e+00 0.000000000000000000e+00 0.000000000000000000e+00
0.000000000000000000e+00 0.000000000000000000e+00 0.000000000000000000e+00 0.000000000000000000e+00 0.000000000000000000e+00
0.000000000000000000e+00 0.000000000000000000e+00 0.000000000000000000e+00 0.000000000000000000e+00 0.000000000000000000e+00
0.000000000000000000e+00 0.000000000000000000e+00 0.000000000000000000e+00 0.000000000000000000e+00 0.000000000000000000e+00
0.000000000000000000e+00 8.369469961764515020e-05 0.000000000000000000e+00 4.565931584799942482e-04 0.000000000000000000e+00
0.000000000000000000e+00 1.339115193882324138e-04 0.000000000000000000e+00 7.305490535679907971e-04 0.000000000000000000e+00
0.000000000000000000e+00 1.283318727470559141e-04 0.000000000000000000e+00 7.001095096693248391e-04 0.000000000000000000e+00
0.000000000000000000e+00 0.000000000000000000e+00 0.000000000000000000e+00 0.000000000000000000e+00 0.000000000000000000e+00
3.288116498610672467e-06 0.000000000000000000e+00 0.000000000000000000e+00 3.250642552358894068e-03 0.000000000000000000e+00
1.255633447748230125e-03 6.178206181815259351e-03 0.000000000000000000e+00 1.931742890502971197e-02 0.000000000000000000e+00
1.570385287272015734e-02 4.972569510368827356e-02 0.000000000000000000e+00 1.125816480244833800e-01 0.000000000000000000e+00
5.147720284875532265e-02 1.277531746316550310e-01 0.000000000000000000e+00 1.171448139251915072e-01 2.383139130707963294e-02
1.288386494973373098e-01 1.311281868702950382e-01 0.000000000000000000e+00 1.086862746199421109e-01 1.231996512047840581e-01
1.356344264855253723e-01 1.034124682089395952e-01 4.063004105822769219e-02 7.097236125644949822e-02 1.419672390663214434e-01
8.542087593173718074e-02 3.632185090138772415e-02 1.698657332405929810e-01 5.313765656177778587e-03 8.274806049679482578e-02
1.024919064634587963e-02 4.834269315167154940e-03 1.578167513896228114e-01 0.000000000000000000e+00 6.181784408856211971e-03
0.000000000000000000e+00 0.000000000000000000e+00 6.846475954952663256e-02 0.000000000000000000e+00 0.000000000000000000e+00
3.287495157769851199e-04 0.000000000000000000e+00 4.741043857634531788e-02 0.000000000000000000e+00 0.000000000000000000e+00
1.157403415808396169e-03 0.000000000000000000e+00 1.473978557886955129e-02 0.000000000000000000e+00 0.000000000000000000e+00
3.222187496970125155e-04 0.000000000000000000e+00 2.495765788852178616e-04 0.000000000000000000e+00 3.525578937119124240e-05
0.000000000000000000e+00 0.000000000000000000e+00 0.000000000000000000e+00 0.000000000000000000e+00 0.000000000000000000e+00
0.000000000000000000e+00 0.000000000000000000e+00 0.000000000000000000e+00 0.000000000000000000e+00 0.000000000000000000e+00
0.000000000000000000e+00 0.000000000000000000e+00 0.000000000000000000e+00 0.000000000000000000e+00 0.000000000000000000e+00
0.000000000000000000e+00 0.000000000000000000e+00 0.000000000000000000e+00 0.000000000000000000e+00 0.000000000000000000e+00
0.000000000000000000e+00 0.000000000000000000e+00 0.000000000000000000e+00 0.000000000000000000e+00 0.000000000000000000e+00
0.000000000000000000e+00 0.000000000000000000e+00 0.000000000000000000e+00 0.000000000000000000e+00 0.000000000000000000e+00
0.000000000000000000e+00 0.000000000000000000e+00 0.000000000000000000e+00 0.000000000000000000e+00 0.000000000000000000e+00
0.000000000000000000e+00 0.000000000000000000e+00 0.000000000000000000e+00 0.000000000000000000e+00 0.000000000000000000e+00
0.000000000000000000e+00 0.000000000000000000e+00 0.000000000000000000e+00 0.000000000000000000e+00 0.000000000000000000e+00
0.000000000000000000e+00 0.000000000000000000e+00 0.000000000000000000e+00 0.000000000000000000e+00 0.000000000000000000e+00
0.000000000000000000e+00 0.000000000000000000e+00 0.000000000000000000e+00 0.000000000000000000e+00 0.000000000000000000e+00
0.000000000000000000e+00 0.000000000000000000e+00 0.000000000000000000e+00 0.000000000000000000e+00 0.000000000000000000e+00
0.000000000000000000e+00 3.180398585470516981e-04 0.000000000000000000e+00 1.735054002223979010e-03 0.000000000000000000e+00
0.000000000000000000e+00 4.631106712176368402e-04 0.000000000000000000e+00 2.526482143589302374e-03 0.000000000000000000e+00
0.000000000000000000e+00 0.000000000000000000e+00 0.000000000000000000e+00 0.000000000000000000e+00 0.000000000000000000e+00
0.000000000000000000e+00 0.000000000000000000e+00 0.000000000000000000e+00 0.000000000000000000e+00 0.000000000000000000e+00
0.000000000000000000e+00 0.000000000000000000e+00 0.000000000000000000e+00 1.096157811389396504e-02 0.000000000000000000e+00
1.951717567869583119e-03 2.230943692861344849e-02 0.000000000000000000e+00 8.916658225059159726e-02 0.000000000000000000e+00
6.554842825365867626e-03 1.016676581762726017e-01 0.000000000000000000e+00 1.305365682207179356e-01 0.000000000000000000e+00
2.144767115284138687e-02 1.430526924173605163e-01 0.000000000000000000e+00 1.062348761333202773e-01 4.624213439002366338e-02
1.199711041450294419e-01 1.369778964284785738e-01 0.000000000000000000e+00 6.756679578893014237e-02 1.303716613792994528e-01
1.374594950898126722e-01 7.217198925344127380e-02 2.704803686735961915e-02 1.604748803956980788e-02 1.436039727414278599e-01
1.001968593241033129e-01 3.814301122241059265e-03 1.747968665775266051e-01 0.000000000000000000e+00 5.944309886887221006e-02
3.557294277173154995e-02 0.000000000000000000e+00 1.314317554955341527e-01 0.000000000000000000e+00 0.000000000000000000e+00
1.236030277196838558e-03 0.000000000000000000e+00 6.536026386084699269e-02 0.000000000000000000e+00 0.000000000000000000e+00
4.304230604692572959e-03 0.000000000000000000e+00 5.643812107565281816e-02 0.000000000000000000e+00 0.000000000000000000e+00
6.837254597054282824e-03 2.733814832306149774e-04 2.409800934982163009e-02 0.000000000000000000e+00 0.000000000000000000e+00
3.920328121313651666e-03 0.000000000000000000e+00 3.036515043103484371e-03 0.000000000000000000e+00 4.289454373494935011e-04
0.000000000000000000e+00 0.000000000000000000e+00 0.000000000000000000e+00 0.000000000000000000e+00 0.000000000000000000e+00
0.000000000000000000e+00 0.000000000000000000e+00 0.000000000000000000e+00 0.000000000000000000e+00 0.000000000000000000e+00
0.000000000000000000e+00 0.000000000000000000e+00 0.000000000000000000e+00 0.000000000000000000e+00 0.000000000000000000e+00
0.000000000000000000e+00 0.000000000000000000e+00 0.000000000000000000e+00 0.000000000000000000e+00 0.000000000000000000e+00
0.000000000000000000e+00 0.000000000000000000e+00 0.000000000000000000e+00 0.000000000000000000e+00 0.000000000000000000e+00
0.000000000000000000e+00 0.000000000000000000e+00 0.000000000000000000e+00 0.000000000000000000e+00 0.000000000000000000e+00
0.000000000000000000e+00 0.000000000000000000e+00 0.000000000000000000e+00 0.000000000000000000e+00 0.000000000000000000e+00
0.000000000000000000e+00 0.000000000000000000e+00 0.000000000000000000e+00 0.000000000000000000e+00 0.000000000000000000e+00
0.000000000000000000e+00 0.000000000000000000e+00 0.000000000000000000e+00 0.000000000000000000e+00 0.000000000000000000e+00
0.000000000000000000e+00 0.000000000000000000e+00 0.000000000000000000e+00 0.000000000000000000e+00 0.000000000000000000e+00
0.000000000000000000e+00 0.000000000000000000e+00 0.000000000000000000e+00 0.000000000000000000e+00 0.000000000000000000e+00
0.000000000000000000e+00 0.000000000000000000e+00 0.000000000000000000e+00 0.000000000000000000e+00 0.000000000000000000e+00
0.000000000000000000e+00 0.000000000000000000e+00 0.000000000000000000e+00 0.000000000000000000e+00 0.000000000000000000e+00
0.000000000000000000e+00 0.000000000000000000e+00 0.000000000000000000e+00 0.000000000000000000e+00 0.000000000000000000e+00
0.000000000000000000e+00 0.000000000000000000e+00 0.000000000000000000e+00 0.000000000000000000e+00 0.000000000000000000e+00
0.000000000000000000e+00 0.000000000000000000e+00 0.000000000000000000e+00 8.478411235697069434e-03 1.484130367634243261e-04
0.000000000000000000e+00 0.000000000000000000e+00 0.000000000000000000e+00 7.733558803647354318e-02 0.000000000000000000e+00
3.459672728912151132e-03 5.375430848236451703e-02 0.000000000000000000e+00 1.499393837708294652e-01 0.000000000000000000e+00
0.000000000000000000e+00 1.271667038266117988e-01 0.000000000000000000e+00 1.252991302948511798e-01 0.000000000000000000e+00
1.630483409817203716e-02 1.512156301098242783e-01 0.000000000000000000e+00 6.943678908017678064e-02 6.536076281895501772e-02
1.004284961683165750e-01 1.201223906191924845e-01 0.000000000000000000e+00 1.716093813552822681e-03 1.491621106284946319e-01
1.428112199970064944e-01 3.040412452653473360e-02 4.245289885074768343e-02 0.000000000000000000e+00 1.448483977009510926e-01
1.143990191473241991e-01 0.000000000000000000e+00 1.298624518917451953e-01 0.000000000000000000e+00 4.813217651986587131e-02
6.054909561932747541e-02 0.000000000000000000e+00 1.106252619813907351e-01 0.000000000000000000e+00 0.000000000000000000e+00
1.182856671772547497e-02 0.000000000000000000e+00 7.467999750551516935e-02 0.000000000000000000e+00 0.000000000000000000e+00
6.936405395634763320e-03 0.000000000000000000e+00 6.203290091776138965e-02 0.000000000000000000e+00 0.000000000000000000e+00
6.818457777157560518e-03 0.000000000000000000e+00 4.241859235684248414e-02 0.000000000000000000e+00 0.000000000000000000e+00
1.778434023531097604e-03 0.000000000000000000e+00 3.350719673400667092e-02 3.197338765587795506e-04 1.061537823478171487e-03
0.000000000000000000e+00 0.000000000000000000e+00 1.278123647182091357e-02 4.741799288312178594e-04 4.258673165496652444e-04
0.000000000000000000e+00 0.000000000000000000e+00 0.000000000000000000e+00 0.000000000000000000e+00 0.000000000000000000e+00
0.000000000000000000e+00 0.000000000000000000e+00 0.000000000000000000e+00 0.000000000000000000e+00 0.000000000000000000e+00
0.000000000000000000e+00 0.000000000000000000e+00 0.000000000000000000e+00 0.000000000000000000e+00 0.000000000000000000e+00
0.000000000000000000e+00 0.000000000000000000e+00 0.000000000000000000e+00 0.000000000000000000e+00 0.000000000000000000e+00
0.000000000000000000e+00 0.000000000000000000e+00 0.000000000000000000e+00 0.000000000000000000e+00 0.000000000000000000e+00
0.000000000000000000e+00 0.000000000000000000e+00 0.000000000000000000e+00 0.000000000000000000e+00 0.000000000000000000e+00
0.000000000000000000e+00 0.000000000000000000e+00 0.000000000000000000e+00 0.000000000000000000e+00 0.000000000000000000e+00
0.000000000000000000e+00 0.000000000000000000e+00 0.000000000000000000e+00 0.000000000000000000e+00 0.000000000000000000e+00
0.000000000000000000e+00 0.000000000000000000e+00 0.000000000000000000e+00 0.000000000000000000e+00 0.000000000000000000e+00
0.000000000000000000e+00 0.000000000000000000e+00 0.000000000000000000e+00 0.000000000000000000e+00 0.000000000000000000e+00
0.000000000000000000e+00 0.000000000000000000e+00 0.000000000000000000e+00 0.000000000000000000e+00 0.000000000000000000e+00
0.000000000000000000e+00 0.000000000000000000e+00 0.000000000000000000e+00 0.000000000000000000e+00 0.000000000000000000e+00
0.000000000000000000e+00 0.000000000000000000e+00 0.000000000000000000e+00 0.000000000000000000e+00 0.000000000000000000e+00
0.000000000000000000e+00 0.000000000000000000e+00 1.058718940861418014e-03 1.056759731819187191e-02 5.726682689001554244e-04
0.000000000000000000e+00 0.000000000000000000e+00 5.182296920105904960e-03 5.194179693910327272e-02 1.242788061801592802e-03
0.000000000000000000e+00 1.307019097394172998e-02 8.739157671369198951e-03 1.334543666123467476e-01 0.000000000000000000e+00
0.000000000000000000e+00 9.413501108247708526e-02 2.757558909015519338e-02 1.495203359744726457e-01 0.000000000000000000e+00
0.000000000000000000e+00 1.430891858791125959e-01 3.463515154560029008e-02 9.663003710589619655e-02 3.031760339330589983e-04
1.628956916088225440e-03 1.503877051263823872e-01 2.340913650621583367e-02 1.798803694242953957e-02 7.895150173280317263e-02
7.158702605983180423e-02 7.602335981658910058e-02 2.627308076004188087e-02 0.000000000000000000e+00 1.676461161163273206e-01
1.409218749579152496e-01 7.659440437792726982e-04 6.435725635273614742e-02 0.000000000000000000e+00 1.392129203467112331e-01
1.356207476436657733e-01 0.000000000000000000e+00 9.074808884426723010e-02 1.182713479208440891e-03 5.363676603177761765e-02
7.835842746722752883e-02 0.000000000000000000e+00 1.116327003390893552e-01 0.000000000000000000e+00 0.000000000000000000e+00
1.926812913503685512e-02 0.000000000000000000e+00 1.078856446097413990e-01 0.000000000000000000e+00 0.000000000000000000e+00
2.178630927934543850e-03 0.000000000000000000e+00 1.034440697618429356e-01 6.451426931445291028e-04 0.000000000000000000e+00
2.964010166165447283e-03 0.000000000000000000e+00 9.723846610441239102e-02 0.000000000000000000e+00 0.000000000000000000e+00
0.000000000000000000e+00 0.000000000000000000e+00 7.821339509773325704e-02 5.523969238642001227e-04 0.000000000000000000e+00
0.000000000000000000e+00 0.000000000000000000e+00 2.261295683476007012e-02 8.389337202398467527e-04 7.534575600494078026e-04
0.000000000000000000e+00 0.000000000000000000e+00 0.000000000000000000e+00 0.000000000000000000e+00 0.000000000000000000e+00
0.000000000000000000e+00 0.000000000000000000e+00 0.000000000000000000e+00 0.000000000000000000e+00 0.000000000000000000e+00
0.000000000000000000e+00 0.000000000000000000e+00 0.000000000000000000e+00 0.000000000000000000e+00 0.000000000000000000e+00
0.000000000000000000e+00 0.000000000000000000e+00 0.000000000000000000e+00 0.000000000000000000e+00 0.000000000000000000e+00
0.000000000000000000e+00 0.000000000000000000e+00 0.000000000000000000e+00 0.000000000000000000e+00 0.000000000000000000e+00
0.000000000000000000e+00 0.000000000000000000e+00 0.000000000000000000e+00 0.000000000000000000e+00 0.000000000000000000e+00
0.000000000000000000e+00 0.000000000000000000e+00 0.000000000000000000e+00 0.000000000000000000e+00 0.000000000000000000e+00
0.000000000000000000e+00 0.000000000000000000e+00 0.000000000000000000e+00 0.000000000000000000e+00 0.000000000000000000e+00
0.000000000000000000e+00 0.000000000000000000e+00 0.000000000000000000e+00 0.000000000000000000e+00 0.000000000000000000e+00
0.000000000000000000e+00 0.000000000000000000e+00 0.000000000000000000e+00 0.000000000000000000e+00 0.000000000000000000e+00
0.000000000000000000e+00 0.000000000000000000e+00 0.000000000000000000e+00 0.000000000000000000e+00 0.000000000000000000e+00
0.000000000000000000e+00 0.000000000000000000e+00 0.000000000000000000e+00 0.000000000000000000e+00 0.000000000000000000e+00
0.000000000000000000e+00 0.000000000000000000e+00 3.767466511076998995e-03 5.293978365417549049e-03 3.690098218348042609e-04
0.000000000000000000e+00 0.000000000000000000e+00 2.723030605574563306e-02 4.303753672052906820e-02 2.724830298034040723e-03
0.000000000000000000e+00 0.000000000000000000e+00 3.867576436585806049e-02 1.059302602894662548e-01 5.471186964752881160e-04
0.000000000000000000e+00 4.760542723495541501e-02 3.364283783555876983e-02 1.598978385294692051e-01 0.000000000000000000e+00
0.000000000000000000e+00 1.156538002609771437e-01 5.438853500133624536e-02 1.227498757675580254e-01 0.000000000000000000e+00
0.000000000000000000e+00 1.565110078211119915e-01 5.565789227747523077e-02 4.147385053194912324e-02 2.244685412929437601e-02
0.000000000000000000e+00 1.211416483325814114e-01 4.025633700663291265e-02 0.000000000000000000e+00 1.042836417303958374e-01
4.769778048200206538e-02 3.164372674367488952e-02 3.514613957325891935e-02 0.000000000000000000e+00 1.767917567110364463e-01
1.331750873954540837e-01 0.000000000000000000e+00 4.060756204219204135e-02 9.268231715451798539e-03 1.377266491823192496e-01
1.557249227093815136e-01 0.000000000000000000e+00 2.849856373924978051e-02 7.575733937518205289e-04 5.128411023656011952e-02
8.857722653416627567e-02 0.000000000000000000e+00 9.739403537626979690e-02 0.000000000000000000e+00 1.975595442445628874e-03
3.781275287013101394e-02 0.000000000000000000e+00 1.280377232645971142e-01 0.000000000000000000e+00 0.000000000000000000e+00
1.235323681803148985e-02 0.000000000000000000e+00 1.262430649685451767e-01 4.299101219411557116e-03 0.000000000000000000e+00
1.108672099422138273e-03 0.000000000000000000e+00 7.928309897897969916e-02 0.000000000000000000e+00 0.000000000000000000e+00
0.000000000000000000e+00 0.000000000000000000e+00 7.600280337269610387e-02 0.000000000000000000e+00 0.000000000000000000e+00
0.000000000000000000e+00 0.000000000000000000e+00 3.874537835992355322e-02 0.000000000000000000e+00 0.000000000000000000e+00
0.000000000000000000e+00 0.000000000000000000e+00 0.000000000000000000e+00 0.000000000000000000e+00 0.000000000000000000e+00
0.000000000000000000e+00 0.000000000000000000e+00 0.000000000000000000e+00 0.000000000000000000e+00 0.000000000000000000e+00
0.000000000000000000e+00 0.000000000000000000e+00 0.000000000000000000e+00 0.000000000000000000e+00 0.000000000000000000e+00
0.000000000000000000e+00 0.000000000000000000e+00 0.000000000000000000e+00 0.000000000000000000e+00 0.000000000000000000e+00
0.000000000000000000e+00 0.000000000000000000e+00 0.000000000000000000e+00 0.000000000000000000e+00 0.000000000000000000e+00
0.000000000000000000e+00 0.000000000000000000e+00 0.000000000000000000e+00 0.000000000000000000e+00 0.000000000000000000e+00
0.000000000000000000e+00 0.000000000000000000e+00 0.000000000000000000e+00 0.000000000000000000e+00 0.000000000000000000e+00
0.000000000000000000e+00 0.000000000000000000e+00 0.000000000000000000e+00 0.000000000000000000e+00 0.000000000000000000e+00
0.000000000000000000e+00 0.000000000000000000e+00 0.000000000000000000e+00 0.000000000000000000e+00 0.000000000000000000e+00
0.000000000000000000e+00 0.000000000000000000e+00 0.000000000000000000e+00 0.000000000000000000e+00 0.000000000000000000e+00
0.000000000000000000e+00 0.000000000000000000e+00 0.000000000000000000e+00 0.000000000000000000e+00 0.000000000000000000e+00
0.000000000000000000e+00 0.000000000000000000e+00 0.000000000000000000e+00 0.000000000000000000e+00 0.000000000000000000e+00
0.000000000000000000e+00 0.000000000000000000e+00 3.925528440679260794e-02 2.518435983312294901e-02 2.510446764720682556e-03
0.000000000000000000e+00 0.000000000000000000e+00 7.618472995191130637e-02 9.171416617350744427e-02 6.849095801451294575e-03
0.000000000000000000e+00 9.297910193277919219e-03 5.939802208801970435e-02 1.435755427705635023e-01 0.000000000000000000e+00
0.000000000000000000e+00 8.390050592775788463e-02 6.318076297083166648e-02 1.472908100418984512e-01 0.000000000000000000e+00
1.839202785979715570e-04 1.399078424231184059e-01 6.577572068018339158e-02 6.757585856977531280e-02 0.000000000000000000e+00
0.000000000000000000e+00 1.516558675189989824e-01 4.628844410501064405e-02 0.000000000000000000e+00 3.776632553136961140e-02
0.000000000000000000e+00 9.529130373567244738e-02 2.682842095905264498e-02 0.000000000000000000e+00 1.147924774758138783e-01
2.644134685542451693e-02 8.812171343474508103e-03 2.827397245982652806e-03 4.819461735369975127e-04 1.783533790540250130e-01
1.154220454171917265e-01 0.000000000000000000e+00 0.000000000000000000e+00 1.506219151768946850e-02 1.378988912960711910e-01
1.579634014757735350e-01 0.000000000000000000e+00 1.722937807135857188e-02 6.770101639853326296e-03 5.331623892730000258e-02
1.069979153897804014e-01 0.000000000000000000e+00 6.224738470693515213e-02 0.000000000000000000e+00 2.702300921569489919e-03
4.745236666360234251e-02 0.000000000000000000e+00 1.029166475312523893e-01 0.000000000000000000e+00 0.000000000000000000e+00
2.014260688349192932e-02 0.000000000000000000e+00 9.020662603139023572e-02 8.038859318594076230e-04 0.000000000000000000e+00
1.028732872112340761e-02 0.000000000000000000e+00 6.207714768860163324e-02 0.000000000000000000e+00 0.000000000000000000e+00
2.279145800561515299e-03 0.000000000000000000e+00 5.561144994303846706e-02 0.000000000000000000e+00 0.000000000000000000e+00
2.573469060154696649e-04 0.000000000000000000e+00 3.711314874980876227e-02 0.000000000000000000e+00 0.000000000000000000e+00
0.000000000000000000e+00 0.000000000000000000e+00 0.000000000000000000e+00 0.000000000000000000e+00 0.000000000000000000e+00
0.000000000000000000e+00 0.000000000000000000e+00 0.000000000000000000e+00 0.000000000000000000e+00 0.000000000000000000e+00
0.000000000000000000e+00 0.000000000000000000e+00 0.000000000000000000e+00 0.000000000000000000e+00 0.000000000000000000e+00
0.000000000000000000e+00 0.000000000000000000e+00 0.000000000000000000e+00 0.000000000000000000e+00 0.000000000000000000e+00
0.000000000000000000e+00 4.830350902051208921e-05 2.723714787672825311e-03 0.000000000000000000e+00 4.202837120226813813e-03
0.000000000000000000e+00 0.000000000000000000e+00 0.000000000000000000e+00 0.000000000000000000e+00 0.000000000000000000e+00
0.000000000000000000e+00 0.000000000000000000e+00 0.000000000000000000e+00 0.000000000000000000e+00 0.000000000000000000e+00
0.000000000000000000e+00 0.000000000000000000e+00 0.000000000000000000e+00 0.000000000000000000e+00 0.000000000000000000e+00
0.000000000000000000e+00 0.000000000000000000e+00 0.000000000000000000e+00 0.000000000000000000e+00 0.000000000000000000e+00
0.000000000000000000e+00 0.000000000000000000e+00 0.000000000000000000e+00 0.000000000000000000e+00 0.000000000000000000e+00
0.000000000000000000e+00 0.000000000000000000e+00 0.000000000000000000e+00 0.000000000000000000e+00 0.000000000000000000e+00
0.000000000000000000e+00 0.000000000000000000e+00 0.000000000000000000e+00 6.058195659940431022e-03 5.066528546435682774e-04
0.000000000000000000e+00 0.000000000000000000e+00 3.050953800809625555e-02 5.046781023302916724e-02 3.901865697694935266e-03
0.000000000000000000e+00 0.000000000000000000e+00 6.984411114773032836e-02 1.119215802807327631e-01 3.883065777244643427e-03
0.000000000000000000e+00 3.231071609624988628e-02 7.247523692229544678e-02 1.524079554547741466e-01 0.000000000000000000e+00
0.000000000000000000e+00 1.080029244149372930e-01 7.328927223063110008e-02 1.072707426601009068e-01 0.000000000000000000e+00
0.000000000000000000e+00 1.472821200064728386e-01 6.188935543317698740e-02 3.659658042509014719e-02 0.000000000000000000e+00
0.000000000000000000e+00 1.290835066101892192e-01 6.005370750520713785e-02 0.000000000000000000e+00 5.846047337944332983e-02
0.000000000000000000e+00 5.972372946851883108e-02 4.841688607542724010e-02 0.000000000000000000e+00 1.138385125696056294e-01
2.353650215448539404e-02 0.000000000000000000e+00 0.000000000000000000e+00 8.221603133748431672e-03 1.690669407355649412e-01
8.257061259192277625e-02 0.000000000000000000e+00 0.000000000000000000e+00 1.866332190286395382e-02 1.466112918385020225e-01
1.438370251999675220e-01 0.000000000000000000e+00 2.103611610160144221e-03 9.654833138020478545e-03 4.436651539875977046e-02
1.122486976065573128e-01 0.000000000000000000e+00 2.433773493477207200e-02 0.000000000000000000e+00 2.081668177174860346e-03
6.157655810236453697e-02 0.000000000000000000e+00 7.300514609473945926e-02 0.000000000000000000e+00 0.000000000000000000e+00
4.014139055811084822e-02 2.814160256536141517e-04 6.336786056230388209e-02 0.000000000000000000e+00 0.000000000000000000e+00
3.053050386616193088e-02 0.000000000000000000e+00 6.259552527598380434e-02 0.000000000000000000e+00 0.000000000000000000e+00
5.137800281086901677e-03 0.000000000000000000e+00 5.825925778070008970e-02 0.000000000000000000e+00 0.000000000000000000e+00
2.573469060154696649e-04 0.000000000000000000e+00 3.711314874980876227e-02 0.000000000000000000e+00 0.000000000000000000e+00
0.000000000000000000e+00 0.000000000000000000e+00 0.000000000000000000e+00 0.000000000000000000e+00 0.000000000000000000e+00
0.000000000000000000e+00 0.000000000000000000e+00 0.000000000000000000e+00 0.000000000000000000e+00 0.000000000000000000e+00
0.000000000000000000e+00 0.000000000000000000e+00 0.000000000000000000e+00 0.000000000000000000e+00 0.000000000000000000e+00
0.000000000000000000e+00 0.000000000000000000e+00 0.000000000000000000e+00 0.000000000000000000e+00 0.000000000000000000e+00
0.000000000000000000e+00 0.000000000000000000e+00 0.000000000000000000e+00 0.000000000000000000e+00 0.000000000000000000e+00
0.000000000000000000e+00 0.000000000000000000e+00 0.000000000000000000e+00 0.000000000000000000e+00 0.000000000000000000e+00
0.000000000000000000e+00 0.000000000000000000e+00 0.000000000000000000e+00 0.000000000000000000e+00 0.000000000000000000e+00
0.000000000000000000e+00 0.000000000000000000e+00 0.000000000000000000e+00 0.000000000000000000e+00 0.000000000000000000e+00
0.000000000000000000e+00 0.000000000000000000e+00 0.000000000000000000e+00 0.000000000000000000e+00 0.000000000000000000e+00
0.000000000000000000e+00 0.000000000000000000e+00 0.000000000000000000e+00 0.000000000000000000e+00 0.000000000000000000e+00
0.000000000000000000e+00 0.000000000000000000e+00 0.000000000000000000e+00 0.000000000000000000e+00 0.000000000000000000e+00
0.000000000000000000e+00 0.000000000000000000e+00 0.000000000000000000e+00 1.495158897282893723e-02 1.274559572211509057e-03
0.000000000000000000e+00 0.000000000000000000e+00 9.816032195428244043e-04 4.887744522912067235e-02 4.003219386266349336e-03
0.000000000000000000e+00 0.000000000000000000e+00 8.513613819856729117e-03 1.119424086260415035e-01 5.250084544378630846e-04
5.976967233119552167e-05 3.722479147324377069e-02 1.311263478634952517e-02 1.201016545032525251e-01 0.000000000000000000e+00
2.258094417921126511e-03 1.060306822347165112e-01 4.495240337295754868e-02 7.992504611225038913e-02 0.000000000000000000e+00
0.000000000000000000e+00 1.280301052013118057e-01 4.226067189947124020e-02 7.242108238058975016e-03 0.000000000000000000e+00
0.000000000000000000e+00 9.025343481261807743e-02 2.290998239671473632e-02 0.000000000000000000e+00 4.331106472497096849e-02
0.000000000000000000e+00 2.451283749511683555e-02 1.010988027245244072e-02 0.000000000000000000e+00 9.026826535571225163e-02
0.000000000000000000e+00 0.000000000000000000e+00 0.000000000000000000e+00 7.429470271898747959e-03 1.218977325687389951e-01
6.041661563321057415e-02 0.000000000000000000e+00 0.000000000000000000e+00 1.723514876047353706e-02 9.836958890049295190e-02
9.696773169068366449e-02 0.000000000000000000e+00 0.000000000000000000e+00 3.186077614827380680e-03 3.439165251299759751e-02
7.933269033094206280e-02 0.000000000000000000e+00 1.591374414266285772e-03 0.000000000000000000e+00 0.000000000000000000e+00
5.800629305254548229e-02 1.462746834667230308e-03 2.540545899418007389e-02 0.000000000000000000e+00 0.000000000000000000e+00
3.734491869849077689e-02 1.051207047794229694e-03 3.611840258192334369e-02 0.000000000000000000e+00 0.000000000000000000e+00
8.936971444329212463e-03 0.000000000000000000e+00 5.593012170574985370e-02 0.000000000000000000e+00 0.000000000000000000e+00
1.326260973719723887e-03 0.000000000000000000e+00 5.472884733048456740e-02 0.000000000000000000e+00 0.000000000000000000e+00
2.573469060154696649e-04 0.000000000000000000e+00 3.711314874980876227e-02 0.000000000000000000e+00 0.000000000000000000e+00
0.000000000000000000e+00 0.000000000000000000e+00 0.000000000000000000e+00 0.000000000000000000e+00 0.000000000000000000e+00
0.000000000000000000e+00 0.000000000000000000e+00 0.000000000000000000e+00 0.000000000000000000e+00 0.000000000000000000e+00
0.000000000000000000e+00 0.000000000000000000e+00 0.000000000000000000e+00 0.000000000000000000e+00 0.000000000000000000e+00
0.000000000000000000e+00 0.000000000000000000e+00 0.000000000000000000e+00 0.000000000000000000e+00 0.000000000000000000e+00
0.000000000000000000e+00 0.000000000000000000e+00 0.000000000000000000e+00 0.000000000000000000e+00 0.000000000000000000e+00
0.000000000000000000e+00 0.000000000000000000e+00 0.000000000000000000e+00 0.000000000000000000e+00 0.000000000000000000e+00
0.000000000000000000e+00 0.000000000000000000e+00 0.000000000000000000e+00 0.000000000000000000e+00 0.000000000000000000e+00
0.000000000000000000e+00 0.000000000000000000e+00 0.000000000000000000e+00 0.000000000000000000e+00 0.000000000000000000e+00
0.000000000000000000e+00 0.000000000000000000e+00 0.000000000000000000e+00 0.000000000000000000e+00 0.000000000000000000e+00
0.000000000000000000e+00 0.000000000000000000e+00 0.000000000000000000e+00 0.000000000000000000e+00 0.000000000000000000e+00
0.000000000000000000e+00 0.000000000000000000e+00 0.000000000000000000e+00 0.000000000000000000e+00 0.000000000000000000e+00
0.000000000000000000e+00 0.000000000000000000e+00 0.000000000000000000e+00 1.495158897282893723e-02 1.274559572211509057e-03
0.000000000000000000e+00 0.000000000000000000e+00 0.000000000000000000e+00 4.463147678337683194e-02 3.817085141431642882e-03
0.000000000000000000e+00 0.000000000000000000e+00 0.000000000000000000e+00 5.469573524533692666e-02 6.355701405512943596e-04
1.329186445360074119e-03 1.453579876230582345e-02 0.000000000000000000e+00 3.905794150371108553e-02 0.000000000000000000e+00
3.167866693498693886e-03 3.980481496696221255e-02 1.816518481034480950e-03 2.850601406164991053e-02 0.000000000000000000e+00
3.206106410674917050e-03 4.307585121046376975e-02 0.000000000000000000e+00 1.363370780160000524e-02 0.000000000000000000e+00
0.000000000000000000e+00 2.674435173848567146e-02 0.000000000000000000e+00 0.000000000000000000e+00 7.701633408938922919e-03
0.000000000000000000e+00 7.884747167743072147e-03 0.000000000000000000e+00 0.000000000000000000e+00 1.450858008478241555e-02
0.000000000000000000e+00 1.470743544362798812e-03 0.000000000000000000e+00 1.023655228872280554e-03 1.318751055820816670e-02
1.159759465193545627e-02 0.000000000000000000e+00 0.000000000000000000e+00 3.441883290991215247e-03 2.538774669671435211e-02
1.793452980337728944e-02 0.000000000000000000e+00 0.000000000000000000e+00 1.084151535927915973e-03 1.306331516515780305e-02
1.166314545337179300e-02 0.000000000000000000e+00 0.000000000000000000e+00 0.000000000000000000e+00 4.446951839904069999e-04
9.635195513018108074e-03 4.346766819558630876e-04 0.000000000000000000e+00 0.000000000000000000e+00 0.000000000000000000e+00
1.305355082089168376e-03 7.271349470746774654e-05 0.000000000000000000e+00 0.000000000000000000e+00 0.000000000000000000e+00
0.000000000000000000e+00 0.000000000000000000e+00 0.000000000000000000e+00 0.000000000000000000e+00 0.000000000000000000e+00
0.000000000000000000e+00 0.000000000000000000e+00 0.000000000000000000e+00 0.000000000000000000e+00 0.000000000000000000e+00
0.000000000000000000e+00 0.000000000000000000e+00 0.000000000000000000e+00 0.000000000000000000e+00 0.000000000000000000e+00
0.000000000000000000e+00 0.000000000000000000e+00 0.000000000000000000e+00 0.000000000000000000e+00 0.000000000000000000e+00
0.000000000000000000e+00 0.000000000000000000e+00 0.000000000000000000e+00 0.000000000000000000e+00 0.000000000000000000e+00
0.000000000000000000e+00 0.000000000000000000e+00 0.000000000000000000e+00 0.000000000000000000e+00 0.000000000000000000e+00
0.000000000000000000e+00 0.000000000000000000e+00 0.000000000000000000e+00 0.000000000000000000e+00 0.000000000000000000e+00
0.000000000000000000e+00 0.000000000000000000e+00 0.000000000000000000e+00 0.000000000000000000e+00 0.000000000000000000e+00
0.000000000000000000e+00 0.000000000000000000e+00 0.000000000000000000e+00 0.000000000000000000e+00 0.000000000000000000e+00
0.000000000000000000e+00 0.000000000000000000e+00 0.000000000000000000e+00 0.000000000000000000e+00 0.000000000000000000e+00
0.000000000000000000e+00 0.000000000000000000e+00 0.000000000000000000e+00 0.000000000000000000e+00 0.000000000000000000e+00
0.000000000000000000e+00 0.000000000000000000e+00 0.000000000000000000e+00 0.000000000000000000e+00 0.000000000000000000e+00
0.000000000000000000e+00 0.000000000000000000e+00 0.000000000000000000e+00 0.000000000000000000e+00 0.000000000000000000e+00
0.000000000000000000e+00 0.000000000000000000e+00 0.000000000000000000e+00 0.000000000000000000e+00 0.000000000000000000e+00
0.000000000000000000e+00 0.000000000000000000e+00 0.000000000000000000e+00 0.000000000000000000e+00 0.000000000000000000e+00
0.000000000000000000e+00 0.000000000000000000e+00 0.000000000000000000e+00 0.000000000000000000e+00 0.000000000000000000e+00
0.000000000000000000e+00 0.000000000000000000e+00 0.000000000000000000e+00 0.000000000000000000e+00 0.000000000000000000e+00
0.000000000000000000e+00 0.000000000000000000e+00 0.000000000000000000e+00 0.000000000000000000e+00 0.000000000000000000e+00
0.000000000000000000e+00 0.000000000000000000e+00 0.000000000000000000e+00 0.000000000000000000e+00 0.000000000000000000e+00
0.000000000000000000e+00 0.000000000000000000e+00 0.000000000000000000e+00 0.000000000000000000e+00 0.000000000000000000e+00
0.000000000000000000e+00 0.000000000000000000e+00 0.000000000000000000e+00 0.000000000000000000e+00 0.000000000000000000e+00
0.000000000000000000e+00 0.000000000000000000e+00 0.000000000000000000e+00 0.000000000000000000e+00 0.000000000000000000e+00
0.000000000000000000e+00 0.000000000000000000e+00 0.000000000000000000e+00 0.000000000000000000e+00 0.000000000000000000e+00
0.000000000000000000e+00 0.000000000000000000e+00 0.000000000000000000e+00 0.000000000000000000e+00 0.000000000000000000e+00
0.000000000000000000e+00 0.000000000000000000e+00 0.000000000000000000e+00 0.000000000000000000e+00 0.000000000000000000e+00
0.000000000000000000e+00 0.000000000000000000e+00 0.000000000000000000e+00 0.000000000000000000e+00 0.000000000000000000e+00
0.000000000000000000e+00 0.000000000000000000e+00 0.000000000000000000e+00 0.000000000000000000e+00 0.000000000000000000e+00
0.000000000000000000e+00 0.000000000000000000e+00 0.000000000000000000e+00 0.000000000000000000e+00 0.000000000000000000e+00
0.000000000000000000e+00 0.000000000000000000e+00 0.000000000000000000e+00 0.000000000000000000e+00 0.000000000000000000e+00
0.000000000000000000e+00 0.000000000000000000e+00 0.000000000000000000e+00 0.000000000000000000e+00 0.000000000000000000e+00
0.000000000000000000e+00 0.000000000000000000e+00 0.000000000000000000e+00 0.000000000000000000e+00 0.000000000000000000e+00
0.000000000000000000e+00 0.000000000000000000e+00 0.000000000000000000e+00 0.000000000000000000e+00 0.000000000000000000e+00
0.000000000000000000e+00 0.000000000000000000e+00 0.000000000000000000e+00 0.000000000000000000e+00 0.000000000000000000e+00
0.000000000000000000e+00 0.000000000000000000e+00 0.000000000000000000e+00 0.000000000000000000e+00 0.000000000000000000e+00
0.000000000000000000e+00 0.000000000000000000e+00 0.000000000000000000e+00 0.000000000000000000e+00 0.000000000000000000e+00
0.000000000000000000e+00 0.000000000000000000e+00 0.000000000000000000e+00 0.000000000000000000e+00 0.000000000000000000e+00
0.000000000000000000e+00 0.000000000000000000e+00 0.000000000000000000e+00 0.000000000000000000e+00 0.000000000000000000e+00
0.000000000000000000e+00 0.000000000000000000e+00 0.000000000000000000e+00 0.000000000000000000e+00 0.000000000000000000e+00
0.000000000000000000e+00 0.000000000000000000e+00 0.000000000000000000e+00 0.000000000000000000e+00 0.000000000000000000e+00
0.000000000000000000e+00 0.000000000000000000e+00 0.000000000000000000e+00 0.000000000000000000e+00 0.000000000000000000e+00
0.000000000000000000e+00 0.000000000000000000e+00 0.000000000000000000e+00 0.000000000000000000e+00 0.000000000000000000e+00
0.000000000000000000e+00 0.000000000000000000e+00 0.000000000000000000e+00 0.000000000000000000e+00 0.000000000000000000e+00
0.000000000000000000e+00 0.000000000000000000e+00 0.000000000000000000e+00 0.000000000000000000e+00 0.000000000000000000e+00
0.000000000000000000e+00 0.000000000000000000e+00 0.000000000000000000e+00 0.000000000000000000e+00 0.000000000000000000e+00
0.000000000000000000e+00 0.000000000000000000e+00 0.000000000000000000e+00 0.000000000000000000e+00 0.000000000000000000e+00
0.000000000000000000e+00 0.000000000000000000e+00 0.000000000000000000e+00 0.000000000000000000e+00 0.000000000000000000e+00
0.000000000000000000e+00 0.000000000000000000e+00 0.000000000000000000e+00 0.000000000000000000e+00 0.000000000000000000e+00
0.000000000000000000e+00 0.000000000000000000e+00 0.000000000000000000e+00 0.000000000000000000e+00 0.000000000000000000e+00
0.000000000000000000e+00 0.000000000000000000e+00 0.000000000000000000e+00 0.000000000000000000e+00 0.000000000000000000e+00
0.000000000000000000e+00 0.000000000000000000e+00 0.000000000000000000e+00 0.000000000000000000e+00 0.000000000000000000e+00
0.000000000000000000e+00 0.000000000000000000e+00 0.000000000000000000e+00 0.000000000000000000e+00 0.000000000000000000e+00
0.000000000000000000e+00 0.000000000000000000e+00 0.000000000000000000e+00 0.000000000000000000e+00 0.000000000000000000e+00
0.000000000000000000e+00 0.000000000000000000e+00 0.000000000000000000e+00 0.000000000000000000e+00 0.000000000000000000e+00
0.000000000000000000e+00 0.000000000000000000e+00 0.000000000000000000e+00 0.000000000000000000e+00 0.000000000000000000e+00
0.000000000000000000e+00 0.000000000000000000e+00 0.000000000000000000e+00 0.000000000000000000e+00 0.000000000000000000e+00
0.000000000000000000e+00 0.000000000000000000e+00 0.000000000000000000e+00 0.000000000000000000e+00 0.000000000000000000e+00
0.000000000000000000e+00 0.000000000000000000e+00 0.000000000000000000e+00 0.000000000000000000e+00 0.000000000000000000e+00
0.000000000000000000e+00 0.000000000000000000e+00 0.000000000000000000e+00 0.000000000000000000e+00 0.000000000000000000e+00
0.000000000000000000e+00 0.000000000000000000e+00 0.000000000000000000e+00 0.000000000000000000e+00 0.000000000000000000e+00
0.000000000000000000e+00 0.000000000000000000e+00 0.000000000000000000e+00 0.000000000000000000e+00 0.000000000000000000e+00
0.000000000000000000e+00 0.000000000000000000e+00 0.000000000000000000e+00 0.000000000000000000e+00 0.000000000000000000e+00
0.000000000000000000e+00 0.000000000000000000e+00 0.000000000000000000e+00 0.000000000000000000e+00 0.000000000000000000e+00
0.000000000000000000e+00 0.000000000000000000e+00 0.000000000000000000e+00 0.000000000000000000e+00 0.000000000000000000e+00
0.000000000000000000e+00 0.000000000000000000e+00 0.000000000000000000e+00 0.000000000000000000e+00 0.000000000000000000e+00
0.000000000000000000e+00 0.000000000000000000e+00 0.000000000000000000e+00 0.000000000000000000e+00 0.000000000000000000e+00
0.000000000000000000e+00 0.000000000000000000e+00 0.000000000000000000e+00 0.000000000000000000e+00 0.000000000000000000e+00
0.000000000000000000e+00 0.000000000000000000e+00 0.000000000000000000e+00 0.000000000000000000e+00 0.000000000000000000e+00
0.000000000000000000e+00 0.000000000000000000e+00 0.000000000000000000e+00 0.000000000000000000e+00 0.000000000000000000e+00
0.000000000000000000e+00 0.000000000000000000e+00 0.000000000000000000e+00 0.000000000000000000e+00 0.000000000000000000e+00
0.000000000000000000e+00 0.000000000000000000e+00 0.000000000000000000e+00 0.000000000000000000e+00 0.000000000000000000e+00
0.000000000000000000e+00 0.000000000000000000e+00 0.000000000000000000e+00 0.000000000000000000e+00 0.000000000000000000e+00
0.000000000000000000e+00 0.000000000000000000e+00 0.000000000000000000e+00 0.000000000000000000e+00 0.000000000000000000e+00
0.000000000000000000e+00 0.000000000000000000e+00 0.000000000000000000e+00 0.000000000000000000e+00 0.000000000000000000e+00
0.000000000000000000e+00 0.000000000000000000e+00 0.000000000000000000e+00 0.000000000000000000e+00 0.000000000000000000e+00
0.000000000000000000e+00 0.000000000000000000e+00 0.000000000000000000e+00 0.000000000000000000e+00 0.000000000000000000e+00
0.000000000000000000e+00 0.000000000000000000e+00 0.000000000000000000e+00 0.000000000000000000e+00 0.000000000000000000e+00
0.000000000000000000e+00 0.000000000000000000e+00 0.000000000000000000e+00 0.000000000000000000e+00 0.000000000000000000e+00
0.000000000000000000e+00 0.000000000000000000e+00 0.000000000000000000e+00 0.000000000000000000e+00 0.000000000000000000e+00
0.000000000000000000e+00 0.000000000000000000e+00 0.000000000000000000e+00 0.000000000000000000e+00 0.000000000000000000e+00
0.000000000000000000e+00 0.000000000000000000e+00 0.000000000000000000e+00 0.000000000000000000e+00 0.000000000000000000e+00
0.000000000000000000e+00 0.000000000000000000e+00 0.000000000000000000e+00 0.000000000000000000e+00 0.000000000000000000e+00
0.000000000000000000e+00 0.000000000000000000e+00 0.000000000000000000e+00 0.000000000000000000e+00 0.000000000000000000e+00
0.000000000000000000e+00 0.000000000000000000e+00 0.000000000000000000e+00 0.000000000000000000e+00 0.000000000000000000e+00
0.000000000000000000e+00 0.000000000000000000e+00 0.000000000000000000e+00 0.000000000000000000e+00 0.000000000000000000e+00
0.000000000000000000e+00 0.000000000000000000e+00 0.000000000000000000e+00 0.000000000000000000e+00 0.000000000000000000e+00
0.000000000000000000e+00 0.000000000000000000e+00 0.000000000000000000e+00 0.000000000000000000e+00 0.000000000000000000e+00
0.000000000000000000e+00 0.000000000000000000e+00 0.000000000000000000e+00 0.000000000000000000e+00 0.000000000000000000e+00
0.000000000000000000e+00 0.000000000000000000e+00 0.000000000000000000e+00 0.000000000000000000e+00 0.000000000000000000e+00
0.000000000000000000e+00 0.000000000000000000e+00 0.000000000000000000e+00 0.000000000000000000e+00 0.000000000000000000e+00
0.000000000000000000e+00 0.000000000000000000e+00 0.000000000000000000e+00 0.000000000000000000e+00 0.000000000000000000e+00
0.000000000000000000e+00 0.000000000000000000e+00 0.000000000000000000e+00 0.000000000000000000e+00 0.000000000000000000e+00
0.000000000000000000e+00 0.000000000000000000e+00 0.000000000000000000e+00 0.000000000000000000e+00 0.000000000000000000e+00
0.000000000000000000e+00 0.000000000000000000e+00 0.000000000000000000e+00 0.000000000000000000e+00 0.000000000000000000e+00
