0.000000000000000000e+00 0.000000000000000000e+00 0.000000000000000000e+00 0.000000000000000000e+00 0.000000000000000000e+00
0.000000000000000000e+00 0.000000000000000000e+00 0.000000000000000000e+00 0.000000000000000000e+00 0.000000000000000000e+00
0.000000000000000000e+00 0.000000000000000000e+00 0.000000000000000000e+00 0.000000000000000000e+00 0.000000000000000000e+00
0.000000000000000000e+00 0.000000000000000000e+00 0.000000000000000000e+00 0.000000000000000000e+00 0.000000000000000000e+00
0.000000000000000000e+00 0.000000000000000000e+00 0.000000000000000000e+00 0.000000000000000000e+00 0.000000000000000000e+00
0.000000000000000000e+00 0.000000000000000000e+00 0.000000000000000000e+00 0.000000000000000000e+00 0.000000000000000000e+00
0.000000000000000000e+00 0.000000000000000000e+00 0.000000000000000000e+00 0.000000000000000000e+00 0.000000000000000000e+00
0.000000000000000000e+00 0.000000000000000000e+00 0.000000000000000000e+00 0.000000000000000000e+00 0.000000000000000000e+00
0.000000000000000000e+00 0.000000000000000000e+00 0.000000000000000000e+00 0.000000000000000000e+00 0.000000000000000000e+00
0.000000000000000000e+00 0.000000000000000000e+00 0.000000000000000000e+00 0.000000000000000000e+00 0.000000000000000000e+00
0.000000000000000000e+00 0.000000000000000000e+00 0.000000000000000000e+00 0.000000000000000000e+00 0.000000000000000000e+00
0.000000000000000000e+00 0.000000000000000000e+00 0.000000000000000000e+00 0.000000000000000000e+00 0.000000000000000000e+00
0.000000000000000000e+00 0.000000000000000000e+00 0.000000000000000000e+00 0.000000000000000000e+00 0.000000000000000000e+00
0.000000000000000000e+00 0.000000000000000000e+00 0.000000000000000000e+00 0.000000000000000000e+00 0.000000000000000000e+00
0.000000000000000000e+00 0.000000000000000000e+00 0.000000000000000000e+00 0.000000000000000000e+00 0.000000000000000000e+00
0.000000000000000000e+00 0.000000000000000000e+00 0.000000000000000000e+00 0.000000000000000000e+00 0.000000000000000000e+00
0.000000000000000000e+00 0.000000000000000000e+00 0.000000000000000000e+00 0.000000000000000000e+00 0.000000000000000000e+00
0.000000000000000000e+00 0.000000000000000000e+00 0.000000000000000000e+00 0.000000000000000000e+00 0.000000000000000000e+00
0.000000000000000000e+00 0.000000000000000000e+00 0.000000000000000000e+00 0.000000000000000000e+00 0.000000000000000000e+00
0.000000000000000000e+00 0.000000000000000000e+00 0.000000000000000000e+00 0.000000000000000000e+00 0.000000000000000000e+00
0.000000000000000000e+00 0.000000000000000000e+00 0.000000000000000000e+00 0.000000000000000000e+00 0.000000000000000000e+00
0.000000000000000000e+00 0.000000000000000000e+00 0.000000000000000000e+00 0.000000000000000000e+00 0.000000000000000000e+00
0.000000000000000000e+00 0.000000000000000000e+00 0.000000000000000000e+00 0.000000000000000000e+00 0.000000000000000000e+00
0.000000000000000000e+00 0.000000000000000000e+00 0.000000000000000000e+00 0.000000000000000000e+00 0.000000000000000000e+00
0.000000000000000000e+00 0.000000000000000000e+00 0.000000000000000000e+00 0.000000000000000000e+00 0.000000000000000000e+00
0.000000000000000000e+00 0.000000000000000000e+00 0.000000000000000000e+00 0.000000000000000000e+00 0.000000000000000000e+00
0.000000000000000000e+00 0.000000000000000000e+00 0.000000000000000000e+00 0.000000000000000000e+00 0.000000000000000000e+00
0.000000000000000000e+00 0.000000000000000000e+00 0.000000000000000000e+00 0.000000000000000000e+00 0.000000000000000000e+00
0.000000000000000000e+00 0.000000000000000000e+00 0.000000000000000000e+00 0.000000000000000000e+00 0.000000000000000000e+00
0.000000000000000000e+00 0.000000000000000000e+00 0.000000000000000000e+00 0.000000000000000000e+00 0.000000000000000000e+00
0.000000000000000000e+00 0.000000000000000000e+00 0.000000000000000000e+00 0.000000000000000000e+00 0.000000000000000000e+00
0.000000000000000000e+00 0.000000000000000000e+00 0.000000000000000000e+00 0.000000000000000000e+00 0.000000000000000000e+00
0.000000000000000000e+00 0.000000000000000000e+00 0.000000000000000000e+00 0.000000000000000000e+00 0.000000000000000000e+00
0.000000000000000000e+00 0.000000000000000000e+00 0.000000000000000000e+00 0.000000000000000000e+00 0.000000000000000000e+00
0.000000000000000000e+00 0.000000000000000000e+00 0.000000000000000000e+00 0.000000000000000000e+00 0.000000000000000000e+00
0.000000000000000000e+00 0.000000000000000000e+00 0.000000000000000000e+00 0.000000000000000000e+00 0.000000000000000000e+00
0.000000000000000000e+00 0.000000000000000000e+00 0.000000000000000000e+00 0.000000000000000000e+00 0.000000000000000000e+00
0.000000000000000000e+00 0.000000000000000000e+00 0.000000000000000000e+00 0.000000000000000000e+00 0.000000000000000000e+00
0.000000000000000000e+00 0.000000000000000000e+00 0.000000000000000000e+00 0.000000000000000000e+00 0.000000000000000000e+00
0.000000000000000000e+00 0.000000000000000000e+00 0.000000000000000000e+00 0.000000000000000000e+00 0.000000000000000000e+00
0.000000000000000000e+00 0.000000000000000000e+00 0.000000000000000000e+00 0.000000000000000000e+00 0.000000000000000000e+00
0.000000000000000000e+00 0.000000000000000000e+00 0.000000000000000000e+00 0.000000000000000000e+00 0.000000000000000000e+00
0.000000000000000000e+00 0.000000000000000000e+00 0.000000000000000000e+00 0.000000000000000000e+00 0.000000000000000000e+00
0.000000000000000000e+00 0.000000000000000000e+00 0.000000000000000000e+00 0.000000000000000000e+00 0.000000000000000000e+00
0.000000000000000000e+00 0.000000000000000000e+00 0.000000000000000000e+00 0.000000000000000000e+00 0.000000000000000000e+00
0.000000000000000000e+00 0.000000000000000000e+00 0.000000000000000000e+00 0.000000000000000000e+00 0.000000000000000000e+00
0.000000000000000000e+00 0.000000000000000000e+00 0.000000000000000000e+00 0.000000000000000000e+00 0.000000000000000000e+00
0.000000000000000000e+00 0.000000000000000000e+00 0.000000000000000000e+00 0.000000000000000000e+00 0.000000000000000000e+00
0.000000000000000000e+00 0.000000000000000000e+00 0.000000000000000000e+00 0.000000000000000000e+00 0.000000000000000000e+00
0.000000000000000000e+00 0.000000000000000000e+00 0.000000000000000000e+00 0.000000000000000000e+00 0.000000000000000000e+00
0.000000000000000000e+00 0.000000000000000000e+00 0.000000000000000000e+00 0.000000000000000000e+00 0.000000000000000000e+00
0.000000000000000000e+00 0.000000000000000000e+00 0.000000000000000000e+00 0.000000000000000000e+00 0.000000000000000000e+00
0.000000000000000000e+00 0.000000000000000000e+00 0.000000000000000000e+00 0.000000000000000000e+00 0.000000000000000000e+00
0.000000000000000000e+00 0.000000000000000000e+00 0.000000000000000000e+00 0.000000000000000000e+00 0.000000000000000000e+00
0.000000000000000000e+00 0.000000000000000000e+00 0.000000000000000000e+00 0.000000000000000000e+00 0.000000000000000000e+00
0.000000000000000000e+00 0.000000000000000000e+00 0.000000000000000000e+00 0.000000000000000000e+00 0.000000000000000000e+00
0.000000000000000000e+00 0.000000000000000000e+00 0.000000000000000000e+00 0.000000000000000000e+00 0.000000000000000000e+00
0.000000000000000000e+00 0.000000000000000000e+00 0.000000000000000000e+00 0.000000000000000000e+00 0.000000000000000000e+00
0.000000000000000000e+00 0.000000000000000000e+00 0.000000000000000000e+00 0.000000000000000000e+00 0.000000000000000000e+00
0.000000000000000000e+00 0.000000000000000000e+00 0.000000000000000000e+00 0.000000000000000000e+00 0.000000000000000000e+00
0.000000000000000000e+00 0.000000000000000000e+00 0.000000000000000000e+00 0.000000000000000000e+00 0.000000000000000000e+00
0.000000000000000000e+00 0.000000000000000000e+00 0.000000000000000000e+00 0.000000000000000000e+00 0.000000000000000000e+00
0.000000000000000000e+00 0.000000000000000000e+00 0.000000000000000000e+00 0.000000000000000000e+00 0.000000000000000000e+00
0.000000000000000000e+00 0.000000000000000000e+00 0.000000000000000000e+00 0.000000000000000000e+00 0.000000000000000000e+00
0.000000000000000000e+00 0.000000000000000000e+00 0.000000000000000000e+00 0.000000000000000000e+00 0.000000000000000000e+00
0.000000000000000000e+00 0.000000000000000000e+00 0.000000000000000000e+00 0.000000000000000000e+00 0.000000000000000000e+00
0.000000000000000000e+00 0.000000000000000000e+00 0.000000000000000000e+00 0.000000000000000000e+00 0.000000000000000000e+00
4.975694242257424314e-04 3.028656722675718868e-04 0.000000000000000000e+00 4.358985010512853074e-04 0.000000000000000000e+00
2.398494916015376111e-03 2.856401978246532990e-03 0.000000000000000000e+00 4.251171346296542426e-03 0.000000000000000000e+00
2.554768260780707588e-03 3.230732564924211625e-03 0.000000000000000000e+00 4.786421731280845679e-03 0.000000000000000000e+00
5.357758221569334720e-03 3.894761836105365554e-03 0.000000000000000000e+00 3.280647810787629560e-03 0.000000000000000000e+00
2.994839980334469860e-03 1.716837108079637174e-03 0.000000000000000000e+00 3.924907449338402039e-04 0.000000000000000000e+00
4.148727977097308069e-03 1.645635193775992324e-03 0.000000000000000000e+00 0.000000000000000000e+00 0.000000000000000000e+00
4.547193376027556903e-03 1.803690551370296796e-03 0.000000000000000000e+00 0.000000000000000000e+00 0.000000000000000000e+00
8.203699389740436382e-04 3.254080891647443937e-04 0.000000000000000000e+00 0.000000000000000000e+00 0.000000000000000000e+00
0.000000000000000000e+00 0.000000000000000000e+00 0.000000000000000000e+00 0.000000000000000000e+00 0.000000000000000000e+00
0.000000000000000000e+00 0.000000000000000000e+00 0.000000000000000000e+00 0.000000000000000000e+00 0.000000000000000000e+00
0.000000000000000000e+00 0.000000000000000000e+00 0.000000000000000000e+00 0.000000000000000000e+00 0.000000000000000000e+00
0.000000000000000000e+00 0.000000000000000000e+00 0.000000000000000000e+00 0.000000000000000000e+00 0.000000000000000000e+00
0.000000000000000000e+00 0.000000000000000000e+00 0.000000000000000000e+00 0.000000000000000000e+00 0.000000000000000000e+00
0.000000000000000000e+00 0.000000000000000000e+00 0.000000000000000000e+00 0.000000000000000000e+00 0.000000000000000000e+00
0.000000000000000000e+00 0.000000000000000000e+00 0.000000000000000000e+00 0.000000000000000000e+00 0.000000000000000000e+00
0.000000000000000000e+00 0.000000000000000000e+00 0.000000000000000000e+00 0.000000000000000000e+00 0.000000000000000000e+00
0.000000000000000000e+00 0.000000000000000000e+00 0.000000000000000000e+00 0.000000000000000000e+00 0.000000000000000000e+00
0.000000000000000000e+00 0.000000000000000000e+00 0.000000000000000000e+00 0.000000000000000000e+00 0.000000000000000000e+00
0.000000000000000000e+00 0.000000000000000000e+00 0.000000000000000000e+00 0.000000000000000000e+00 0.000000000000000000e+00
0.000000000000000000e+00 0.000000000000000000e+00 0.000000000000000000e+00 0.000000000000000000e+00 0.000000000000000000e+00
0.000000000000000000e+00 0.000000000000000000e+00 0.000000000000000000e+00 0.000000000000000000e+00 0.000000000000000000e+00
0.000000000000000000e+00 0.000000000000000000e+00 0.000000000000000000e+00 0.000000000000000000e+00 0.000000000000000000e+00
0.000000000000000000e+00 0.000000000000000000e+00 0.000000000000000000e+00 0.000000000000000000e+00 0.000000000000000000e+00
0.000000000000000000e+00 8.789546515007096508e-04 4.739531830337124748e-04 3.515746057847781944e-04 0.000000000000000000e+00
0.000000000000000000e+00 4.087084293662970186e-03 8.557569777502147196e-04 9.152107352416026954e-04 0.000000000000000000e+00
0.000000000000000000e+00 1.897557178710332013e-02 0.000000000000000000e+00 0.000000000000000000e+00 0.000000000000000000e+00
7.172033101672881453e-04 2.802765526135003737e-02 0.000000000000000000e+00 4.685636260810230368e-04 0.000000000000000000e+00
0.000000000000000000e+00 3.151440322803059080e-02 0.000000000000000000e+00 3.000298848024593023e-03 0.000000000000000000e+00
0.000000000000000000e+00 4.374011098528868963e-02 0.000000000000000000e+00 1.082915666829319112e-02 0.000000000000000000e+00
0.000000000000000000e+00 4.665501759462867271e-02 0.000000000000000000e+00 1.394270574035867336e-02 0.000000000000000000e+00
0.000000000000000000e+00 4.189990416539524087e-02 0.000000000000000000e+00 2.590812566079072482e-02 0.000000000000000000e+00
0.000000000000000000e+00 3.860727192160540167e-02 0.000000000000000000e+00 3.828792918422713881e-02 0.000000000000000000e+00
0.000000000000000000e+00 2.509683396781347067e-02 0.000000000000000000e+00 5.055793521058820489e-02 0.000000000000000000e+00
0.000000000000000000e+00 8.967495122558422418e-03 0.000000000000000000e+00 6.027708183028922945e-02 0.000000000000000000e+00
0.000000000000000000e+00 0.000000000000000000e+00 0.000000000000000000e+00 7.102815662720107781e-02 0.000000000000000000e+00
0.000000000000000000e+00 0.000000000000000000e+00 0.000000000000000000e+00 6.483744764219048773e-02 0.000000000000000000e+00
0.000000000000000000e+00 0.000000000000000000e+00 3.860312317311929411e-04 4.143952423120775969e-02 0.000000000000000000e+00
0.000000000000000000e+00 0.000000000000000000e+00 2.085868677478688871e-03 2.564957960388884392e-02 0.000000000000000000e+00
0.000000000000000000e+00 0.000000000000000000e+00 0.000000000000000000e+00 5.324848946984222023e-03 4.589471696765054856e-03
3.279066341124325804e-04 0.000000000000000000e+00 0.000000000000000000e+00 7.202007204833848087e-04 0.000000000000000000e+00
0.000000000000000000e+00 0.000000000000000000e+00 0.000000000000000000e+00 0.000000000000000000e+00 0.000000000000000000e+00
0.000000000000000000e+00 0.000000000000000000e+00 0.000000000000000000e+00 0.000000000000000000e+00 0.000000000000000000e+00
0.000000000000000000e+00 0.000000000000000000e+00 0.000000000000000000e+00 0.000000000000000000e+00 0.000000000000000000e+00
0.000000000000000000e+00 0.000000000000000000e+00 0.000000000000000000e+00 0.000000000000000000e+00 0.000000000000000000e+00
0.000000000000000000e+00 0.000000000000000000e+00 0.000000000000000000e+00 0.000000000000000000e+00 0.000000000000000000e+00
0.000000000000000000e+00 0.000000000000000000e+00 0.000000000000000000e+00 0.000000000000000000e+00 0.000000000000000000e+00
0.000000000000000000e+00 0.000000000000000000e+00 0.000000000000000000e+00 0.000000000000000000e+00 0.000000000000000000e+00
0.000000000000000000e+00 0.000000000000000000e+00 0.000000000000000000e+00 0.000000000000000000e+00 0.000000000000000000e+00
0.000000000000000000e+00 0.000000000000000000e+00 0.000000000000000000e+00 0.000000000000000000e+00 0.000000000000000000e+00
0.000000000000000000e+00 2.271778552519317584e-04 6.768435543904639806e-05 1.792542829873727676e-04 0.000000000000000000e+00
0.000000000000000000e+00 5.424265712729979365e-03 3.480035679652280665e-04 2.046792008428215993e-03 7.831148879651091133e-04
0.000000000000000000e+00 1.159476222038001089e-02 2.053346181678367393e-03 4.365015385034380982e-03 0.000000000000000000e+00
0.000000000000000000e+00 1.941784924268981707e-02 0.000000000000000000e+00 4.578106793552612699e-03 0.000000000000000000e+00
0.000000000000000000e+00 4.446975858524949282e-02 0.000000000000000000e+00 5.347326210442413831e-03 0.000000000000000000e+00
0.000000000000000000e+00 5.983153866105078017e-02 0.000000000000000000e+00 8.790138447975121699e-03 0.000000000000000000e+00
0.000000000000000000e+00 6.800018756932900421e-02 0.000000000000000000e+00 1.573988582421188137e-02 0.000000000000000000e+00
0.000000000000000000e+00 8.597830984905172058e-02 0.000000000000000000e+00 2.313665833734721011e-02 0.000000000000000000e+00
0.000000000000000000e+00 9.805453440398503862e-02 0.000000000000000000e+00 4.268194208590170985e-02 1.839050562634458180e-03
0.000000000000000000e+00 1.149130657140288864e-01 0.000000000000000000e+00 6.461522704583973209e-02 1.440924637148126904e-03
0.000000000000000000e+00 1.047045323940189315e-01 0.000000000000000000e+00 8.675161265374144171e-02 0.000000000000000000e+00
3.494985958699386303e-04 8.035327557685853495e-02 0.000000000000000000e+00 1.058523295307879225e-01 9.104218538140218878e-03
5.152624661737052920e-03 5.881901125915275919e-02 0.000000000000000000e+00 1.110737275947814157e-01 1.990391095272392441e-02
1.064731602597648354e-02 1.576050936413019021e-02 0.000000000000000000e+00 1.090747420479134394e-01 3.603916534307735620e-02
9.568685085048050584e-03 0.000000000000000000e+00 0.000000000000000000e+00 9.688667808422897487e-02 5.276743874975438342e-02
6.517329310337017026e-03 0.000000000000000000e+00 0.000000000000000000e+00 8.305232283516383873e-02 4.914285207091435154e-02
0.000000000000000000e+00 0.000000000000000000e+00 0.000000000000000000e+00 5.010230216635762346e-02 3.927733631725679325e-02
5.616386417317030880e-04 0.000000000000000000e+00 0.000000000000000000e+00 2.357279972834698534e-02 2.425903625551775397e-02
9.744345808299665224e-04 0.000000000000000000e+00 0.000000000000000000e+00 2.819123871573593881e-03 6.158245987632034874e-03
0.000000000000000000e+00 0.000000000000000000e+00 0.000000000000000000e+00 0.000000000000000000e+00 0.000000000000000000e+00
0.000000000000000000e+00 0.000000000000000000e+00 0.000000000000000000e+00 0.000000000000000000e+00 0.000000000000000000e+00
0.000000000000000000e+00 0.000000000000000000e+00 0.000000000000000000e+00 0.000000000000000000e+00 0.000000000000000000e+00
0.000000000000000000e+00 0.000000000000000000e+00 0.000000000000000000e+00 0.000000000000000000e+00 0.000000000000000000e+00
0.000000000000000000e+00 0.000000000000000000e+00 0.000000000000000000e+00 0.000000000000000000e+00 0.000000000000000000e+00
0.000000000000000000e+00 0.000000000000000000e+00 0.000000000000000000e+00 0.000000000000000000e+00 0.000000000000000000e+00
0.000000000000000000e+00 0.000000000000000000e+00 0.000000000000000000e+00 0.000000000000000000e+00 0.000000000000000000e+00
0.000000000000000000e+00 0.000000000000000000e+00 0.000000000000000000e+00 0.000000000000000000e+00 0.000000000000000000e+00
0.000000000000000000e+00 0.000000000000000000e+00 0.000000000000000000e+00 0.000000000000000000e+00 0.000000000000000000e+00
0.000000000000000000e+00 4.481168924444009841e-03 1.673173070514086778e-03 0.000000000000000000e+00 2.658054926115878402e-03
0.000000000000000000e+00 2.187508723136961930e-02 8.293485565846480528e-03 2.258386492644322719e-03 6.343885573289784197e-03
0.000000000000000000e+00 3.896911145327665305e-02 1.079524706648778837e-02 2.745243629801857443e-03 5.145842122177513196e-03
0.000000000000000000e+00 5.160933270913946325e-02 9.727216436810194253e-03 4.539048360359718148e-03 2.899057864216580266e-03
0.000000000000000000e+00 6.807140241758882770e-02 7.981025532329809671e-03 6.316444870756597954e-03 0.000000000000000000e+00
0.000000000000000000e+00 9.106590743150756728e-02 2.425722365138624579e-03 8.210198776159562117e-03 0.000000000000000000e+00
0.000000000000000000e+00 1.246293024592566717e-01 3.668967626428038323e-03 1.758199033376535783e-02 1.731129795452969640e-03
0.000000000000000000e+00 1.443006996996931413e-01 1.737932929585741257e-03 3.571543393447023512e-02 1.724507941079677156e-02
0.000000000000000000e+00 1.465682264766583753e-01 0.000000000000000000e+00 5.789558527955816075e-02 2.659867353533029721e-02
0.000000000000000000e+00 1.413208079539777784e-01 0.000000000000000000e+00 7.614955191576369686e-02 3.398956762164194456e-02
4.912925056164087548e-03 1.366240232803828669e-01 0.000000000000000000e+00 8.725815603970213385e-02 4.550133538266562527e-02
2.423615692455956608e-02 1.152512504131504717e-01 0.000000000000000000e+00 8.185942513918059715e-02 6.820203883601576311e-02
4.701773719680270996e-02 8.993320060248288783e-02 0.000000000000000000e+00 7.752127280823317701e-02 8.955461928027398655e-02
4.536350077188887331e-02 5.835707848392689828e-02 0.000000000000000000e+00 8.682747703455670485e-02 9.591998898043488375e-02
3.114791189439670288e-02 2.243572260183588490e-02 0.000000000000000000e+00 9.455511457883331028e-02 8.921991304797091682e-02
1.930490306843419754e-02 0.000000000000000000e+00 0.000000000000000000e+00 8.925635065197362605e-02 8.641214679474584770e-02
9.423830202023340125e-03 0.000000000000000000e+00 0.000000000000000000e+00 7.025287034926090690e-02 8.577464612313567827e-02
2.617250734347595538e-03 0.000000000000000000e+00 0.000000000000000000e+00 3.140476156394422791e-02 7.137707699996433119e-02
3.827015777013298339e-03 0.000000000000000000e+00 0.000000000000000000e+00 4.660156698067751541e-03 2.888093604294525094e-02
4.103505795626927318e-04 1.404571918311432559e-04 0.000000000000000000e+00 0.000000000000000000e+00 1.127499895021879216e-03
0.000000000000000000e+00 0.000000000000000000e+00 0.000000000000000000e+00 0.000000000000000000e+00 0.000000000000000000e+00
0.000000000000000000e+00 0.000000000000000000e+00 0.000000000000000000e+00 0.000000000000000000e+00 0.000000000000000000e+00
0.000000000000000000e+00 0.000000000000000000e+00 0.000000000000000000e+00 0.000000000000000000e+00 0.000000000000000000e+00
0.000000000000000000e+00 0.000000000000000000e+00 0.000000000000000000e+00 0.000000000000000000e+00 0.000000000000000000e+00
0.000000000000000000e+00 0.000000000000000000e+00 0.000000000000000000e+00 0.000000000000000000e+00 0.000000000000000000e+00
0.000000000000000000e+00 0.000000000000000000e+00 0.000000000000000000e+00 0.000000000000000000e+00 0.000000000000000000e+00
0.000000000000000000e+00 0.000000000000000000e+00 0.000000000000000000e+00 0.000000000000000000e+00 0.000000000000000000e+00
0.000000000000000000e+00 0.000000000000000000e+00 0.000000000000000000e+00 0.000000000000000000e+00 0.000000000000000000e+00
0.000000000000000000e+00 7.001892257346746355e-03 5.845326325088350851e-03 0.000000000000000000e+00 5.371556898435668297e-03
0.000000000000000000e+00 2.574219365508336951e-02 2.417832125568543725e-02 1.423557720640162986e-03 6.786442491470707182e-03
0.000000000000000000e+00 4.859749097663039474e-02 2.265088993795215389e-02 0.000000000000000000e+00 4.192761222621759279e-03
0.000000000000000000e+00 6.438684161559869723e-02 2.917690587791494164e-02 0.000000000000000000e+00 0.000000000000000000e+00
0.000000000000000000e+00 7.929104911019749236e-02 3.360804831570616408e-02 1.459621827390033416e-04 0.000000000000000000e+00
0.000000000000000000e+00 9.382911485267141083e-02 4.087955660487282983e-02 1.482873972429994691e-02 0.000000000000000000e+00
0.000000000000000000e+00 1.093547820478110721e-01 4.259412403291332194e-02 2.726326850460151704e-02 8.675590315273458766e-03
0.000000000000000000e+00 1.121971140766900715e-01 4.458437741337911014e-02 4.678700347829800599e-02 2.705441403264346664e-02
0.000000000000000000e+00 1.051093551869083792e-01 3.357351799303022466e-02 5.611436612019522069e-02 5.267946452682276820e-02
3.441686040602601887e-02 8.710568418781854116e-02 2.283152900203863286e-02 4.616987024427169489e-02 7.754189943624453796e-02
5.819364371235320049e-02 7.809712333701664122e-02 2.506479068997836610e-02 1.989165595974362946e-02 9.407572776971348527e-02
7.412194032907637453e-02 8.974501206777261986e-02 2.032923560214235092e-02 1.122387788642537207e-03 1.016369285865044575e-01
8.561148366044472879e-02 9.226530016674346080e-02 8.271974117441863172e-03 8.922781455551140068e-04 1.003112585708137577e-01
8.542067908037802304e-02 7.371169987389339373e-02 0.000000000000000000e+00 2.707865331818982285e-02 1.004584790560662938e-01
7.335908110433336793e-02 4.939635464709948853e-02 0.000000000000000000e+00 4.621152245528847152e-02 1.006684318602618228e-01
4.891746605233929235e-02 1.081220447944072210e-02 0.000000000000000000e+00 7.756726818211374941e-02 9.787124842386757395e-02
2.439875177772938414e-02 0.000000000000000000e+00 0.000000000000000000e+00 7.995028872582482515e-02 9.819234792341939577e-02
8.730546675872056725e-03 0.000000000000000000e+00 0.000000000000000000e+00 3.960841717870779155e-02 9.686122879562357457e-02
9.071376204065806706e-03 0.000000000000000000e+00 0.000000000000000000e+00 1.056377300106826900e-02 5.465348630515873968e-02
3.124058903431814905e-03 0.000000000000000000e+00 0.000000000000000000e+00 0.000000000000000000e+00 1.708874816028223623e-02
0.000000000000000000e+00 0.000000000000000000e+00 0.000000000000000000e+00 0.000000000000000000e+00 0.000000000000000000e+00
0.000000000000000000e+00 0.000000000000000000e+00 0.000000000000000000e+00 0.000000000000000000e+00 0.000000000000000000e+00
0.000000000000000000e+00 0.000000000000000000e+00 0.000000000000000000e+00 0.000000000000000000e+00 0.000000000000000000e+00
0.000000000000000000e+00 0.000000000000000000e+00 0.000000000000000000e+00 0.000000000000000000e+00 0.000000000000000000e+00
0.000000000000000000e+00 0.000000000000000000e+00 0.000000000000000000e+00 0.000000000000000000e+00 0.000000000000000000e+00
0.000000000000000000e+00 0.000000000000000000e+00 0.000000000000000000e+00 0.000000000000000000e+00 0.000000000000000000e+00
0.000000000000000000e+00 0.000000000000000000e+00 0.000000000000000000e+00 0.000000000000000000e+00 0.000000000000000000e+00
0.000000000000000000e+00 0.000000000000000000e+00 0.000000000000000000e+00 0.000000000000000000e+00 0.000000000000000000e+00
0.000000000000000000e+00 5.426369483231346762e-03 1.565756096210576057e-02 0.000000000000000000e+00 2.834156543520903199e-03
0.000000000000000000e+00 2.203350774269798029e-02 4.220735262656209741e-02 0.000000000000000000e+00 4.032119087654026097e-04
0.000000000000000000e+00 4.525816580997917005e-02 5.830581922229283176e-02 0.000000000000000000e+00 0.000000000000000000e+00
0.000000000000000000e+00 5.235213357395372691e-02 6.548651937573789217e-02 0.000000000000000000e+00 0.000000000000000000e+00
0.000000000000000000e+00 5.311756284878678402e-02 6.984955808379886277e-02 0.000000000000000000e+00 0.000000000000000000e+00
0.000000000000000000e+00 6.183046703223045448e-02 8.408429784254561890e-02 6.053498613079405857e-03 0.000000000000000000e+00
0.000000000000000000e+00 6.356906980991262890e-02 8.278843367878528647e-02 1.249047952721009380e-02 2.101695870988731091e-02
1.563677905101264545e-02 4.321487416251542507e-02 8.252293602722539367e-02 9.395616705661058096e-03 4.709486443840096154e-02
3.905504192018108278e-02 1.766648203523372637e-02 9.328529822530599869e-02 2.246773307074031653e-02 6.467905513562161035e-02
6.667861507928569964e-02 4.535289012774716688e-03 1.058742870588218338e-01 9.731537739731017933e-03 7.079871251957452205e-02
8.508109868123660269e-02 4.236629275599487245e-03 1.010106389895503165e-01 0.000000000000000000e+00 7.305205761520806862e-02
8.189244304542578345e-02 2.469854968225566882e-02 1.026515992222765683e-01 0.000000000000000000e+00 5.684976472362953531e-02
9.442341121540841209e-02 6.359129789753971418e-02 8.255691043108311089e-02 0.000000000000000000e+00 4.946343742315843783e-02
9.950829912461034432e-02 7.649326173250746430e-02 5.253025421267115691e-02 0.000000000000000000e+00 4.466537427579595626e-02
8.796700393219730740e-02 6.924254780122307551e-02 1.402469832158632738e-02 2.622236296672542100e-02 4.779489334670077721e-02
7.092394487971563632e-02 2.458383974054069443e-02 0.000000000000000000e+00 5.942411763478925441e-02 7.643302059923358371e-02
3.016280871009307737e-02 0.000000000000000000e+00 0.000000000000000000e+00 8.174297296260500667e-02 1.014416886771482007e-01
1.467591097645867121e-02 0.000000000000000000e+00 0.000000000000000000e+00 4.271816681671936761e-02 1.126026635890044203e-01
9.605556230558275066e-03 0.000000000000000000e+00 0.000000000000000000e+00 9.933692041940752129e-03 7.844601321860593390e-02
3.903570844853221974e-03 0.000000000000000000e+00 0.000000000000000000e+00 0.000000000000000000e+00 2.490833716767007835e-02
0.000000000000000000e+00 0.000000000000000000e+00 0.000000000000000000e+00 0.000000000000000000e+00 0.000000000000000000e+00
0.000000000000000000e+00 0.000000000000000000e+00 0.000000000000000000e+00 0.000000000000000000e+00 0.000000000000000000e+00
0.000000000000000000e+00 0.000000000000000000e+00 0.000000000000000000e+00 0.000000000000000000e+00 0.000000000000000000e+00
0.000000000000000000e+00 0.000000000000000000e+00 0.000000000000000000e+00 0.000000000000000000e+00 0.000000000000000000e+00
0.000000000000000000e+00 0.000000000000000000e+00 0.000000000000000000e+00 0.000000000000000000e+00 0.000000000000000000e+00
0.000000000000000000e+00 0.000000000000000000e+00 0.000000000000000000e+00 0.000000000000000000e+00 0.000000000000000000e+00
0.000000000000000000e+00 0.000000000000000000e+00 0.000000000000000000e+00 0.000000000000000000e+00 0.000000000000000000e+00
0.000000000000000000e+00 0.000000000000000000e+00 0.000000000000000000e+00 0.000000000000000000e+00 0.000000000000000000e+00
0.000000000000000000e+00 8.350742957181281692e-03 4.979359222802345192e-02 0.000000000000000000e+00 1.193845818127158378e-04
0.000000000000000000e+00 2.157921612324632116e-02 6.148633095403740340e-02 0.000000000000000000e+00 0.000000000000000000e+00
0.000000000000000000e+00 2.656134743269653736e-02 7.104236545912184786e-02 0.000000000000000000e+00 0.000000000000000000e+00
7.599076555955883291e-04 2.569091256494799094e-02 8.310533901604628959e-02 0.000000000000000000e+00 0.000000000000000000e+00
1.116818236370021103e-02 1.655678408382915690e-02 9.874533663306933606e-02 0.000000000000000000e+00 0.000000000000000000e+00
1.921142798534584625e-02 1.376856081168818281e-02 1.124799289628010818e-01 0.000000000000000000e+00 1.287182590837714947e-02
2.994572536692368184e-02 5.502085362261485875e-03 1.212694128542472355e-01 0.000000000000000000e+00 2.656282578699643154e-02
4.454340111290373133e-02 0.000000000000000000e+00 1.328168531813238573e-01 0.000000000000000000e+00 4.259106038289471596e-02
4.972198982601876843e-02 0.000000000000000000e+00 1.361563808109196583e-01 1.191961163087027886e-03 5.012328396177540002e-02
5.321624802436340090e-02 0.000000000000000000e+00 1.317857105391725958e-01 0.000000000000000000e+00 4.716668180595619958e-02
4.527816010797668794e-02 0.000000000000000000e+00 1.423006727357241930e-01 0.000000000000000000e+00 2.134661915064004628e-02
3.324395523700601068e-02 1.865527209977248246e-02 1.414152209254268266e-01 5.893768268293215519e-03 0.000000000000000000e+00
6.340846081372546184e-02 5.450902580299780281e-02 1.111181705182341384e-01 0.000000000000000000e+00 0.000000000000000000e+00
9.445928944033286923e-02 8.298762817879030973e-02 7.122148400211592012e-02 9.130741014081228315e-04 0.000000000000000000e+00
1.066123072206356936e-01 5.969595307529225459e-02 4.879288840102913999e-02 3.150699442142181755e-02 6.789384047419423510e-04
7.725194356147936647e-02 2.435712106065729410e-02 2.030976516420223907e-02 6.296244870968388530e-02 3.508667300083227053e-02
3.547678323555249202e-02 0.000000000000000000e+00 0.000000000000000000e+00 8.035035769112774950e-02 9.646099092872539860e-02
6.567885097229045864e-03 0.000000000000000000e+00 0.000000000000000000e+00 4.010657668497239620e-02 1.259445812793111852e-01
4.819203318248220513e-03 0.000000000000000000e+00 0.000000000000000000e+00 6.137763287059766655e-03 8.654654065112124539e-02
3.963014952617503056e-03 0.000000000000000000e+00 0.000000000000000000e+00 0.000000000000000000e+00 2.695515460026343124e-02
0.000000000000000000e+00 0.000000000000000000e+00 0.000000000000000000e+00 0.000000000000000000e+00 0.000000000000000000e+00
0.000000000000000000e+00 0.000000000000000000e+00 0.000000000000000000e+00 0.000000000000000000e+00 0.000000000000000000e+00
0.000000000000000000e+00 0.000000000000000000e+00 0.000000000000000000e+00 0.000000000000000000e+00 0.000000000000000000e+00
0.000000000000000000e+00 0.000000000000000000e+00 0.000000000000000000e+00 0.000000000000000000e+00 0.000000000000000000e+00
0.000000000000000000e+00 0.000000000000000000e+00 0.000000000000000000e+00 0.000000000000000000e+00 0.000000000000000000e+00
0.000000000000000000e+00 0.000000000000000000e+00 0.000000000000000000e+00 0.000000000000000000e+00 0.000000000000000000e+00
0.000000000000000000e+00 0.000000000000000000e+00 0.000000000000000000e+00 0.000000000000000000e+00 0.000000000000000000e+00
0.000000000000000000e+00 0.000000000000000000e+00 0.000000000000000000e+00 0.000000000000000000e+00 0.000000000000000000e+00
0.000000000000000000e+00 6.871564596825222200e-03 4.557463560263896180e-02 6.346077811421853634e-04 0.000000000000000000e+00
0.000000000000000000e+00 1.515724984426661606e-02 6.512077007757005598e-02 0.000000000000000000e+00 0.000000000000000000e+00
5.393728751243190463e-03 1.001883301975226145e-03 9.065860213782304944e-02 0.000000000000000000e+00 0.000000000000000000e+00
1.407454037917610715e-02 0.000000000000000000e+00 9.080934449664510022e-02 0.000000000000000000e+00 0.000000000000000000e+00
1.473365269839674828e-02 0.000000000000000000e+00 1.013492802289601286e-01 0.000000000000000000e+00 0.000000000000000000e+00
2.515161664766585314e-02 0.000000000000000000e+00 1.115200165729845622e-01 0.000000000000000000e+00 1.481585715366505462e-02
3.330272872786014388e-02 0.000000000000000000e+00 1.203182919796626366e-01 0.000000000000000000e+00 2.531292272408112998e-02
2.968746595810127856e-02 0.000000000000000000e+00 1.228946499011050880e-01 0.000000000000000000e+00 3.102323016004015707e-02
2.172899501565622379e-02 0.000000000000000000e+00 1.119642116816024630e-01 0.000000000000000000e+00 3.050421940019452244e-02
1.141835249731994704e-02 0.000000000000000000e+00 1.120528987277433219e-01 0.000000000000000000e+00 1.881933803157471649e-02
0.000000000000000000e+00 7.072878908489919035e-03 1.078896738954182449e-01 1.162584482459455212e-02 0.000000000000000000e+00
0.000000000000000000e+00 4.664916062743209441e-02 1.052577609196015673e-01 9.489572224491940600e-03 0.000000000000000000e+00
3.216542768424782150e-02 7.306833420289426950e-02 8.659753378780751798e-02 7.261291970855660201e-05 0.000000000000000000e+00
9.410353517411521040e-02 8.786355723283949259e-02 7.033130586379526816e-02 9.453980880137474035e-04 0.000000000000000000e+00
9.954569593412627981e-02 5.818254569908382773e-02 4.861514771139025665e-02 4.335971946082520234e-02 0.000000000000000000e+00
5.871604347022305742e-02 1.578522161093013840e-02 5.216859635763197722e-02 8.315223695524630310e-02 2.190777458184169774e-02
3.225509106016545557e-02 0.000000000000000000e+00 7.316430570659099471e-03 8.072692648516599512e-02 9.457402054287361581e-02
0.000000000000000000e+00 0.000000000000000000e+00 0.000000000000000000e+00 4.356054288851218814e-02 1.251867081544560389e-01
0.000000000000000000e+00 0.000000000000000000e+00 0.000000000000000000e+00 6.234023985343260972e-05 8.571704522942284743e-02
4.946662825238397690e-03 0.000000000000000000e+00 0.000000000000000000e+00 0.000000000000000000e+00 2.620710640158782287e-02
0.000000000000000000e+00 0.000000000000000000e+00 0.000000000000000000e+00 0.000000000000000000e+00 0.000000000000000000e+00
0.000000000000000000e+00 0.000000000000000000e+00 0.000000000000000000e+00 0.000000000000000000e+00 0.000000000000000000e+00
0.000000000000000000e+00 0.000000000000000000e+00 0.000000000000000000e+00 0.000000000000000000e+00 0.000000000000000000e+00
0.000000000000000000e+00 0.000000000000000000e+00 0.000000000000000000e+00 0.000000000000000000e+00 0.000000000000000000e+00
0.000000000000000000e+00 0.000000000000000000e+00 0.000000000000000000e+00 0.000000000000000000e+00 0.000000000000000000e+00
0.000000000000000000e+00 0.000000000000000000e+00 0.000000000000000000e+00 0.000000000000000000e+00 0.000000000000000000e+00
0.000000000000000000e+00 0.000000000000000000e+00 0.000000000000000000e+00 0.000000000000000000e+00 0.000000000000000000e+00
0.000000000000000000e+00 0.000000000000000000e+00 0.000000000000000000e+00 0.000000000000000000e+00 0.000000000000000000e+00
0.000000000000000000e+00 4.143523847126728848e-05 3.053364197544163397e-02 3.504099788510160155e-04 0.000000000000000000e+00
0.000000000000000000e+00 0.000000000000000000e+00 5.937459712802545253e-02 2.571197428114755344e-03 0.000000000000000000e+00
9.064480093410683462e-03 0.000000000000000000e+00 7.534967511610878022e-02 0.000000000000000000e+00 0.000000000000000000e+00
1.541517944473859945e-02 0.000000000000000000e+00 7.014218412610315201e-02 0.000000000000000000e+00 0.000000000000000000e+00
7.610385180005250182e-03 0.000000000000000000e+00 6.946161130916951587e-02 0.000000000000000000e+00 3.563109495451299413e-03
9.566921062805695472e-03 0.000000000000000000e+00 6.203974261877805846e-02 0.000000000000000000e+00 7.853213667546155019e-03
1.986972924962556591e-02 0.000000000000000000e+00 5.923852426967841228e-02 0.000000000000000000e+00 1.237035797746125973e-02
1.930566949163302695e-02 0.000000000000000000e+00 4.245864432789321630e-02 0.000000000000000000e+00 1.455192158575545347e-02
1.013979712606876901e-02 0.000000000000000000e+00 2.540409297285636109e-02 3.440276915615632283e-03 2.957664577233606006e-03
0.000000000000000000e+00 1.724287611972846171e-04 4.068314825277340868e-02 7.622408666477943802e-03 0.000000000000000000e+00
0.000000000000000000e+00 1.562604920396528513e-02 4.983704242127429823e-02 7.958785393403640732e-03 0.000000000000000000e+00
4.645853963553337948e-03 6.079211546680952927e-02 6.636917776800649316e-02 3.149422563293169299e-03 0.000000000000000000e+00
7.820230648566205145e-02 9.170553840212905539e-02 4.527387741594846027e-02 0.000000000000000000e+00 0.000000000000000000e+00
1.025860187945379226e-01 8.532341767377901731e-02 6.379597794655034182e-02 8.147900707731968103e-03 0.000000000000000000e+00
8.727987318528679372e-02 3.777886049651290462e-02 6.782269204674426510e-02 7.051370060464041967e-02 0.000000000000000000e+00
3.740918242530005128e-02 3.698290582432673616e-03 6.825098154933675887e-02 1.038721683453304179e-01 3.087081166769034199e-02
8.144331790242707522e-03 0.000000000000000000e+00 2.219710326423393956e-02 7.830209504133520126e-02 1.063768291300561386e-01
0.000000000000000000e+00 0.000000000000000000e+00 0.000000000000000000e+00 2.852757019621846718e-02 1.297591315758973851e-01
0.000000000000000000e+00 0.000000000000000000e+00 0.000000000000000000e+00 0.000000000000000000e+00 7.650002268213222656e-02
3.887781923182054115e-03 0.000000000000000000e+00 0.000000000000000000e+00 0.000000000000000000e+00 1.334089414807960658e-02
0.000000000000000000e+00 0.000000000000000000e+00 0.000000000000000000e+00 0.000000000000000000e+00 0.000000000000000000e+00
0.000000000000000000e+00 0.000000000000000000e+00 0.000000000000000000e+00 0.000000000000000000e+00 0.000000000000000000e+00
0.000000000000000000e+00 0.000000000000000000e+00 0.000000000000000000e+00 0.000000000000000000e+00 0.000000000000000000e+00
0.000000000000000000e+00 0.000000000000000000e+00 0.000000000000000000e+00 0.000000000000000000e+00 0.000000000000000000e+00
0.000000000000000000e+00 0.000000000000000000e+00 0.000000000000000000e+00 0.000000000000000000e+00 0.000000000000000000e+00
0.000000000000000000e+00 0.000000000000000000e+00 0.000000000000000000e+00 0.000000000000000000e+00 0.000000000000000000e+00
0.000000000000000000e+00 0.000000000000000000e+00 0.000000000000000000e+00 0.000000000000000000e+00 0.000000000000000000e+00
0.000000000000000000e+00 0.000000000000000000e+00 0.000000000000000000e+00 0.000000000000000000e+00 0.000000000000000000e+00
0.000000000000000000e+00 0.000000000000000000e+00 7.956682109229758562e-03 0.000000000000000000e+00 0.000000000000000000e+00
0.000000000000000000e+00 0.000000000000000000e+00 3.486751475468049394e-02 2.979761062902901679e-03 0.000000000000000000e+00
7.319579153016722226e-04 0.000000000000000000e+00 3.697433879697845788e-02 2.507402722985647200e-03 0.000000000000000000e+00
3.341550421296302954e-03 0.000000000000000000e+00 3.485806916920139442e-02 7.419961278239174413e-04 0.000000000000000000e+00
0.000000000000000000e+00 0.000000000000000000e+00 2.324926905442485647e-02 0.000000000000000000e+00 6.283633344857640114e-03
0.000000000000000000e+00 1.476371133270101312e-03 1.722393718293472112e-02 0.000000000000000000e+00 8.428188827858252088e-03
0.000000000000000000e+00 1.396115836632127582e-03 1.465343199909659860e-02 6.805998826208336724e-04 2.582230415050112363e-03
0.000000000000000000e+00 5.427440098186890431e-03 8.263949503745739167e-03 3.381533536534938374e-03 0.000000000000000000e+00
1.528634939891049174e-03 9.589538006544754203e-03 5.788814940131030082e-03 3.891809181586996721e-03 0.000000000000000000e+00
7.897508152997409145e-03 1.234740632539702183e-02 1.511822294399215588e-02 1.935218276559891142e-03 0.000000000000000000e+00
2.141851449917656774e-02 3.467163698993609017e-02 1.610888191842434550e-02 0.000000000000000000e+00 0.000000000000000000e+00
6.364320957215743868e-02 8.393929613664416478e-02 1.869554651896884051e-02 0.000000000000000000e+00 0.000000000000000000e+00
1.192094267068047747e-01 9.034494194709467851e-02 1.663259996713500541e-02 0.000000000000000000e+00 0.000000000000000000e+00
1.165290445128399771e-01 5.376031447131882079e-02 5.984564378670313711e-02 3.605885993516193266e-02 0.000000000000000000e+00
6.446333874640039485e-02 2.490762140468395910e-04 8.246552812127878884e-02 9.916478853708528274e-02 0.000000000000000000e+00
1.283416869466879988e-02 3.082518704596111836e-04 6.675533163752345178e-02 1.028695685524478320e-01 6.567858120036497438e-02
0.000000000000000000e+00 0.000000000000000000e+00 3.217657346680284636e-02 6.032852638348236429e-02 1.262820262961064088e-01
0.000000000000000000e+00 0.000000000000000000e+00 0.000000000000000000e+00 1.082663675079854546e-02 1.276815806640311246e-01
0.000000000000000000e+00 0.000000000000000000e+00 1.491766210153098538e-03 0.000000000000000000e+00 4.907993854328162459e-02
2.363054235905879749e-03 0.000000000000000000e+00 0.000000000000000000e+00 0.000000000000000000e+00 4.549320359900688171e-03
0.000000000000000000e+00 0.000000000000000000e+00 0.000000000000000000e+00 0.000000000000000000e+00 0.000000000000000000e+00
0.000000000000000000e+00 0.000000000000000000e+00 0.000000000000000000e+00 0.000000000000000000e+00 0.000000000000000000e+00
0.000000000000000000e+00 0.000000000000000000e+00 0.000000000000000000e+00 0.000000000000000000e+00 0.000000000000000000e+00
0.000000000000000000e+00 0.000000000000000000e+00 0.000000000000000000e+00 0.000000000000000000e+00 0.000000000000000000e+00
0.000000000000000000e+00 0.000000000000000000e+00 0.000000000000000000e+00 0.000000000000000000e+00 0.000000000000000000e+00
0.000000000000000000e+00 0.000000000000000000e+00 0.000000000000000000e+00 0.000000000000000000e+00 0.000000000000000000e+00
0.000000000000000000e+00 0.000000000000000000e+00 0.000000000000000000e+00 0.000000000000000000e+00 0.000000000000000000e+00
0.000000000000000000e+00 0.000000000000000000e+00 0.000000000000000000e+00 0.000000000000000000e+00 0.000000000000000000e+00
0.000000000000000000e+00 0.000000000000000000e+00 0.000000000000000000e+00 0.000000000000000000e+00 0.000000000000000000e+00
0.000000000000000000e+00 0.000000000000000000e+00 2.279000817711946542e-02 3.623339620329357920e-03 0.000000000000000000e+00
0.000000000000000000e+00 0.000000000000000000e+00 1.710572293071562638e-02 2.109891394532223321e-03 0.000000000000000000e+00
0.000000000000000000e+00 0.000000000000000000e+00 1.036145508039170750e-02 1.297605238794207567e-03 0.000000000000000000e+00
0.000000000000000000e+00 0.000000000000000000e+00 1.122875005360125279e-02 1.702877741263153554e-04 1.604969133878825270e-03
0.000000000000000000e+00 2.395914311245304126e-03 1.279590554908298199e-02 3.591308042905561135e-03 0.000000000000000000e+00
0.000000000000000000e+00 3.221493209356261680e-03 6.816902149021432898e-03 5.638293030431640665e-03 0.000000000000000000e+00
9.432544668548898488e-04 4.814524456073432206e-03 4.136212187447103200e-03 4.000599777393185931e-03 0.000000000000000000e+00
1.107900478860741715e-02 2.927135594658231924e-03 1.336801465088140010e-02 3.706855985859639803e-03 0.000000000000000000e+00
2.932891185808553930e-02 2.162358349173147676e-02 1.071538757238725548e-02 0.000000000000000000e+00 0.000000000000000000e+00
7.154559560000738061e-02 7.135509094383243878e-02 0.000000000000000000e+00 0.000000000000000000e+00 0.000000000000000000e+00
1.168344281003170504e-01 8.931842641235207547e-02 0.000000000000000000e+00 0.000000000000000000e+00 0.000000000000000000e+00
1.350892954281275316e-01 7.179599153517321475e-02 1.339576109847680392e-02 9.519034395663546200e-03 0.000000000000000000e+00
8.907933823334225620e-02 1.596265288063509341e-02 7.600805841691929410e-02 8.147942394227319918e-02 0.000000000000000000e+00
3.113536445464341190e-02 0.000000000000000000e+00 8.519243483399530081e-02 1.181995846781901810e-01 9.343368477749035977e-03
0.000000000000000000e+00 0.000000000000000000e+00 6.821580621136130729e-02 1.025487656753462234e-01 8.571088948441424327e-02
0.000000000000000000e+00 2.456571491959682902e-03 2.743581812490115610e-02 4.238753349545677784e-02 1.378885585091101373e-01
0.000000000000000000e+00 1.589704872416823405e-03 0.000000000000000000e+00 0.000000000000000000e+00 1.049599444280933380e-01
0.000000000000000000e+00 0.000000000000000000e+00 2.439215066806225323e-04 0.000000000000000000e+00 2.132445273439207215e-02
3.458547211522266249e-04 0.000000000000000000e+00 0.000000000000000000e+00 0.000000000000000000e+00 9.791655341945264442e-04
0.000000000000000000e+00 0.000000000000000000e+00 0.000000000000000000e+00 0.000000000000000000e+00 0.000000000000000000e+00
0.000000000000000000e+00 0.000000000000000000e+00 0.000000000000000000e+00 0.000000000000000000e+00 0.000000000000000000e+00
0.000000000000000000e+00 0.000000000000000000e+00 0.000000000000000000e+00 0.000000000000000000e+00 0.000000000000000000e+00
0.000000000000000000e+00 0.000000000000000000e+00 0.000000000000000000e+00 0.000000000000000000e+00 0.000000000000000000e+00
0.000000000000000000e+00 0.000000000000000000e+00 0.000000000000000000e+00 0.000000000000000000e+00 0.000000000000000000e+00
0.000000000000000000e+00 0.000000000000000000e+00 0.000000000000000000e+00 0.000000000000000000e+00 0.000000000000000000e+00
0.000000000000000000e+00 0.000000000000000000e+00 0.000000000000000000e+00 0.000000000000000000e+00 0.000000000000000000e+00
0.000000000000000000e+00 0.000000000000000000e+00 0.000000000000000000e+00 0.000000000000000000e+00 0.000000000000000000e+00
0.000000000000000000e+00 0.000000000000000000e+00 0.000000000000000000e+00 0.000000000000000000e+00 0.000000000000000000e+00
0.000000000000000000e+00 0.000000000000000000e+00 7.708339270467098187e-03 8.110035580134428808e-04 0.000000000000000000e+00
0.000000000000000000e+00 0.000000000000000000e+00 1.178064264548544376e-02 1.330515114553837766e-03 0.000000000000000000e+00
0.000000000000000000e+00 0.000000000000000000e+00 1.040083450009360831e-02 1.017849336952879368e-03 1.485663789730056437e-03
0.000000000000000000e+00 1.301554517601227897e-04 1.024096612030477374e-02 1.831663624751099680e-03 6.512361166068209896e-03
0.000000000000000000e+00 3.762117310254468102e-03 1.204502415045849775e-02 1.767550391303129506e-02 0.000000000000000000e+00
3.505176566520938706e-03 1.886313161211387477e-03 1.221037129350334427e-02 1.779102208015565303e-02 0.000000000000000000e+00
3.016592502700406880e-02 0.000000000000000000e+00 7.401821053908371958e-03 1.443979996051679947e-02 4.544096042730216140e-03
5.034651697415988558e-02 0.000000000000000000e+00 3.481009339504389632e-03 6.110695387861254588e-03 1.205117986528275384e-02
8.871335951622387472e-02 2.805881397743574882e-02 0.000000000000000000e+00 0.000000000000000000e+00 1.412899282693010593e-02
1.399094816693833010e-01 6.217617153557956911e-02 0.000000000000000000e+00 0.000000000000000000e+00 1.348475249724095243e-02
1.578744872475472127e-01 6.367229397397766721e-02 0.000000000000000000e+00 0.000000000000000000e+00 4.913197807930090241e-03
1.186721880347418323e-01 2.748872022171010981e-02 2.308894054366363371e-02 5.665026735840097277e-02 0.000000000000000000e+00
4.206919651970254803e-02 0.000000000000000000e+00 7.281404795393379981e-02 1.112920417410213497e-01 4.005322363318333280e-03
3.154751262761745865e-03 0.000000000000000000e+00 8.517054213691520326e-02 1.180016337974192503e-01 5.237278542415832461e-02
0.000000000000000000e+00 0.000000000000000000e+00 5.013629629776875790e-02 8.555920881310037640e-02 1.115063937096342217e-01
0.000000000000000000e+00 1.150087879820933627e-02 2.238874014603830717e-02 1.367577506861306427e-02 1.262242969237656054e-01
0.000000000000000000e+00 9.232360786461045812e-03 3.903262861299660724e-03 0.000000000000000000e+00 6.384825866479935941e-02
3.193800120325029131e-03 3.738804865214601439e-03 0.000000000000000000e+00 1.389071712401076955e-04 5.819694041325771186e-03
0.000000000000000000e+00 1.597408613061609538e-03 4.627546422440044060e-04 1.262022765367605678e-03 7.333801048339770048e-05
0.000000000000000000e+00 0.000000000000000000e+00 0.000000000000000000e+00 0.000000000000000000e+00 0.000000000000000000e+00
0.000000000000000000e+00 0.000000000000000000e+00 0.000000000000000000e+00 0.000000000000000000e+00 0.000000000000000000e+00
0.000000000000000000e+00 0.000000000000000000e+00 0.000000000000000000e+00 0.000000000000000000e+00 0.000000000000000000e+00
0.000000000000000000e+00 0.000000000000000000e+00 0.000000000000000000e+00 0.000000000000000000e+00 0.000000000000000000e+00
0.000000000000000000e+00 0.000000000000000000e+00 0.000000000000000000e+00 0.000000000000000000e+00 0.000000000000000000e+00
0.000000000000000000e+00 0.000000000000000000e+00 0.000000000000000000e+00 0.000000000000000000e+00 0.000000000000000000e+00
0.000000000000000000e+00 0.000000000000000000e+00 0.000000000000000000e+00 0.000000000000000000e+00 0.000000000000000000e+00
0.000000000000000000e+00 0.000000000000000000e+00 0.000000000000000000e+00 0.000000000000000000e+00 0.000000000000000000e+00
0.000000000000000000e+00 0.000000000000000000e+00 0.000000000000000000e+00 0.000000000000000000e+00 0.000000000000000000e+00
0.000000000000000000e+00 0.000000000000000000e+00 0.000000000000000000e+00 0.000000000000000000e+00 0.000000000000000000e+00
0.000000000000000000e+00 0.000000000000000000e+00 1.632975604135447178e-04 6.356688278050154394e-04 4.527792753825851668e-03
0.000000000000000000e+00 0.000000000000000000e+00 8.949300889588869892e-03 2.143313663668452648e-02 5.060654095659437553e-05
8.334266244356508882e-03 0.000000000000000000e+00 1.469727714196158823e-02 4.961536782402871382e-02 0.000000000000000000e+00
3.012113835385685223e-02 0.000000000000000000e+00 7.001949615285146117e-03 6.647047738317876653e-02 9.912011606165250024e-04
6.097171208212196630e-02 0.000000000000000000e+00 4.685977374467124867e-03 5.221662868543507086e-02 4.383630008478377194e-03
8.498603164254418807e-02 0.000000000000000000e+00 0.000000000000000000e+00 4.396943202712112059e-02 3.057712520198728121e-02
1.197384690808296348e-01 0.000000000000000000e+00 0.000000000000000000e+00 2.213906551135239389e-02 4.968777171489111716e-02
1.517423708893229917e-01 3.480217976408497144e-02 0.000000000000000000e+00 6.083717584651447685e-03 5.530438298036863959e-02
1.652017425559748898e-01 4.797453633753482466e-02 0.000000000000000000e+00 0.000000000000000000e+00 5.926026043505783908e-02
1.310152635007458544e-01 3.166004501224972678e-02 0.000000000000000000e+00 3.688110586135889823e-02 4.827552687088827732e-02
7.236532698967622357e-02 0.000000000000000000e+00 2.088280664660948152e-02 9.016719721071612959e-02 4.749657045030907659e-02
1.454836600763678711e-02 0.000000000000000000e+00 6.743586429704107044e-02 1.122705139144416220e-01 6.221711517590007567e-02
0.000000000000000000e+00 0.000000000000000000e+00 6.062368927861001150e-02 9.826231793003552262e-02 1.020555128888141760e-01
0.000000000000000000e+00 0.000000000000000000e+00 2.694843026776122530e-02 4.099703433854917645e-02 1.247757399540021517e-01
0.000000000000000000e+00 1.058679074537468255e-02 1.718358297661935069e-02 0.000000000000000000e+00 1.048687874758360422e-01
6.709392196712635550e-03 1.466305630432436936e-03 0.000000000000000000e+00 0.000000000000000000e+00 3.147140726279052531e-02
6.331197065356606625e-03 2.542504315632952185e-03 0.000000000000000000e+00 0.000000000000000000e+00 4.356049423936077941e-03
1.588256125907434564e-03 0.000000000000000000e+00 0.000000000000000000e+00 0.000000000000000000e+00 1.528429207464676934e-03
0.000000000000000000e+00 7.220507309596771320e-04 1.483267495955866789e-03 0.000000000000000000e+00 1.122564825681012218e-03
0.000000000000000000e+00 9.358514304801717680e-05 9.636956225980371259e-04 0.000000000000000000e+00 2.979125684781571835e-04
1.325373027858718503e-05 0.000000000000000000e+00 3.608557961181499602e-04 7.535910293492854687e-06 0.000000000000000000e+00
0.000000000000000000e+00 0.000000000000000000e+00 0.000000000000000000e+00 0.000000000000000000e+00 0.000000000000000000e+00
0.000000000000000000e+00 0.000000000000000000e+00 0.000000000000000000e+00 0.000000000000000000e+00 0.000000000000000000e+00
0.000000000000000000e+00 0.000000000000000000e+00 0.000000000000000000e+00 0.000000000000000000e+00 0.000000000000000000e+00
0.000000000000000000e+00 0.000000000000000000e+00 0.000000000000000000e+00 0.000000000000000000e+00 0.000000000000000000e+00
0.000000000000000000e+00 0.000000000000000000e+00 0.000000000000000000e+00 0.000000000000000000e+00 0.000000000000000000e+00
8.556031104325152650e-04 0.000000000000000000e+00 0.000000000000000000e+00 7.366720660877060104e-04 9.020003212605266687e-04
2.231634319207578473e-03 0.000000000000000000e+00 0.000000000000000000e+00 7.394903559378307109e-03 3.780276506682066912e-03
8.601943280680224638e-03 0.000000000000000000e+00 0.000000000000000000e+00 2.837525332470675413e-02 5.317642548567320070e-03
2.152602917638683777e-02 0.000000000000000000e+00 3.178128384303121560e-03 7.052535357155387263e-02 2.170414076858721928e-03
4.256625386816770967e-02 0.000000000000000000e+00 1.188013966173925677e-02 8.966129471882670898e-02 7.317652782181050843e-03
6.470592283386926435e-02 0.000000000000000000e+00 4.502420695766271887e-03 8.438230073939780029e-02 2.989909580694667321e-02
9.544135546628190747e-02 0.000000000000000000e+00 0.000000000000000000e+00 6.363877096736235417e-02 6.982384469273002214e-02
1.239116683152352849e-01 0.000000000000000000e+00 0.000000000000000000e+00 4.898913764760567252e-02 8.325439495790122602e-02
1.511810522191716633e-01 1.867137076899259840e-02 0.000000000000000000e+00 4.696249917003467167e-02 7.689139106888233377e-02
1.440385444896093159e-01 3.994978903879935206e-02 0.000000000000000000e+00 5.144736927494965306e-02 7.155496579039445637e-02
1.203723124731237992e-01 3.438306270931019981e-02 0.000000000000000000e+00 6.439842745136804825e-02 6.581753017386531013e-02
7.462216703246110638e-02 0.000000000000000000e+00 2.894856613426538550e-02 9.088559810873871048e-02 5.815427817886845846e-02
3.163907643149575788e-02 0.000000000000000000e+00 4.928819939045072512e-02 1.047682301082960288e-01 6.999760009932208538e-02
1.818518796293531201e-03 0.000000000000000000e+00 6.499288374730131934e-02 1.058690838441746634e-01 9.654978225437646500e-02
0.000000000000000000e+00 0.000000000000000000e+00 5.673076080810332544e-02 6.927121797314007845e-02 1.204100958706198904e-01
1.328582374304734977e-02 0.000000000000000000e+00 2.837566566877869345e-02 1.643561735671209478e-03 1.272364612069330769e-01
2.473337856950128671e-02 0.000000000000000000e+00 1.078546846112096204e-02 0.000000000000000000e+00 8.676385674995748531e-02
2.494531879605222519e-02 0.000000000000000000e+00 0.000000000000000000e+00 0.000000000000000000e+00 3.419043092864253869e-02
1.791518629706994811e-02 0.000000000000000000e+00 0.000000000000000000e+00 0.000000000000000000e+00 1.897131743664811146e-02
1.120652566493289537e-02 0.000000000000000000e+00 0.000000000000000000e+00 0.000000000000000000e+00 1.140541534721331400e-02
0.000000000000000000e+00 0.000000000000000000e+00 8.177219292072022278e-03 0.000000000000000000e+00 1.594454196893638686e-03
0.000000000000000000e+00 0.000000000000000000e+00 8.498840254466316635e-03 0.000000000000000000e+00 7.180086166386864159e-04
2.222548615947690447e-04 0.000000000000000000e+00 6.051274119519746246e-03 1.263714187678033254e-04 0.000000000000000000e+00
0.000000000000000000e+00 0.000000000000000000e+00 0.000000000000000000e+00 0.000000000000000000e+00 0.000000000000000000e+00
0.000000000000000000e+00 0.000000000000000000e+00 0.000000000000000000e+00 0.000000000000000000e+00 0.000000000000000000e+00
0.000000000000000000e+00 0.000000000000000000e+00 0.000000000000000000e+00 0.000000000000000000e+00 0.000000000000000000e+00
0.000000000000000000e+00 0.000000000000000000e+00 0.000000000000000000e+00 0.000000000000000000e+00 0.000000000000000000e+00
5.579806831427151607e-04 0.000000000000000000e+00 0.000000000000000000e+00 1.814284740545424454e-04 4.267036894667082373e-04
0.000000000000000000e+00 0.000000000000000000e+00 3.246030249539934298e-04 1.047477913465630697e-02 1.758084684310913526e-03
1.123709389991813141e-02 0.000000000000000000e+00 0.000000000000000000e+00 3.711047529044041865e-02 2.897941273418463883e-03
3.468157668109304176e-02 0.000000000000000000e+00 0.000000000000000000e+00 6.925337478044409079e-02 1.161836511255974307e-02
6.658465434830952712e-02 0.000000000000000000e+00 0.000000000000000000e+00 8.552042859527164698e-02 1.895440228405703698e-02
9.449432979335002647e-02 0.000000000000000000e+00 0.000000000000000000e+00 7.463512200587162082e-02 5.166344586444843873e-02
1.147651337670971550e-01 0.000000000000000000e+00 0.000000000000000000e+00 5.370982454457028099e-02 8.096082822880339147e-02
1.296628908322977336e-01 4.977098952912405345e-03 0.000000000000000000e+00 2.482967031778899117e-02 8.577211235094146791e-02
1.406788749120888027e-01 4.443023435877540422e-02 0.000000000000000000e+00 1.946677026948125805e-02 8.287031472530463627e-02
1.156815513507549464e-01 6.916323997953084668e-02 0.000000000000000000e+00 5.071214623868609134e-02 5.967297916498627564e-02
7.407595105652242662e-02 6.648654755601862698e-02 1.035891847509397452e-02 8.849213760239545146e-02 3.843846893479015148e-02
3.852372710126254068e-02 2.248362294215020332e-02 4.640722872451236852e-02 1.056552043246406225e-01 4.822120464017595060e-02
2.099830508615797148e-02 0.000000000000000000e+00 7.105716717115552472e-02 1.203601212976868756e-01 5.465054642759517578e-02
2.449842391326524389e-03 0.000000000000000000e+00 8.841547438463290276e-02 1.143901155151202664e-01 8.042047088019677048e-02
0.000000000000000000e+00 0.000000000000000000e+00 8.626428350786886912e-02 1.029947961913558752e-01 9.794743387793457268e-02
1.047447352603207531e-02 0.000000000000000000e+00 6.726990625693869685e-02 4.314972061022508132e-02 1.191473340753746862e-01
5.000233205006754389e-02 0.000000000000000000e+00 4.402414297551469208e-02 0.000000000000000000e+00 1.095834509599886569e-01
5.825272944273245102e-02 0.000000000000000000e+00 3.535606912366796861e-02 0.000000000000000000e+00 7.159632824685564778e-02
5.161049606016478164e-02 0.000000000000000000e+00 2.766801700444865286e-02 0.000000000000000000e+00 4.615560900221359064e-02
4.945410039344514536e-02 0.000000000000000000e+00 3.329321351397730028e-02 0.000000000000000000e+00 1.950104610514962616e-02
4.144124047542202538e-02 0.000000000000000000e+00 2.675865737602208666e-02 0.000000000000000000e+00 2.230235489486188244e-03
3.931190281690882110e-02 0.000000000000000000e+00 2.247340730635010581e-02 0.000000000000000000e+00 0.000000000000000000e+00
1.020646562147620347e-02 0.000000000000000000e+00 1.426879399654246323e-02 0.000000000000000000e+00 0.000000000000000000e+00
1.131664662248598054e-04 0.000000000000000000e+00 3.081153336085742239e-03 6.434508019828515482e-05 0.000000000000000000e+00
0.000000000000000000e+00 0.000000000000000000e+00 0.000000000000000000e+00 0.000000000000000000e+00 0.000000000000000000e+00
0.000000000000000000e+00 0.000000000000000000e+00 0.000000000000000000e+00 0.000000000000000000e+00 0.000000000000000000e+00
0.000000000000000000e+00 0.000000000000000000e+00 0.000000000000000000e+00 0.000000000000000000e+00 0.000000000000000000e+00
0.000000000000000000e+00 0.000000000000000000e+00 0.000000000000000000e+00 0.000000000000000000e+00 0.000000000000000000e+00
7.122405414360836280e-04 0.000000000000000000e+00 0.000000000000000000e+00 6.114085276386314882e-03 1.110833605558704399e-03
0.000000000000000000e+00 0.000000000000000000e+00 5.718010103819540679e-05 3.239682902937215253e-02 1.107081911688873694e-03
3.769292682809546879e-02 0.000000000000000000e+00 0.000000000000000000e+00 7.003328211446825657e-02 1.118045284448077048e-02
8.408910665707894361e-02 0.000000000000000000e+00 0.000000000000000000e+00 7.507556404473085532e-02 3.933388509959648976e-02
1.109674555105723687e-01 0.000000000000000000e+00 0.000000000000000000e+00 6.214864211261349886e-02 6.287724744882887407e-02
1.181782373205881448e-01 0.000000000000000000e+00 0.000000000000000000e+00 2.852281116280902876e-02 9.216614379876512941e-02
1.199520019049332836e-01 1.080293413675627659e-02 0.000000000000000000e+00 7.905956792078429329e-03 8.826523783040310378e-02
1.300658038150096507e-01 4.389790170195757152e-02 0.000000000000000000e+00 8.208099483584920322e-04 6.198098264802633095e-02
1.126037052140293898e-01 7.518583881633515709e-02 1.240880536873114302e-02 2.165392907987225696e-02 2.765168664246665450e-02
6.326815930804859101e-02 7.460318795343577614e-02 4.627563451111620096e-02 7.020611701303965113e-02 1.417204741194554897e-02
1.601766071794453322e-02 5.639849232701173165e-02 7.289267087602216422e-02 1.019188637415244236e-01 3.717293248784137721e-02
0.000000000000000000e+00 1.084829200265743270e-03 9.762798207089389002e-02 1.179088952415656005e-01 6.962431490325990402e-02
0.000000000000000000e+00 0.000000000000000000e+00 1.051883360419366004e-01 1.201162960867603047e-01 7.789419796753473124e-02
0.000000000000000000e+00 0.000000000000000000e+00 1.053182047515210107e-01 1.076733795450367376e-01 7.669405762104170021e-02
0.000000000000000000e+00 0.000000000000000000e+00 9.130131952021962316e-02 9.236298829144054534e-02 7.893581846558318793e-02
3.059269055151420807e-02 0.000000000000000000e+00 6.886245761448384073e-02 4.981072160982465136e-02 7.869010213463031866e-02
8.139849594178423520e-02 0.000000000000000000e+00 6.743749037025395521e-02 8.235075613940521372e-03 6.104020960561618719e-02
1.044377699061658921e-01 0.000000000000000000e+00 6.763518530207372759e-02 0.000000000000000000e+00 3.607268473977094658e-02
1.086540392227600266e-01 0.000000000000000000e+00 6.237037882849883613e-02 0.000000000000000000e+00 2.257978726046700607e-02
9.081855504102558097e-02 0.000000000000000000e+00 7.021718966547330076e-02 0.000000000000000000e+00 0.000000000000000000e+00
8.377303975979924489e-02 0.000000000000000000e+00 6.370419055945268638e-02 0.000000000000000000e+00 0.000000000000000000e+00
5.678523036529264933e-02 0.000000000000000000e+00 4.223697719766333208e-02 0.000000000000000000e+00 0.000000000000000000e+00
2.598457807298823821e-02 0.000000000000000000e+00 1.815939209527942313e-02 0.000000000000000000e+00 0.000000000000000000e+00
0.000000000000000000e+00 0.000000000000000000e+00 0.000000000000000000e+00 0.000000000000000000e+00 0.000000000000000000e+00
0.000000000000000000e+00 0.000000000000000000e+00 0.000000000000000000e+00 0.000000000000000000e+00 0.000000000000000000e+00
0.000000000000000000e+00 0.000000000000000000e+00 0.000000000000000000e+00 0.000000000000000000e+00 0.000000000000000000e+00
0.000000000000000000e+00 0.000000000000000000e+00 0.000000000000000000e+00 0.000000000000000000e+00 0.000000000000000000e+00
0.000000000000000000e+00 0.000000000000000000e+00 0.000000000000000000e+00 0.000000000000000000e+00 0.000000000000000000e+00
1.217798847272644593e-03 0.000000000000000000e+00 0.000000000000000000e+00 1.348244363911993426e-02 1.681227245543577857e-03
6.374331250994774017e-03 0.000000000000000000e+00 0.000000000000000000e+00 5.756282006546399599e-02 1.103489903566273050e-02
5.847629692978698057e-02 0.000000000000000000e+00 0.000000000000000000e+00 7.852669374414289472e-02 5.010091941026555834e-02
1.168857543843149771e-01 0.000000000000000000e+00 0.000000000000000000e+00 5.866133544940971278e-02 7.567878141543155079e-02
1.325867109220925655e-01 0.000000000000000000e+00 0.000000000000000000e+00 4.041947560789500848e-02 8.314745086494837456e-02
1.314952502532811818e-01 4.322651766320136308e-04 0.000000000000000000e+00 1.553293746112421533e-02 7.304269553393662184e-02
1.125433607961216775e-01 3.947973823672416838e-02 9.339131580713718947e-03 3.478699483836299178e-02 2.939654452691501871e-02
1.059898084983834504e-01 5.749422631822981994e-02 2.021377006277795194e-02 4.300919045120478457e-02 1.084287609972572029e-02
8.166389210697580503e-02 5.871847585141792836e-02 5.630344025573936345e-02 6.954769145672105857e-02 5.947094807225264922e-03
4.293552910535738260e-02 5.089529147124644687e-02 1.072409402751931667e-01 1.062651779169061228e-01 1.136547663718053165e-02
2.413340365280232727e-02 1.124319839403224372e-02 1.237338333237298915e-01 1.179850407173244076e-01 3.604870086897373621e-02
0.000000000000000000e+00 0.000000000000000000e+00 1.308622458893665408e-01 1.095751663745221927e-01 6.297236445402670801e-02
0.000000000000000000e+00 1.000968625336112403e-02 1.414414047045447764e-01 1.031843823676768246e-01 5.395759491486967069e-02
0.000000000000000000e+00 1.886494330913789791e-02 1.259942137436200205e-01 9.526640255015721148e-02 4.179081702386714531e-02
0.000000000000000000e+00 8.373567038332800638e-03 1.114716903302183232e-01 9.675021064665380310e-02 2.126340668486698463e-02
2.035443874126875025e-02 0.000000000000000000e+00 9.462755106304465702e-02 8.664142451873456385e-02 5.544450082785699549e-03
5.490226662099930571e-02 1.479829948533970766e-03 8.910068634217291339e-02 4.510664627717973080e-02 0.000000000000000000e+00
8.936683618643535831e-02 1.168744365212671076e-02 7.890192825642357299e-02 1.203565514167241265e-02 2.448644024700931225e-03
9.860377211519098795e-02 2.161707859762736911e-02 6.651296731085273861e-02 0.000000000000000000e+00 0.000000000000000000e+00
7.441927003671039431e-02 1.574624418249941440e-02 6.872526136165517385e-02 0.000000000000000000e+00 0.000000000000000000e+00
4.685900164223912034e-02 9.206036165195405005e-03 6.762079685893891690e-02 0.000000000000000000e+00 0.000000000000000000e+00
3.616415651886081828e-02 8.431244431339761716e-03 2.781707439697595624e-02 0.000000000000000000e+00 0.000000000000000000e+00
5.760329237522694885e-03 4.931205498280168131e-03 5.436360588510989397e-03 0.000000000000000000e+00 0.000000000000000000e+00
0.000000000000000000e+00 0.000000000000000000e+00 0.000000000000000000e+00 0.000000000000000000e+00 0.000000000000000000e+00
0.000000000000000000e+00 0.000000000000000000e+00 0.000000000000000000e+00 0.000000000000000000e+00 0.000000000000000000e+00
0.000000000000000000e+00 0.000000000000000000e+00 0.000000000000000000e+00 0.000000000000000000e+00 0.000000000000000000e+00
0.000000000000000000e+00 0.000000000000000000e+00 0.000000000000000000e+00 0.000000000000000000e+00 0.000000000000000000e+00
1.673533182276277891e-03 0.000000000000000000e+00 0.000000000000000000e+00 1.260240879209504391e-03 0.000000000000000000e+00
4.537146593160300972e-03 0.000000000000000000e+00 0.000000000000000000e+00 3.113111411320618888e-02 3.642452620951400124e-03
1.311670159710172194e-02 0.000000000000000000e+00 0.000000000000000000e+00 6.677759860489167199e-02 4.228877065919446621e-02
6.761641199050388851e-02 0.000000000000000000e+00 0.000000000000000000e+00 7.548510296677349296e-02 8.281465762961187638e-02
1.252722259661508408e-01 0.000000000000000000e+00 0.000000000000000000e+00 5.161682204563611265e-02 1.031486925753311856e-01
1.301757445715378270e-01 2.012642729003289842e-03 0.000000000000000000e+00 3.944876716795493732e-02 8.801607782113866907e-02
1.300583647201944415e-01 1.172182397817552769e-02 0.000000000000000000e+00 5.663514491455618610e-02 3.601491169879370707e-02
1.196057406308781434e-01 3.606284637058893017e-02 2.420481601946539857e-02 7.214547982848869279e-02 1.245708152616520651e-03
9.114874544088773234e-02 4.853338561052979866e-02 4.992766884851500275e-02 9.160944333209133927e-02 3.693978959353081456e-03
5.255420510848214655e-02 5.488112203338111478e-02 9.803084165901784774e-02 1.045421286580503900e-01 1.540608318641751087e-02
2.169913600992600874e-02 5.048379641823417391e-02 1.278842452980807343e-01 1.105334297063911703e-01 3.103618365223872674e-02
8.768014890278248014e-03 4.766507146725752070e-02 1.268966898921968234e-01 9.791599015353366631e-02 4.486261134476220158e-02
0.000000000000000000e+00 7.339939049166439855e-02 1.351905285150616087e-01 6.428959054801865192e-02 4.189793991727157330e-02
0.000000000000000000e+00 7.353333107371685939e-02 1.208305350208302154e-01 5.815504884043496553e-02 3.371756795411099544e-02
0.000000000000000000e+00 7.218697891678038658e-02 1.050612733334355953e-01 8.380326437986633514e-02 3.861709264166606620e-03
0.000000000000000000e+00 7.083444910602126887e-02 8.516553865984197169e-02 1.084287691899057660e-01 0.000000000000000000e+00
6.368007010918000192e-03 5.717250266002152359e-02 8.204246622558654389e-02 1.084443739204317136e-01 0.000000000000000000e+00
2.750662651473732498e-02 5.897384846445228451e-02 7.478726068418982409e-02 7.201034478135386052e-02 0.000000000000000000e+00
4.332986927259381560e-02 6.737828162183143177e-02 5.345428198368722822e-02 2.644964891004963903e-02 0.000000000000000000e+00
3.974740518882048657e-02 6.811094822824094452e-02 4.855140906582002674e-02 3.823108643668328682e-03 0.000000000000000000e+00
2.174867591428811253e-02 5.543410304418012330e-02 4.539168810550649191e-02 0.000000000000000000e+00 0.000000000000000000e+00
2.307673350158467515e-02 3.717290823564173285e-02 1.698758071428729463e-02 0.000000000000000000e+00 0.000000000000000000e+00
9.115999202264106135e-03 2.432136020757964118e-02 0.000000000000000000e+00 0.000000000000000000e+00 0.000000000000000000e+00
1.871439376663793170e-03 9.026750383481165277e-03 0.000000000000000000e+00 1.548371880135797785e-03 0.000000000000000000e+00
0.000000000000000000e+00 0.000000000000000000e+00 0.000000000000000000e+00 0.000000000000000000e+00 0.000000000000000000e+00
0.000000000000000000e+00 0.000000000000000000e+00 0.000000000000000000e+00 0.000000000000000000e+00 0.000000000000000000e+00
0.000000000000000000e+00 0.000000000000000000e+00 0.000000000000000000e+00 0.000000000000000000e+00 0.000000000000000000e+00
0.000000000000000000e+00 0.000000000000000000e+00 0.000000000000000000e+00 0.000000000000000000e+00 0.000000000000000000e+00
5.060445574978268343e-03 0.000000000000000000e+00 0.000000000000000000e+00 3.810728372847786271e-03 0.000000000000000000e+00
5.451205095343825482e-03 0.000000000000000000e+00 0.000000000000000000e+00 3.173619644703021964e-02 1.538292523369741600e-02
1.096731880370724506e-02 0.000000000000000000e+00 0.000000000000000000e+00 6.073236933784403185e-02 5.963864191949131560e-02
3.588490644162745796e-02 0.000000000000000000e+00 0.000000000000000000e+00 7.847911975032910437e-02 9.629149300665988676e-02
7.496662869625274339e-02 0.000000000000000000e+00 0.000000000000000000e+00 8.007661578592366325e-02 1.027863632111653408e-01
7.125811619630081917e-02 9.951052924262439314e-03 5.846397559819869420e-04 9.233344424885107926e-02 7.182280915634947638e-02
7.499685869406812200e-02 1.844638336729529510e-02 1.431497411554443627e-02 1.053425214995752784e-01 3.227153894224663727e-02
6.069952194507501064e-02 5.001904027609107434e-02 3.591132974534355649e-02 1.051670558346967238e-01 2.797569925253813941e-02
2.860231958688388976e-02 7.869553531172739091e-02 6.087602933003205541e-02 1.043693106149516520e-01 3.690564597349613868e-02
3.589415651760572042e-03 9.321561392832898585e-02 9.732377384778873042e-02 9.319556348919816324e-02 5.096271142135216925e-02
0.000000000000000000e+00 1.054910736457393972e-01 1.115672377934170401e-01 7.054919862235548011e-02 4.873910351371574939e-02
0.000000000000000000e+00 1.278508681996428087e-01 1.108752751899503564e-01 3.502550366391316700e-02 4.813774916801758647e-02
0.000000000000000000e+00 1.366490002126380388e-01 9.610824783001917226e-02 1.431577303646316274e-02 4.309250016858984234e-02
0.000000000000000000e+00 1.367253127674920299e-01 7.383281232939320482e-02 1.732821252917420354e-02 1.233784818129884941e-02
2.773855507517571789e-03 1.309422306339255992e-01 5.041100985227559700e-02 4.651077414513250796e-02 0.000000000000000000e+00
0.000000000000000000e+00 1.194429025297752273e-01 3.294385792395611301e-02 7.406584124219366128e-02 0.000000000000000000e+00
0.000000000000000000e+00 1.059304610848514627e-01 2.720440196383990678e-02 9.559201616571785798e-02 0.000000000000000000e+00
6.867341640151041447e-03 1.065481359639333520e-01 1.055014151920830208e-02 7.862691921236705794e-02 0.000000000000000000e+00
1.675232617371046756e-02 8.901951017160524005e-02 0.000000000000000000e+00 5.348945398887593183e-02 0.000000000000000000e+00
1.285714022573348700e-02 7.111007040810629620e-02 0.000000000000000000e+00 1.713720520722991636e-02 0.000000000000000000e+00
7.055272682703445444e-03 6.520249031538750961e-02 0.000000000000000000e+00 8.319575051216179795e-03 0.000000000000000000e+00
7.276096977457218590e-03 4.925442099947089508e-02 0.000000000000000000e+00 1.005016492706382490e-03 0.000000000000000000e+00
1.662422563681839041e-03 3.062191518737942403e-02 0.000000000000000000e+00 0.000000000000000000e+00 0.000000000000000000e+00
1.266213413364058885e-03 1.356503910300425539e-02 0.000000000000000000e+00 0.000000000000000000e+00 0.000000000000000000e+00
0.000000000000000000e+00 0.000000000000000000e+00 0.000000000000000000e+00 0.000000000000000000e+00 0.000000000000000000e+00
0.000000000000000000e+00 0.000000000000000000e+00 0.000000000000000000e+00 0.000000000000000000e+00 0.000000000000000000e+00
0.000000000000000000e+00 0.000000000000000000e+00 0.000000000000000000e+00 0.000000000000000000e+00 0.000000000000000000e+00
0.000000000000000000e+00 0.000000000000000000e+00 0.000000000000000000e+00 0.000000000000000000e+00 0.000000000000000000e+00
3.606065547523883315e-03 0.000000000000000000e+00 0.000000000000000000e+00 2.715519037344289125e-03 0.000000000000000000e+00
8.684260810498696873e-03 0.000000000000000000e+00 0.000000000000000000e+00 1.658068173954080349e-02 1.673483694233127497e-02
2.616060813685716809e-03 0.000000000000000000e+00 0.000000000000000000e+00 5.185407123574463373e-02 5.264710230905371435e-02
7.585177439770597781e-03 0.000000000000000000e+00 0.000000000000000000e+00 6.607848728106510694e-02 1.026156340669269612e-01
1.191478013695628294e-02 0.000000000000000000e+00 0.000000000000000000e+00 7.861499627311906158e-02 1.138836516450468794e-01
7.399155937001289200e-03 2.575552680544712647e-02 0.000000000000000000e+00 8.951904814666947208e-02 1.050688214526919184e-01
5.391463645427421562e-03 4.643318022826519592e-02 1.100190249354388722e-03 9.171421649814449906e-02 8.549113369644921467e-02
6.102147214588650274e-03 7.584331271928927698e-02 1.721103581612554514e-02 8.552284796730279248e-02 8.029365036195203198e-02
0.000000000000000000e+00 1.097320263167644999e-01 5.009239911597826445e-02 5.914802959208694672e-02 7.668138671579717569e-02
0.000000000000000000e+00 1.401696072803500781e-01 7.441941687705327935e-02 3.270838773493730395e-02 6.823293903001835525e-02
0.000000000000000000e+00 1.533489992783035605e-01 7.908609887658309134e-02 1.189303858688243835e-02 5.554056268549636272e-02
0.000000000000000000e+00 1.488003342570014820e-01 7.598902555621735166e-02 0.000000000000000000e+00 4.376756015238245784e-02
0.000000000000000000e+00 1.406849118124101350e-01 5.786939617769883831e-02 0.000000000000000000e+00 2.425839385840659543e-02
2.422519588869978210e-04 1.357460990828976699e-01 3.351768639331515615e-02 0.000000000000000000e+00 3.441497925321232790e-03
2.407997572168469116e-03 1.266055552333241463e-01 1.846957057689404755e-02 1.051923191947873142e-02 0.000000000000000000e+00
0.000000000000000000e+00 1.169040462381202850e-01 1.161210113849329983e-02 4.177112023067316993e-02 0.000000000000000000e+00
0.000000000000000000e+00 9.960809477848517335e-02 0.000000000000000000e+00 6.493868416684213385e-02 0.000000000000000000e+00
0.000000000000000000e+00 8.158390757063285759e-02 0.000000000000000000e+00 6.294976049890559089e-02 0.000000000000000000e+00
0.000000000000000000e+00 7.044184427663650883e-02 0.000000000000000000e+00 5.528279922834462151e-02 0.000000000000000000e+00
0.000000000000000000e+00 5.333667618419418027e-02 0.000000000000000000e+00 2.111471830660261589e-02 0.000000000000000000e+00
0.000000000000000000e+00 4.935699151672246626e-02 2.779111211643861307e-04 1.752725713664273974e-02 0.000000000000000000e+00
0.000000000000000000e+00 4.042187548026168753e-02 4.368492542529563670e-03 4.135597880034936821e-03 0.000000000000000000e+00
1.213354006795001666e-03 2.426346508743148014e-02 0.000000000000000000e+00 0.000000000000000000e+00 2.763459942901514907e-03
5.651841996015564626e-04 4.780878446990417460e-03 0.000000000000000000e+00 0.000000000000000000e+00 0.000000000000000000e+00
0.000000000000000000e+00 0.000000000000000000e+00 0.000000000000000000e+00 0.000000000000000000e+00 0.000000000000000000e+00
0.000000000000000000e+00 0.000000000000000000e+00 0.000000000000000000e+00 0.000000000000000000e+00 0.000000000000000000e+00
0.000000000000000000e+00 0.000000000000000000e+00 0.000000000000000000e+00 0.000000000000000000e+00 0.000000000000000000e+00
0.000000000000000000e+00 0.000000000000000000e+00 0.000000000000000000e+00 0.000000000000000000e+00 0.000000000000000000e+00
0.000000000000000000e+00 0.000000000000000000e+00 0.000000000000000000e+00 0.000000000000000000e+00 0.000000000000000000e+00
8.501694423843642870e-04 0.000000000000000000e+00 1.357104680248817597e-03 3.639972302581109229e-05 1.097921538676029617e-02
5.002607775860181284e-04 0.000000000000000000e+00 0.000000000000000000e+00 9.615426051778742586e-03 4.440395810500556012e-02
0.000000000000000000e+00 0.000000000000000000e+00 0.000000000000000000e+00 2.386044279538527407e-02 8.788769083192671250e-02
0.000000000000000000e+00 0.000000000000000000e+00 0.000000000000000000e+00 3.587800360865989885e-02 9.952648591029457370e-02
0.000000000000000000e+00 1.399673210799966434e-02 0.000000000000000000e+00 4.511015722755878921e-02 1.025302086004995228e-01
0.000000000000000000e+00 4.636392325448156909e-02 0.000000000000000000e+00 3.811232823917645035e-02 1.085898741464941253e-01
0.000000000000000000e+00 7.894486171818758391e-02 1.765163606095640405e-03 2.233357800273546787e-02 1.018413024537003636e-01
0.000000000000000000e+00 1.172997231290795611e-01 2.754522345077350942e-02 7.199010597955705394e-03 8.122070514676212050e-02
0.000000000000000000e+00 1.225229510907085567e-01 3.454797137810210889e-02 0.000000000000000000e+00 6.198823558757501212e-02
0.000000000000000000e+00 1.150832308744402233e-01 3.446506600053305530e-02 0.000000000000000000e+00 4.819456306095969839e-02
0.000000000000000000e+00 1.009317116445840462e-01 2.132783459267470136e-02 0.000000000000000000e+00 2.890762927650226619e-02
0.000000000000000000e+00 9.262233020753328494e-02 1.409075945207593529e-02 0.000000000000000000e+00 1.980725836169906426e-02
0.000000000000000000e+00 8.637504241487918566e-02 9.341551906122697729e-03 0.000000000000000000e+00 1.460931339574848137e-02
0.000000000000000000e+00 7.574731453522445812e-02 2.445154076751457697e-02 0.000000000000000000e+00 1.422355359910099960e-02
0.000000000000000000e+00 6.241128847302412908e-02 1.922535376978061483e-02 1.529651138051323425e-02 8.087165205766780676e-03
0.000000000000000000e+00 5.264383589718910766e-02 1.535866373466608127e-02 3.685537198210721288e-02 0.000000000000000000e+00
0.000000000000000000e+00 4.833941786809340529e-02 1.136855259778883458e-02 3.804276939573623950e-02 0.000000000000000000e+00
0.000000000000000000e+00 3.834037913934519592e-02 7.116535459986263711e-03 2.153084006748285512e-02 1.741391120063620840e-03
0.000000000000000000e+00 2.631363072477492515e-02 6.013510524450978861e-03 1.454149467167989256e-02 5.783337625815105189e-04
0.000000000000000000e+00 2.375611792584944940e-02 1.089537810982724869e-02 8.206504927197315336e-03 4.025655251273126383e-04
0.000000000000000000e+00 1.642278485243952105e-02 3.139600538551152661e-03 0.000000000000000000e+00 4.571939019801793576e-03
0.000000000000000000e+00 6.642648454074946175e-03 0.000000000000000000e+00 2.431876440155415599e-05 2.570469992782465751e-03
0.000000000000000000e+00 0.000000000000000000e+00 0.000000000000000000e+00 0.000000000000000000e+00 0.000000000000000000e+00
0.000000000000000000e+00 0.000000000000000000e+00 0.000000000000000000e+00 0.000000000000000000e+00 0.000000000000000000e+00
0.000000000000000000e+00 0.000000000000000000e+00 0.000000000000000000e+00 0.000000000000000000e+00 0.000000000000000000e+00
0.000000000000000000e+00 0.000000000000000000e+00 0.000000000000000000e+00 0.000000000000000000e+00 0.000000000000000000e+00
0.000000000000000000e+00 0.000000000000000000e+00 0.000000000000000000e+00 0.000000000000000000e+00 0.000000000000000000e+00
0.000000000000000000e+00 0.000000000000000000e+00 0.000000000000000000e+00 0.000000000000000000e+00 0.000000000000000000e+00
6.124036126219857719e-04 0.000000000000000000e+00 0.000000000000000000e+00 3.832827176004813502e-04 2.566407923151391851e-03
6.522694993449564688e-04 0.000000000000000000e+00 2.516249205065645370e-03 0.000000000000000000e+00 2.062218242220738643e-02
3.572238003505188043e-03 0.000000000000000000e+00 0.000000000000000000e+00 0.000000000000000000e+00 4.796325660816053854e-02
7.532336964600675096e-03 0.000000000000000000e+00 0.000000000000000000e+00 0.000000000000000000e+00 6.777796112180492494e-02
6.540254025822782834e-03 2.270743250906277939e-03 0.000000000000000000e+00 0.000000000000000000e+00 7.594886659115665517e-02
0.000000000000000000e+00 1.598646790328037831e-02 0.000000000000000000e+00 0.000000000000000000e+00 6.377400614222251962e-02
0.000000000000000000e+00 3.837329826302563612e-02 2.855831334955984905e-03 0.000000000000000000e+00 4.298968793579466957e-02
0.000000000000000000e+00 4.879218728521607373e-02 1.931524715144221707e-02 0.000000000000000000e+00 3.533552483945022471e-02
0.000000000000000000e+00 5.093101839047781826e-02 2.028532251734912681e-02 0.000000000000000000e+00 2.983601898073198755e-02
0.000000000000000000e+00 5.034643187634742917e-02 1.662079516983040045e-02 0.000000000000000000e+00 1.881185313151123584e-02
0.000000000000000000e+00 4.055715345630041269e-02 2.077937514017187334e-02 0.000000000000000000e+00 1.133674006332941429e-02
0.000000000000000000e+00 3.110873840038916316e-02 2.408885692666653741e-02 0.000000000000000000e+00 8.468468537887649181e-03
0.000000000000000000e+00 2.782538877958230794e-02 2.307023377049056273e-02 0.000000000000000000e+00 9.951220701792674525e-03
0.000000000000000000e+00 2.383103373863957805e-02 2.379151853037714606e-02 5.326986259995933771e-04 1.062423523055069929e-02
0.000000000000000000e+00 2.169935633064380004e-02 2.372732420078217663e-02 6.352878188536882458e-03 8.152414895070105028e-03
0.000000000000000000e+00 2.059903605706134982e-02 2.340511122185100212e-02 7.843681889034831781e-03 6.078917258094409214e-03
0.000000000000000000e+00 2.146237687960042551e-02 1.770769472771114780e-02 0.000000000000000000e+00 7.482735938662807111e-03
0.000000000000000000e+00 1.756965669147876954e-02 1.323080157225343424e-02 0.000000000000000000e+00 8.685205231094277056e-03
0.000000000000000000e+00 1.125601400283097846e-02 1.243575674673162018e-02 3.686410359332988810e-04 6.994149091774113335e-03
0.000000000000000000e+00 9.489692949980829337e-03 9.478443677070888529e-03 0.000000000000000000e+00 6.883145546624168040e-03
0.000000000000000000e+00 1.015375752894897253e-02 1.103933327056113960e-02 0.000000000000000000e+00 7.364915683502722826e-03
0.000000000000000000e+00 8.846282475901289964e-04 0.000000000000000000e+00 4.018749002337925489e-05 4.066176708437147392e-04
0.000000000000000000e+00 0.000000000000000000e+00 0.000000000000000000e+00 0.000000000000000000e+00 0.000000000000000000e+00
0.000000000000000000e+00 0.000000000000000000e+00 0.000000000000000000e+00 0.000000000000000000e+00 0.000000000000000000e+00
0.000000000000000000e+00 0.000000000000000000e+00 0.000000000000000000e+00 0.000000000000000000e+00 0.000000000000000000e+00
0.000000000000000000e+00 0.000000000000000000e+00 0.000000000000000000e+00 0.000000000000000000e+00 0.000000000000000000e+00
0.000000000000000000e+00 0.000000000000000000e+00 0.000000000000000000e+00 0.000000000000000000e+00 0.000000000000000000e+00
0.000000000000000000e+00 0.000000000000000000e+00 0.000000000000000000e+00 0.000000000000000000e+00 0.000000000000000000e+00
0.000000000000000000e+00 0.000000000000000000e+00 3.739787552966050070e-04 2.575868854074625405e-04 1.318616491119550078e-03
0.000000000000000000e+00 0.000000000000000000e+00 1.457668228117093429e-03 5.953050248733991913e-05 5.838522441425368116e-03
0.000000000000000000e+00 0.000000000000000000e+00 2.663630100334731573e-03 0.000000000000000000e+00 1.327456829449087487e-02
2.013303309399178728e-03 0.000000000000000000e+00 4.308258504310639829e-03 0.000000000000000000e+00 1.380366462359754014e-02
2.384551721957549678e-03 0.000000000000000000e+00 5.607730485947586864e-03 0.000000000000000000e+00 1.350285492795193741e-02
0.000000000000000000e+00 3.752536322026181655e-03 5.374401810956348953e-03 0.000000000000000000e+00 1.463434853765553829e-02
0.000000000000000000e+00 2.767171851121715768e-03 4.664003591121180549e-03 0.000000000000000000e+00 1.414937295413998784e-02
0.000000000000000000e+00 3.426060009556129195e-03 1.310013807639942747e-02 0.000000000000000000e+00 8.967796589351819184e-03
0.000000000000000000e+00 3.711327904117696884e-03 1.149074983766492156e-02 0.000000000000000000e+00 2.156598464327619345e-03
0.000000000000000000e+00 4.967321893774365518e-03 1.949362863372756591e-02 0.000000000000000000e+00 1.442100279521652765e-03
0.000000000000000000e+00 6.839912251682604520e-03 2.182029474666157334e-02 0.000000000000000000e+00 1.939502203500810887e-03
0.000000000000000000e+00 6.473325411763022376e-03 4.651289173206163245e-03 0.000000000000000000e+00 2.694278586736897386e-03
0.000000000000000000e+00 8.593037585738115547e-03 7.382963157931569931e-03 0.000000000000000000e+00 3.575932938855582669e-03
0.000000000000000000e+00 8.840205862676387208e-03 1.179184110490002005e-02 0.000000000000000000e+00 4.482282830519080351e-03
0.000000000000000000e+00 6.764466830184384140e-03 2.005602567532365973e-02 0.000000000000000000e+00 3.054600138165172642e-03
0.000000000000000000e+00 4.010353998957901997e-03 2.226825299750515019e-02 0.000000000000000000e+00 1.597628493605060063e-03
0.000000000000000000e+00 5.018949047066955348e-03 2.047385937801989020e-02 3.931317311752573988e-04 0.000000000000000000e+00
0.000000000000000000e+00 3.678203738824687742e-03 1.048383476895374013e-02 2.300306445023852901e-04 0.000000000000000000e+00
0.000000000000000000e+00 2.707856424643536718e-03 5.548612202920515102e-03 0.000000000000000000e+00 7.775058104610415438e-05
0.000000000000000000e+00 3.387684690139355784e-04 9.468555752437728904e-04 0.000000000000000000e+00 2.800368974979870621e-04
0.000000000000000000e+00 1.524458110562710265e-03 4.260850088596977031e-03 0.000000000000000000e+00 1.260166038740942159e-03
0.000000000000000000e+00 0.000000000000000000e+00 0.000000000000000000e+00 0.000000000000000000e+00 0.000000000000000000e+00
0.000000000000000000e+00 0.000000000000000000e+00 0.000000000000000000e+00 0.000000000000000000e+00 0.000000000000000000e+00
0.000000000000000000e+00 0.000000000000000000e+00 0.000000000000000000e+00 0.000000000000000000e+00 0.000000000000000000e+00
0.000000000000000000e+00 0.000000000000000000e+00 0.000000000000000000e+00 0.000000000000000000e+00 0.000000000000000000e+00
0.000000000000000000e+00 0.000000000000000000e+00 0.000000000000000000e+00 0.000000000000000000e+00 0.000000000000000000e+00
0.000000000000000000e+00 0.000000000000000000e+00 0.000000000000000000e+00 0.000000000000000000e+00 0.000000000000000000e+00
0.000000000000000000e+00 0.000000000000000000e+00 0.000000000000000000e+00 0.000000000000000000e+00 0.000000000000000000e+00
0.000000000000000000e+00 0.000000000000000000e+00 0.000000000000000000e+00 0.000000000000000000e+00 0.000000000000000000e+00
0.000000000000000000e+00 0.000000000000000000e+00 0.000000000000000000e+00 0.000000000000000000e+00 0.000000000000000000e+00
0.000000000000000000e+00 0.000000000000000000e+00 0.000000000000000000e+00 0.000000000000000000e+00 0.000000000000000000e+00
0.000000000000000000e+00 0.000000000000000000e+00 0.000000000000000000e+00 0.000000000000000000e+00 0.000000000000000000e+00
0.000000000000000000e+00 0.000000000000000000e+00 0.000000000000000000e+00 0.000000000000000000e+00 0.000000000000000000e+00
0.000000000000000000e+00 0.000000000000000000e+00 0.000000000000000000e+00 0.000000000000000000e+00 0.000000000000000000e+00
0.000000000000000000e+00 0.000000000000000000e+00 0.000000000000000000e+00 0.000000000000000000e+00 0.000000000000000000e+00
0.000000000000000000e+00 0.000000000000000000e+00 0.000000000000000000e+00 0.000000000000000000e+00 0.000000000000000000e+00
0.000000000000000000e+00 0.000000000000000000e+00 0.000000000000000000e+00 0.000000000000000000e+00 0.000000000000000000e+00
0.000000000000000000e+00 0.000000000000000000e+00 0.000000000000000000e+00 0.000000000000000000e+00 0.000000000000000000e+00
0.000000000000000000e+00 0.000000000000000000e+00 0.000000000000000000e+00 0.000000000000000000e+00 0.000000000000000000e+00
0.000000000000000000e+00 0.000000000000000000e+00 0.000000000000000000e+00 0.000000000000000000e+00 0.000000000000000000e+00
0.000000000000000000e+00 0.000000000000000000e+00 0.000000000000000000e+00 0.000000000000000000e+00 0.000000000000000000e+00
0.000000000000000000e+00 0.000000000000000000e+00 0.000000000000000000e+00 0.000000000000000000e+00 0.000000000000000000e+00
0.000000000000000000e+00 0.000000000000000000e+00 1.294505611900167085e-03 1.771587208906223027e-04 0.000000000000000000e+00
0.000000000000000000e+00 0.000000000000000000e+00 9.145055774391496264e-03 1.251540641130524959e-03 0.000000000000000000e+00
0.000000000000000000e+00 0.000000000000000000e+00 1.056483612292715563e-02 1.445843754365399398e-03 0.000000000000000000e+00
0.000000000000000000e+00 0.000000000000000000e+00 4.635165255513502836e-03 6.343425167373892932e-04 0.000000000000000000e+00
0.000000000000000000e+00 0.000000000000000000e+00 0.000000000000000000e+00 0.000000000000000000e+00 0.000000000000000000e+00
0.000000000000000000e+00 0.000000000000000000e+00 0.000000000000000000e+00 0.000000000000000000e+00 0.000000000000000000e+00
0.000000000000000000e+00 0.000000000000000000e+00 0.000000000000000000e+00 0.000000000000000000e+00 0.000000000000000000e+00
0.000000000000000000e+00 0.000000000000000000e+00 0.000000000000000000e+00 0.000000000000000000e+00 0.000000000000000000e+00
0.000000000000000000e+00 0.000000000000000000e+00 0.000000000000000000e+00 0.000000000000000000e+00 0.000000000000000000e+00
0.000000000000000000e+00 0.000000000000000000e+00 0.000000000000000000e+00 0.000000000000000000e+00 0.000000000000000000e+00
0.000000000000000000e+00 0.000000000000000000e+00 0.000000000000000000e+00 0.000000000000000000e+00 0.000000000000000000e+00
0.000000000000000000e+00 0.000000000000000000e+00 0.000000000000000000e+00 0.000000000000000000e+00 0.000000000000000000e+00
0.000000000000000000e+00 0.000000000000000000e+00 0.000000000000000000e+00 0.000000000000000000e+00 0.000000000000000000e+00
0.000000000000000000e+00 0.000000000000000000e+00 0.000000000000000000e+00 0.000000000000000000e+00 0.000000000000000000e+00
0.000000000000000000e+00 0.000000000000000000e+00 0.000000000000000000e+00 0.000000000000000000e+00 0.000000000000000000e+00
0.000000000000000000e+00 0.000000000000000000e+00 0.000000000000000000e+00 0.000000000000000000e+00 0.000000000000000000e+00
0.000000000000000000e+00 0.000000000000000000e+00 0.000000000000000000e+00 0.000000000000000000e+00 0.000000000000000000e+00
0.000000000000000000e+00 0.000000000000000000e+00 0.000000000000000000e+00 0.000000000000000000e+00 0.000000000000000000e+00
0.000000000000000000e+00 0.000000000000000000e+00 0.000000000000000000e+00 0.000000000000000000e+00 0.000000000000000000e+00
0.000000000000000000e+00 0.000000000000000000e+00 0.000000000000000000e+00 0.000000000000000000e+00 0.000000000000000000e+00
0.000000000000000000e+00 0.000000000000000000e+00 0.000000000000000000e+00 0.000000000000000000e+00 0.000000000000000000e+00
0.000000000000000000e+00 0.000000000000000000e+00 0.000000000000000000e+00 0.000000000000000000e+00 0.000000000000000000e+00
0.000000000000000000e+00 0.000000000000000000e+00 0.000000000000000000e+00 0.000000000000000000e+00 0.000000000000000000e+00
0.000000000000000000e+00 0.000000000000000000e+00 0.000000000000000000e+00 0.000000000000000000e+00 0.000000000000000000e+00
0.000000000000000000e+00 0.000000000000000000e+00 0.000000000000000000e+00 0.000000000000000000e+00 0.000000000000000000e+00
0.000000000000000000e+00 0.000000000000000000e+00 0.000000000000000000e+00 0.000000000000000000e+00 0.000000000000000000e+00
0.000000000000000000e+00 0.000000000000000000e+00 0.000000000000000000e+00 0.000000000000000000e+00 0.000000000000000000e+00
0.000000000000000000e+00 0.000000000000000000e+00 0.000000000000000000e+00 0.000000000000000000e+00 0.000000000000000000e+00
0.000000000000000000e+00 0.000000000000000000e+00 0.000000000000000000e+00 0.000000000000000000e+00 0.000000000000000000e+00
0.000000000000000000e+00 0.000000000000000000e+00 0.000000000000000000e+00 0.000000000000000000e+00 0.000000000000000000e+00
0.000000000000000000e+00 0.000000000000000000e+00 0.000000000000000000e+00 0.000000000000000000e+00 0.000000000000000000e+00
0.000000000000000000e+00 0.000000000000000000e+00 0.000000000000000000e+00 0.000000000000000000e+00 0.000000000000000000e+00
0.000000000000000000e+00 0.000000000000000000e+00 0.000000000000000000e+00 0.000000000000000000e+00 0.000000000000000000e+00
0.000000000000000000e+00 0.000000000000000000e+00 0.000000000000000000e+00 0.000000000000000000e+00 0.000000000000000000e+00
0.000000000000000000e+00 0.000000000000000000e+00 0.000000000000000000e+00 0.000000000000000000e+00 0.000000000000000000e+00
0.000000000000000000e+00 0.000000000000000000e+00 0.000000000000000000e+00 0.000000000000000000e+00 0.000000000000000000e+00
0.000000000000000000e+00 0.000000000000000000e+00 0.000000000000000000e+00 0.000000000000000000e+00 0.000000000000000000e+00
0.000000000000000000e+00 0.000000000000000000e+00 0.000000000000000000e+00 0.000000000000000000e+00 0.000000000000000000e+00
0.000000000000000000e+00 0.000000000000000000e+00 0.000000000000000000e+00 0.000000000000000000e+00 0.000000000000000000e+00
0.000000000000000000e+00 0.000000000000000000e+00 0.000000000000000000e+00 0.000000000000000000e+00 0.000000000000000000e+00
0.000000000000000000e+00 0.000000000000000000e+00 0.000000000000000000e+00 0.000000000000000000e+00 0.000000000000000000e+00
0.000000000000000000e+00 0.000000000000000000e+00 0.000000000000000000e+00 0.000000000000000000e+00 0.000000000000000000e+00
0.000000000000000000e+00 0.000000000000000000e+00 0.000000000000000000e+00 0.000000000000000000e+00 0.000000000000000000e+00
0.000000000000000000e+00 0.000000000000000000e+00 0.000000000000000000e+00 0.000000000000000000e+00 0.000000000000000000e+00
0.000000000000000000e+00 0.000000000000000000e+00 0.000000000000000000e+00 0.000000000000000000e+00 0.000000000000000000e+00
0.000000000000000000e+00 0.000000000000000000e+00 0.000000000000000000e+00 0.000000000000000000e+00 0.000000000000000000e+00
0.000000000000000000e+00 0.000000000000000000e+00 0.000000000000000000e+00 0.000000000000000000e+00 0.000000000000000000e+00
0.000000000000000000e+00 0.000000000000000000e+00 0.000000000000000000e+00 0.000000000000000000e+00 0.000000000000000000e+00
0.000000000000000000e+00 0.000000000000000000e+00 0.000000000000000000e+00 0.000000000000000000e+00 0.000000000000000000e+00
0.000000000000000000e+00 0.000000000000000000e+00 0.000000000000000000e+00 0.000000000000000000e+00 0.000000000000000000e+00
0.000000000000000000e+00 0.000000000000000000e+00 0.000000000000000000e+00 0.000000000000000000e+00 0.000000000000000000e+00
0.000000000000000000e+00 0.000000000000000000e+00 0.000000000000000000e+00 0.000000000000000000e+00 0.000000000000000000e+00
0.000000000000000000e+00 0.000000000000000000e+00 0.000000000000000000e+00 0.000000000000000000e+00 0.000000000000000000e+00
0.000000000000000000e+00 0.000000000000000000e+00 0.000000000000000000e+00 0.000000000000000000e+00 0.000000000000000000e+00
0.000000000000000000e+00 0.000000000000000000e+00 0.000000000000000000e+00 0.000000000000000000e+00 0.000000000000000000e+00
0.000000000000000000e+00 0.000000000000000000e+00 0.000000000000000000e+00 0.000000000000000000e+00 0.000000000000000000e+00
0.000000000000000000e+00 0.000000000000000000e+00 0.000000000000000000e+00 0.000000000000000000e+00 0.000000000000000000e+00
0.000000000000000000e+00 0.000000000000000000e+00 0.000000000000000000e+00 0.000000000000000000e+00 0.000000000000000000e+00
0.000000000000000000e+00 0.000000000000000000e+00 0.000000000000000000e+00 0.000000000000000000e+00 0.000000000000000000e+00
0.000000000000000000e+00 0.000000000000000000e+00 0.000000000000000000e+00 0.000000000000000000e+00 0.000000000000000000e+00
0.000000000000000000e+00 0.000000000000000000e+00 0.000000000000000000e+00 0.000000000000000000e+00 0.000000000000000000e+00
0.000000000000000000e+00 0.000000000000000000e+00 0.000000000000000000e+00 0.000000000000000000e+00 0.000000000000000000e+00
0.000000000000000000e+00 0.000000000000000000e+00 0.000000000000000000e+00 0.000000000000000000e+00 0.000000000000000000e+00
0.000000000000000000e+00 0.000000000000000000e+00 0.000000000000000000e+00 0.000000000000000000e+00 0.000000000000000000e+00
0.000000000000000000e+00 0.000000000000000000e+00 0.000000000000000000e+00 0.000000000000000000e+00 0.000000000000000000e+00
0.000000000000000000e+00 0.000000000000000000e+00 0.000000000000000000e+00 0.000000000000000000e+00 0.000000000000000000e+00
0.000000000000000000e+00 0.000000000000000000e+00 0.000000000000000000e+00 0.000000000000000000e+00 0.000000000000000000e+00
