0.000000000000000000e+00 0.000000000000000000e+00 0.000000000000000000e+00 0.000000000000000000e+00 0.000000000000000000e+00
0.000000000000000000e+00 0.000000000000000000e+00 0.000000000000000000e+00 0.000000000000000000e+00 0.000000000000000000e+00
0.000000000000000000e+00 0.000000000000000000e+00 0.000000000000000000e+00 0.000000000000000000e+00 0.000000000000000000e+00
0.000000000000000000e+00 0.000000000000000000e+00 0.000000000000000000e+00 0.000000000000000000e+00 0.000000000000000000e+00
0.000000000000000000e+00 0.000000000000000000e+00 0.000000000000000000e+00 0.000000000000000000e+00 0.000000000000000000e+00
0.000000000000000000e+00 0.000000000000000000e+00 0.000000000000000000e+00 0.000000000000000000e+00 0.000000000000000000e+00
0.000000000000000000e+00 0.000000000000000000e+00 0.000000000000000000e+00 0.000000000000000000e+00 0.000000000000000000e+00
0.000000000000000000e+00 0.000000000000000000e+00 0.000000000000000000e+00 0.000000000000000000e+00 0.000000000000000000e+00
0.000000000000000000e+00 0.000000000000000000e+00 0.000000000000000000e+00 0.000000000000000000e+00 0.000000000000000000e+00
0.000000000000000000e+00 0.000000000000000000e+00 0.000000000000000000e+00 0.000000000000000000e+00 0.000000000000000000e+00
0.000000000000000000e+00 0.000000000000000000e+00 0.000000000000000000e+00 0.000000000000000000e+00 0.000000000000000000e+00
0.000000000000000000e+00 0.000000000000000000e+00 0.000000000000000000e+00 0.000000000000000000e+00 0.000000000000000000e+00
0.000000000000000000e+00 0.000000000000000000e+00 0.000000000000000000e+00 0.000000000000000000e+00 0.000000000000000000e+00
0.000000000000000000e+00 0.000000000000000000e+00 0.000000000000000000e+00 0.000000000000000000e+00 0.000000000000000000e+00
0.000000000000000000e+00 0.000000000000000000e+00 0.000000000000000000e+00 0.000000000000000000e+00 0.000000000000000000e+00
0.000000000000000000e+00 0.000000000000000000e+00 0.000000000000000000e+00 0.000000000000000000e+00 0.000000000000000000e+00
0.000000000000000000e+00 0.000000000000000000e+00 0.000000000000000000e+00 0.000000000000000000e+00 0.000000000000000000e+00
0.000000000000000000e+00 0.000000000000000000e+00 0.000000000000000000e+00 0.000000000000000000e+00 0.000000000000000000e+00
0.000000000000000000e+00 0.000000000000000000e+00 0.000000000000000000e+00 0.000000000000000000e+00 0.000000000000000000e+00
0.000000000000000000e+00 0.000000000000000000e+00 0.000000000000000000e+00 0.000000000000000000e+00 0.000000000000000000e+00
0.000000000000000000e+00 0.000000000000000000e+00 0.000000000000000000e+00 0.000000000000000000e+00 0.000000000000000000e+00
0.000000000000000000e+00 0.000000000000000000e+00 0.000000000000000000e+00 0.000000000000000000e+00 0.000000000000000000e+00
0.000000000000000000e+00 0.000000000000000000e+00 0.000000000000000000e+00 0.000000000000000000e+00 0.000000000000000000e+00
0.000000000000000000e+00 0.000000000000000000e+00 0.000000000000000000e+00 0.000000000000000000e+00 0.000000000000000000e+00
0.000000000000000000e+00 0.000000000000000000e+00 0.000000000000000000e+00 0.000000000000000000e+00 0.000000000000000000e+00
0.000000000000000000e+00 0.000000000000000000e+00 0.000000000000000000e+00 0.000000000000000000e+00 0.000000000000000000e+00
0.000000000000000000e+00 0.000000000000000000e+00 0.000000000000000000e+00 0.000000000000000000e+00 0.000000000000000000e+00
0.000000000000000000e+00 0.000000000000000000e+00 0.000000000000000000e+00 0.000000000000000000e+00 0.000000000000000000e+00
0.000000000000000000e+00 0.000000000000000000e+00 0.000000000000000000e+00 0.000000000000000000e+00 0.000000000000000000e+00
0.000000000000000000e+00 0.000000000000000000e+00 0.000000000000000000e+00 0.000000000000000000e+00 0.000000000000000000e+00
0.000000000000000000e+00 0.000000000000000000e+00 0.000000000000000000e+00 0.000000000000000000e+00 0.000000000000000000e+00
0.000000000000000000e+00 0.000000000000000000e+00 0.000000000000000000e+00 0.000000000000000000e+00 0.000000000000000000e+00
0.000000000000000000e+00 0.000000000000000000e+00 0.000000000000000000e+00 0.000000000000000000e+00 0.000000000000000000e+00
0.000000000000000000e+00 0.000000000000000000e+00 0.000000000000000000e+00 0.000000000000000000e+00 0.000000000000000000e+00
0.000000000000000000e+00 0.000000000000000000e+00 0.000000000000000000e+00 0.000000000000000000e+00 0.000000000000000000e+00
0.000000000000000000e+00 0.000000000000000000e+00 0.000000000000000000e+00 0.000000000000000000e+00 0.000000000000000000e+00
0.000000000000000000e+00 0.000000000000000000e+00 0.000000000000000000e+00 0.000000000000000000e+00 0.000000000000000000e+00
0.000000000000000000e+00 0.000000000000000000e+00 0.000000000000000000e+00 0.000000000000000000e+00 0.000000000000000000e+00
0.000000000000000000e+00 0.000000000000000000e+00 0.000000000000000000e+00 0.000000000000000000e+00 0.000000000000000000e+00
0.000000000000000000e+00 0.000000000000000000e+00 0.000000000000000000e+00 0.000000000000000000e+00 0.000000000000000000e+00
0.000000000000000000e+00 0.000000000000000000e+00 0.000000000000000000e+00 0.000000000000000000e+00 0.000000000000000000e+00
0.000000000000000000e+00 0.000000000000000000e+00 0.000000000000000000e+00 0.000000000000000000e+00 0.000000000000000000e+00
0.000000000000000000e+00 0.000000000000000000e+00 0.000000000000000000e+00 0.000000000000000000e+00 0.000000000000000000e+00
0.000000000000000000e+00 0.000000000000000000e+00 0.000000000000000000e+00 0.000000000000000000e+00 0.000000000000000000e+00
0.000000000000000000e+00 0.000000000000000000e+00 0.000000000000000000e+00 0.000000000000000000e+00 0.000000000000000000e+00
0.000000000000000000e+00 0.000000000000000000e+00 0.000000000000000000e+00 0.000000000000000000e+00 0.000000000000000000e+00
0.000000000000000000e+00 0.000000000000000000e+00 0.000000000000000000e+00 0.000000000000000000e+00 0.000000000000000000e+00
0.000000000000000000e+00 0.000000000000000000e+00 0.000000000000000000e+00 0.000000000000000000e+00 0.000000000000000000e+00
0.000000000000000000e+00 0.000000000000000000e+00 0.000000000000000000e+00 0.000000000000000000e+00 0.000000000000000000e+00
0.000000000000000000e+00 0.000000000000000000e+00 0.000000000000000000e+00 0.000000000000000000e+00 0.000000000000000000e+00
0.000000000000000000e+00 0.000000000000000000e+00 0.000000000000000000e+00 0.000000000000000000e+00 0.000000000000000000e+00
0.000000000000000000e+00 0.000000000000000000e+00 0.000000000000000000e+00 0.000000000000000000e+00 0.000000000000000000e+00
0.000000000000000000e+00 0.000000000000000000e+00 0.000000000000000000e+00 0.000000000000000000e+00 0.000000000000000000e+00
0.000000000000000000e+00 0.000000000000000000e+00 0.000000000000000000e+00 0.000000000000000000e+00 0.000000000000000000e+00
0.000000000000000000e+00 0.000000000000000000e+00 0.000000000000000000e+00 0.000000000000000000e+00 0.000000000000000000e+00
0.000000000000000000e+00 0.000000000000000000e+00 0.000000000000000000e+00 0.000000000000000000e+00 0.000000000000000000e+00
0.000000000000000000e+00 0.000000000000000000e+00 0.000000000000000000e+00 0.000000000000000000e+00 0.000000000000000000e+00
0.000000000000000000e+00 0.000000000000000000e+00 0.000000000000000000e+00 0.000000000000000000e+00 0.000000000000000000e+00
0.000000000000000000e+00 0.000000000000000000e+00 0.000000000000000000e+00 0.000000000000000000e+00 0.000000000000000000e+00
0.000000000000000000e+00 0.000000000000000000e+00 0.000000000000000000e+00 0.000000000000000000e+00 0.000000000000000000e+00
0.000000000000000000e+00 0.000000000000000000e+00 0.000000000000000000e+00 0.000000000000000000e+00 0.000000000000000000e+00
0.000000000000000000e+00 0.000000000000000000e+00 0.000000000000000000e+00 0.000000000000000000e+00 0.000000000000000000e+00
0.000000000000000000e+00 0.000000000000000000e+00 0.000000000000000000e+00 0.000000000000000000e+00 0.000000000000000000e+00
0.000000000000000000e+00 0.000000000000000000e+00 0.000000000000000000e+00 0.000000000000000000e+00 0.000000000000000000e+00
0.000000000000000000e+00 0.000000000000000000e+00 0.000000000000000000e+00 0.000000000000000000e+00 0.000000000000000000e+00
0.000000000000000000e+00 0.000000000000000000e+00 0.000000000000000000e+00 0.000000000000000000e+00 0.000000000000000000e+00
0.000000000000000000e+00 0.000000000000000000e+00 0.000000000000000000e+00 0.000000000000000000e+00 0.000000000000000000e+00
0.000000000000000000e+00 0.000000000000000000e+00 0.000000000000000000e+00 0.000000000000000000e+00 0.000000000000000000e+00
0.000000000000000000e+00 0.000000000000000000e+00 0.000000000000000000e+00 0.000000000000000000e+00 0.000000000000000000e+00
0.000000000000000000e+00 0.000000000000000000e+00 0.000000000000000000e+00 0.000000000000000000e+00 0.000000000000000000e+00
0.000000000000000000e+00 0.000000000000000000e+00 0.000000000000000000e+00 0.000000000000000000e+00 0.000000000000000000e+00
0.000000000000000000e+00 0.000000000000000000e+00 0.000000000000000000e+00 0.000000000000000000e+00 0.000000000000000000e+00
0.000000000000000000e+00 0.000000000000000000e+00 0.000000000000000000e+00 0.000000000000000000e+00 0.000000000000000000e+00
0.000000000000000000e+00 0.000000000000000000e+00 0.000000000000000000e+00 0.000000000000000000e+00 0.000000000000000000e+00
0.000000000000000000e+00 0.000000000000000000e+00 0.000000000000000000e+00 0.000000000000000000e+00 0.000000000000000000e+00
0.000000000000000000e+00 0.000000000000000000e+00 0.000000000000000000e+00 0.000000000000000000e+00 0.000000000000000000e+00
0.000000000000000000e+00 0.000000000000000000e+00 0.000000000000000000e+00 0.000000000000000000e+00 0.000000000000000000e+00
0.000000000000000000e+00 0.000000000000000000e+00 0.000000000000000000e+00 0.000000000000000000e+00 0.000000000000000000e+00
0.000000000000000000e+00 0.000000000000000000e+00 0.000000000000000000e+00 0.000000000000000000e+00 0.000000000000000000e+00
0.000000000000000000e+00 0.000000000000000000e+00 0.000000000000000000e+00 0.000000000000000000e+00 0.000000000000000000e+00
0.000000000000000000e+00 0.000000000000000000e+00 0.000000000000000000e+00 0.000000000000000000e+00 0.000000000000000000e+00
0.000000000000000000e+00 0.000000000000000000e+00 0.000000000000000000e+00 0.000000000000000000e+00 0.000000000000000000e+00
0.000000000000000000e+00 0.000000000000000000e+00 0.000000000000000000e+00 0.000000000000000000e+00 0.000000000000000000e+00
0.000000000000000000e+00 0.000000000000000000e+00 0.000000000000000000e+00 0.000000000000000000e+00 0.000000000000000000e+00
0.000000000000000000e+00 0.000000000000000000e+00 0.000000000000000000e+00 0.000000000000000000e+00 0.000000000000000000e+00
0.000000000000000000e+00 0.000000000000000000e+00 0.000000000000000000e+00 0.000000000000000000e+00 0.000000000000000000e+00
0.000000000000000000e+00 0.000000000000000000e+00 0.000000000000000000e+00 0.000000000000000000e+00 0.000000000000000000e+00
0.000000000000000000e+00 0.000000000000000000e+00 0.000000000000000000e+00 0.000000000000000000e+00 0.000000000000000000e+00
0.000000000000000000e+00 0.000000000000000000e+00 0.000000000000000000e+00 0.000000000000000000e+00 0.000000000000000000e+00
0.000000000000000000e+00 0.000000000000000000e+00 0.000000000000000000e+00 0.000000000000000000e+00 0.000000000000000000e+00
0.000000000000000000e+00 0.000000000000000000e+00 0.000000000000000000e+00 0.000000000000000000e+00 0.000000000000000000e+00
9.843443150392898282e-05 0.000000000000000000e+00 0.000000000000000000e+00 5.570826716657317917e-06 0.000000000000000000e+00
2.559295219102152279e-03 0.000000000000000000e+00 0.000000000000000000e+00 1.448414946330902015e-04 0.000000000000000000e+00
5.635371203599934785e-03 0.000000000000000000e+00 0.000000000000000000e+00 3.189298295286314088e-04 0.000000000000000000e+00
6.225977792623508221e-03 0.000000000000000000e+00 0.000000000000000000e+00 3.523547898285755704e-04 0.000000000000000000e+00
6.275195008375474698e-03 0.000000000000000000e+00 0.000000000000000000e+00 3.551402031869044132e-04 0.000000000000000000e+00
6.225977792623508221e-03 0.000000000000000000e+00 0.000000000000000000e+00 3.523547898285755704e-04 0.000000000000000000e+00
5.315459301212168731e-03 0.000000000000000000e+00 0.000000000000000000e+00 3.008246426994952319e-04 0.000000000000000000e+00
1.944080022202596472e-03 0.000000000000000000e+00 0.000000000000000000e+00 1.100238276539819844e-04 0.000000000000000000e+00
0.000000000000000000e+00 1.398712202866296930e-04 9.226342434352199830e-04 1.346065346167710512e-04 0.000000000000000000e+00
0.000000000000000000e+00 6.853689794044854657e-04 4.520907792832582796e-03 6.595720196221783191e-04 0.000000000000000000e+00
0.000000000000000000e+00 1.007072786063735285e-03 6.642966552733580408e-03 9.691670492407503112e-04 0.000000000000000000e+00
0.000000000000000000e+00 9.301436149060889665e-04 6.135517718844219447e-03 8.951334552015259918e-04 0.000000000000000000e+00
0.000000000000000000e+00 1.139950445336032842e-03 7.519469083997048879e-03 1.097043257126681945e-03 0.000000000000000000e+00
0.000000000000000000e+00 1.524596301124264220e-03 1.005671325344390313e-02 1.467211227322804193e-03 0.000000000000000000e+00
0.000000000000000000e+00 5.385041981035240156e-04 3.552141837225597856e-03 5.182351582745681759e-04 0.000000000000000000e+00
0.000000000000000000e+00 0.000000000000000000e+00 0.000000000000000000e+00 0.000000000000000000e+00 0.000000000000000000e+00
0.000000000000000000e+00 0.000000000000000000e+00 0.000000000000000000e+00 0.000000000000000000e+00 0.000000000000000000e+00
0.000000000000000000e+00 0.000000000000000000e+00 0.000000000000000000e+00 0.000000000000000000e+00 0.000000000000000000e+00
0.000000000000000000e+00 0.000000000000000000e+00 0.000000000000000000e+00 0.000000000000000000e+00 0.000000000000000000e+00
0.000000000000000000e+00 0.000000000000000000e+00 0.000000000000000000e+00 0.000000000000000000e+00 0.000000000000000000e+00
0.000000000000000000e+00 0.000000000000000000e+00 0.000000000000000000e+00 0.000000000000000000e+00 0.000000000000000000e+00
0.000000000000000000e+00 0.000000000000000000e+00 0.000000000000000000e+00 0.000000000000000000e+00 0.000000000000000000e+00
0.000000000000000000e+00 0.000000000000000000e+00 0.000000000000000000e+00 0.000000000000000000e+00 0.000000000000000000e+00
0.000000000000000000e+00 0.000000000000000000e+00 0.000000000000000000e+00 0.000000000000000000e+00 0.000000000000000000e+00
0.000000000000000000e+00 0.000000000000000000e+00 0.000000000000000000e+00 0.000000000000000000e+00 0.000000000000000000e+00
0.000000000000000000e+00 0.000000000000000000e+00 0.000000000000000000e+00 0.000000000000000000e+00 0.000000000000000000e+00
3.681818780971257503e-04 0.000000000000000000e+00 6.766830741547386367e-04 0.000000000000000000e+00 0.000000000000000000e+00
8.941559896644483670e-04 0.000000000000000000e+00 1.643373180090079190e-03 0.000000000000000000e+00 0.000000000000000000e+00
4.762889083598847648e-03 0.000000000000000000e+00 2.927497731355051432e-03 1.707501602155910144e-04 0.000000000000000000e+00
9.117648177251740094e-03 0.000000000000000000e+00 3.949947314037029547e-03 2.046114410136644129e-04 0.000000000000000000e+00
1.652362768146875202e-02 0.000000000000000000e+00 2.241981414291035601e-03 0.000000000000000000e+00 0.000000000000000000e+00
3.467628796132592173e-02 0.000000000000000000e+00 5.574218288463419525e-03 6.752161728242186620e-03 0.000000000000000000e+00
5.217313003067514804e-02 0.000000000000000000e+00 5.254045764623951550e-03 9.494272603754972881e-03 0.000000000000000000e+00
7.625001468120760906e-02 0.000000000000000000e+00 0.000000000000000000e+00 1.158591085159118607e-02 0.000000000000000000e+00
7.511722657111230550e-02 0.000000000000000000e+00 0.000000000000000000e+00 2.803979187558924835e-02 0.000000000000000000e+00
6.889046058928102734e-02 0.000000000000000000e+00 0.000000000000000000e+00 4.955005198795944810e-02 0.000000000000000000e+00
6.352071932993291759e-02 2.250178241011177409e-03 0.000000000000000000e+00 7.188465608064008305e-02 0.000000000000000000e+00
3.790976818474900423e-02 6.388032775235362318e-04 0.000000000000000000e+00 9.643043607868084788e-02 0.000000000000000000e+00
1.429240098607022919e-02 0.000000000000000000e+00 0.000000000000000000e+00 1.114937897507852355e-01 0.000000000000000000e+00
0.000000000000000000e+00 4.333591905728842973e-03 0.000000000000000000e+00 1.079284394351248816e-01 0.000000000000000000e+00
0.000000000000000000e+00 5.428020850753252115e-03 1.140461864591343780e-03 8.271366975253052756e-02 0.000000000000000000e+00
0.000000000000000000e+00 9.619496094723766974e-03 9.213119884213782571e-03 4.712511730195901444e-02 0.000000000000000000e+00
0.000000000000000000e+00 2.070120168974924710e-03 8.980849997523035477e-03 1.647138387381725383e-02 0.000000000000000000e+00
0.000000000000000000e+00 9.369505060431880723e-05 1.125444075149989280e-03 7.994621387992879510e-04 0.000000000000000000e+00
0.000000000000000000e+00 0.000000000000000000e+00 0.000000000000000000e+00 0.000000000000000000e+00 0.000000000000000000e+00
0.000000000000000000e+00 0.000000000000000000e+00 0.000000000000000000e+00 0.000000000000000000e+00 0.000000000000000000e+00
0.000000000000000000e+00 0.000000000000000000e+00 0.000000000000000000e+00 0.000000000000000000e+00 0.000000000000000000e+00
0.000000000000000000e+00 0.000000000000000000e+00 0.000000000000000000e+00 0.000000000000000000e+00 0.000000000000000000e+00
0.000000000000000000e+00 0.000000000000000000e+00 0.000000000000000000e+00 0.000000000000000000e+00 0.000000000000000000e+00
0.000000000000000000e+00 0.000000000000000000e+00 0.000000000000000000e+00 0.000000000000000000e+00 0.000000000000000000e+00
0.000000000000000000e+00 0.000000000000000000e+00 0.000000000000000000e+00 0.000000000000000000e+00 0.000000000000000000e+00
0.000000000000000000e+00 0.000000000000000000e+00 0.000000000000000000e+00 0.000000000000000000e+00 0.000000000000000000e+00
2.219201517785326569e-04 0.000000000000000000e+00 4.379768191438682644e-04 0.000000000000000000e+00 1.057543513923589708e-05
1.761625810216896565e-03 0.000000000000000000e+00 3.962574508981944223e-03 0.000000000000000000e+00 3.223471610383165883e-05
3.199504889082503516e-03 0.000000000000000000e+00 6.187739116365897213e-03 0.000000000000000000e+00 0.000000000000000000e+00
1.172885659755339843e-02 0.000000000000000000e+00 1.920031078956854764e-02 0.000000000000000000e+00 0.000000000000000000e+00
3.060777830932014110e-02 0.000000000000000000e+00 2.218350097037765506e-02 0.000000000000000000e+00 0.000000000000000000e+00
4.864676575670093261e-02 0.000000000000000000e+00 2.464749383234908151e-02 0.000000000000000000e+00 0.000000000000000000e+00
8.881363956429080830e-02 0.000000000000000000e+00 2.041721528843739447e-02 0.000000000000000000e+00 0.000000000000000000e+00
1.197587411352881992e-01 0.000000000000000000e+00 2.553358570992187923e-02 7.341041270919306493e-03 0.000000000000000000e+00
1.432263034215379982e-01 0.000000000000000000e+00 2.052008049166765755e-02 1.664229958621789990e-02 0.000000000000000000e+00
1.490916119390525985e-01 0.000000000000000000e+00 2.187045151084489672e-02 3.856338861655463773e-02 0.000000000000000000e+00
1.507414835067414083e-01 0.000000000000000000e+00 2.382995763337249912e-02 6.740850432144031290e-02 0.000000000000000000e+00
1.386444762903316086e-01 0.000000000000000000e+00 1.400058935117913690e-02 8.739913019528844362e-02 0.000000000000000000e+00
1.091476656011387131e-01 1.700124482358442504e-02 3.632988497077488735e-03 1.029314383331704219e-01 0.000000000000000000e+00
7.059597065733549948e-02 4.002146936280987638e-02 0.000000000000000000e+00 1.166822870622070546e-01 0.000000000000000000e+00
4.155523196533049413e-02 3.906234008230671101e-02 6.020837530761761168e-03 1.209192396221002441e-01 0.000000000000000000e+00
1.864240766916857098e-02 5.144143487799837655e-02 0.000000000000000000e+00 1.217318881087198490e-01 0.000000000000000000e+00
0.000000000000000000e+00 5.129344042044278046e-02 9.307148827709154151e-04 1.159125732143953258e-01 0.000000000000000000e+00
0.000000000000000000e+00 5.224826923853716221e-02 8.202599494231634439e-03 9.391682258806414996e-02 0.000000000000000000e+00
0.000000000000000000e+00 3.609850538193852543e-02 2.087904461795015570e-02 5.091553089491829276e-02 0.000000000000000000e+00
0.000000000000000000e+00 8.582271800668488798e-03 6.077803121483016900e-03 1.004712431573400594e-02 0.000000000000000000e+00
9.209448064015349949e-04 7.073291860054634929e-03 1.216524639026736742e-04 0.000000000000000000e+00 0.000000000000000000e+00
0.000000000000000000e+00 0.000000000000000000e+00 0.000000000000000000e+00 0.000000000000000000e+00 0.000000000000000000e+00
0.000000000000000000e+00 0.000000000000000000e+00 0.000000000000000000e+00 0.000000000000000000e+00 0.000000000000000000e+00
0.000000000000000000e+00 0.000000000000000000e+00 0.000000000000000000e+00 0.000000000000000000e+00 0.000000000000000000e+00
0.000000000000000000e+00 0.000000000000000000e+00 0.000000000000000000e+00 0.000000000000000000e+00 0.000000000000000000e+00
0.000000000000000000e+00 0.000000000000000000e+00 0.000000000000000000e+00 0.000000000000000000e+00 0.000000000000000000e+00
0.000000000000000000e+00 0.000000000000000000e+00 0.000000000000000000e+00 0.000000000000000000e+00 0.000000000000000000e+00
0.000000000000000000e+00 0.000000000000000000e+00 0.000000000000000000e+00 0.000000000000000000e+00 0.000000000000000000e+00
1.906394491555782897e-03 0.000000000000000000e+00 8.285311645368768907e-03 0.000000000000000000e+00 0.000000000000000000e+00
2.030531720299775470e-03 0.000000000000000000e+00 2.271764749427439625e-02 0.000000000000000000e+00 0.000000000000000000e+00
8.736697265442378013e-03 0.000000000000000000e+00 3.706633691478133236e-02 0.000000000000000000e+00 0.000000000000000000e+00
1.775174686791908263e-02 0.000000000000000000e+00 5.819637458944299652e-02 0.000000000000000000e+00 5.214480045450955135e-03
3.715322004935494443e-02 0.000000000000000000e+00 7.769395963795154569e-02 0.000000000000000000e+00 6.418781247597336002e-03
7.581452364343096995e-02 0.000000000000000000e+00 8.735662580673561606e-02 0.000000000000000000e+00 4.353062247997648883e-03
1.072852844027524510e-01 0.000000000000000000e+00 7.931325678840007998e-02 0.000000000000000000e+00 5.527431118619332423e-03
1.318561141326322350e-01 0.000000000000000000e+00 6.324624295636133153e-02 4.239796970284996983e-03 1.852620666030460952e-02
1.317914177966326150e-01 1.419661360540312722e-02 5.009251866924750024e-02 2.662840920066072981e-02 4.084059297459492061e-02
1.193326265808528630e-01 2.229514292018708668e-02 4.174167384199210101e-02 5.279601634819756917e-02 5.628669668316233637e-02
9.834534790160941176e-02 4.288702628541333356e-02 3.805843808749065360e-02 6.881047738716396245e-02 6.772302413123643117e-02
9.459746130829745081e-02 5.289721200416859503e-02 3.603537409311016737e-02 7.145238303389324364e-02 7.478309605866455267e-02
8.307770601499510355e-02 5.709672934319943993e-02 4.177392600806179024e-02 6.675696832226478417e-02 8.989720688123652159e-02
8.231548725272888611e-02 7.041905440591793297e-02 2.878667338412939716e-02 5.432162052477461367e-02 8.422519985112771057e-02
4.380584181776863567e-02 1.014681764860114743e-01 1.123389366471790052e-02 6.802363301415405294e-02 5.835011123374724690e-02
1.573978082327769090e-02 1.026172567667345409e-01 4.628252462330288870e-03 9.206134569347404484e-02 4.672518820830186964e-02
0.000000000000000000e+00 1.007466516547021601e-01 0.000000000000000000e+00 1.104467141714767509e-01 3.093229598912229997e-02
0.000000000000000000e+00 1.147687536483898152e-01 0.000000000000000000e+00 9.602623973502019683e-02 9.019864468117498590e-03
0.000000000000000000e+00 1.082538938454021965e-01 0.000000000000000000e+00 5.221809128971507258e-02 0.000000000000000000e+00
0.000000000000000000e+00 5.990361878123489497e-02 6.168381357544529264e-03 1.278113535186798863e-02 0.000000000000000000e+00
0.000000000000000000e+00 1.696254847560096576e-02 4.999571705919131706e-03 0.000000000000000000e+00 0.000000000000000000e+00
0.000000000000000000e+00 0.000000000000000000e+00 0.000000000000000000e+00 0.000000000000000000e+00 0.000000000000000000e+00
0.000000000000000000e+00 0.000000000000000000e+00 0.000000000000000000e+00 0.000000000000000000e+00 0.000000000000000000e+00
0.000000000000000000e+00 0.000000000000000000e+00 0.000000000000000000e+00 0.000000000000000000e+00 0.000000000000000000e+00
0.000000000000000000e+00 0.000000000000000000e+00 0.000000000000000000e+00 0.000000000000000000e+00 0.000000000000000000e+00
0.000000000000000000e+00 0.000000000000000000e+00 0.000000000000000000e+00 0.000000000000000000e+00 0.000000000000000000e+00
0.000000000000000000e+00 0.000000000000000000e+00 0.000000000000000000e+00 0.000000000000000000e+00 0.000000000000000000e+00
0.000000000000000000e+00 0.000000000000000000e+00 0.000000000000000000e+00 0.000000000000000000e+00 0.000000000000000000e+00
0.000000000000000000e+00 0.000000000000000000e+00 4.316260251904413536e-02 0.000000000000000000e+00 0.000000000000000000e+00
0.000000000000000000e+00 0.000000000000000000e+00 5.620904337573132820e-02 0.000000000000000000e+00 3.432621328398624983e-03
5.465408722759978327e-03 0.000000000000000000e+00 6.531514171952569614e-02 0.000000000000000000e+00 1.332236423052842247e-02
1.440467433311731944e-02 0.000000000000000000e+00 8.256685094971087657e-02 0.000000000000000000e+00 2.140062030822334135e-02
2.210523079186350881e-02 0.000000000000000000e+00 1.045827798012705367e-01 0.000000000000000000e+00 2.119704979521357460e-02
5.084539835065862018e-02 0.000000000000000000e+00 1.070465400690206598e-01 0.000000000000000000e+00 3.142253583272482109e-02
6.732155536406871088e-02 1.256787851413505332e-02 9.661145788091385356e-02 0.000000000000000000e+00 5.047380471332687385e-02
7.069290993742316509e-02 2.859313027645732364e-02 7.281464454556148269e-02 2.460420998442896991e-03 8.285454274465078872e-02
4.150089895795015804e-02 5.660438271998365772e-02 6.287479945160945327e-02 1.568719511321222532e-02 9.965585127718697145e-02
1.774510297621950672e-02 7.209240407036486553e-02 5.256740467000956679e-02 3.421587074176438842e-02 1.135080887954232204e-01
1.068747862640700985e-02 8.057345091287911043e-02 4.882791525434362900e-02 3.343249782146631710e-02 1.174534078017774458e-01
2.863860118887536291e-02 8.373895632205660688e-02 5.865917841896953200e-02 1.739784263886463150e-02 1.191897591747691637e-01
5.948960537972586282e-02 7.429520191103854143e-02 4.338235375183331632e-02 0.000000000000000000e+00 1.251046847581503418e-01
9.544450220116654227e-02 7.346159388260850576e-02 3.080093947140703781e-02 0.000000000000000000e+00 1.067460910068529778e-01
8.165289384072588197e-02 7.559642033766045266e-02 2.639773034865238246e-02 1.570209640311548416e-02 8.769463328103271893e-02
2.505398873512182378e-02 8.158693595093360895e-02 1.653471583376827855e-02 6.799351536367190252e-02 7.505686723035022434e-02
0.000000000000000000e+00 9.180742308609370073e-02 0.000000000000000000e+00 1.032452372237605692e-01 6.006559880612025171e-02
0.000000000000000000e+00 1.288645496115100875e-01 0.000000000000000000e+00 9.139987023199558358e-02 3.589370683365564890e-02
0.000000000000000000e+00 1.430883953864172109e-01 0.000000000000000000e+00 4.423861670093350712e-02 0.000000000000000000e+00
0.000000000000000000e+00 1.086164224818538804e-01 0.000000000000000000e+00 5.598288235881146522e-04 0.000000000000000000e+00
0.000000000000000000e+00 3.212727036203344433e-02 0.000000000000000000e+00 0.000000000000000000e+00 0.000000000000000000e+00
0.000000000000000000e+00 0.000000000000000000e+00 0.000000000000000000e+00 0.000000000000000000e+00 0.000000000000000000e+00
0.000000000000000000e+00 0.000000000000000000e+00 0.000000000000000000e+00 0.000000000000000000e+00 0.000000000000000000e+00
0.000000000000000000e+00 0.000000000000000000e+00 0.000000000000000000e+00 0.000000000000000000e+00 0.000000000000000000e+00
0.000000000000000000e+00 0.000000000000000000e+00 0.000000000000000000e+00 0.000000000000000000e+00 0.000000000000000000e+00
0.000000000000000000e+00 0.000000000000000000e+00 0.000000000000000000e+00 0.000000000000000000e+00 0.000000000000000000e+00
0.000000000000000000e+00 0.000000000000000000e+00 0.000000000000000000e+00 0.000000000000000000e+00 0.000000000000000000e+00
0.000000000000000000e+00 0.000000000000000000e+00 0.000000000000000000e+00 0.000000000000000000e+00 0.000000000000000000e+00
0.000000000000000000e+00 0.000000000000000000e+00 3.685545739808317178e-02 0.000000000000000000e+00 5.033524187949989064e-03
0.000000000000000000e+00 0.000000000000000000e+00 5.797514610372927341e-02 0.000000000000000000e+00 1.419229473909661664e-02
1.401886115454331833e-03 0.000000000000000000e+00 5.482484556566776662e-02 0.000000000000000000e+00 2.357212232063174775e-02
6.941300995210032514e-04 0.000000000000000000e+00 6.863509860017795450e-02 0.000000000000000000e+00 2.364686227442799882e-02
8.398865283317784314e-03 8.422072106202008190e-03 6.339492016593682722e-02 0.000000000000000000e+00 3.808283198703064226e-02
2.235395754272140670e-03 2.562468738511843730e-02 6.445365055279017596e-02 0.000000000000000000e+00 6.062581592701687255e-02
1.052247209491445623e-02 4.322476008499357564e-02 5.209042242979040199e-02 0.000000000000000000e+00 8.210647837855011844e-02
7.006913353258872705e-03 6.483815780654270111e-02 4.536361230731436600e-02 0.000000000000000000e+00 1.021819652978859794e-01
0.000000000000000000e+00 8.810005966138477473e-02 3.163198703434746267e-02 0.000000000000000000e+00 1.043082234615548831e-01
0.000000000000000000e+00 9.011974631167542216e-02 2.115941712752412995e-02 0.000000000000000000e+00 1.044963394768023690e-01
0.000000000000000000e+00 8.918672405631722366e-02 3.066467283923195522e-02 0.000000000000000000e+00 8.837827852803802064e-02
1.874656708577004602e-02 7.500767831599704227e-02 4.264096420835509355e-02 0.000000000000000000e+00 7.465553788370986321e-02
6.917305213245220075e-02 4.207521513800718815e-02 5.090366322286647704e-02 0.000000000000000000e+00 7.852245909986661776e-02
1.117747208421571159e-01 1.362647032872521709e-02 4.599729850188982727e-02 0.000000000000000000e+00 8.714406802931139173e-02
9.293043799236595792e-02 8.432085479481035359e-03 1.412819250322538446e-02 3.576373273926625879e-02 9.841222826823772807e-02
2.218422953896497657e-02 2.821863385664798857e-02 1.338174954549264072e-02 9.088686416398107648e-02 9.073941412614433544e-02
0.000000000000000000e+00 6.867367139132199427e-02 3.238054978425163998e-03 1.025061483135940449e-01 6.650844921562487633e-02
0.000000000000000000e+00 1.279032789707378048e-01 0.000000000000000000e+00 7.969674005087519497e-02 3.153081994651295294e-02
0.000000000000000000e+00 1.507638869703635531e-01 0.000000000000000000e+00 2.482622947788318615e-02 0.000000000000000000e+00
0.000000000000000000e+00 1.088714349331731251e-01 0.000000000000000000e+00 0.000000000000000000e+00 0.000000000000000000e+00
0.000000000000000000e+00 4.017780110804293481e-02 0.000000000000000000e+00 0.000000000000000000e+00 1.217123516447655767e-03
0.000000000000000000e+00 0.000000000000000000e+00 0.000000000000000000e+00 0.000000000000000000e+00 0.000000000000000000e+00
0.000000000000000000e+00 0.000000000000000000e+00 0.000000000000000000e+00 0.000000000000000000e+00 0.000000000000000000e+00
0.000000000000000000e+00 0.000000000000000000e+00 0.000000000000000000e+00 0.000000000000000000e+00 0.000000000000000000e+00
0.000000000000000000e+00 0.000000000000000000e+00 0.000000000000000000e+00 0.000000000000000000e+00 0.000000000000000000e+00
0.000000000000000000e+00 0.000000000000000000e+00 0.000000000000000000e+00 0.000000000000000000e+00 0.000000000000000000e+00
0.000000000000000000e+00 0.000000000000000000e+00 0.000000000000000000e+00 0.000000000000000000e+00 0.000000000000000000e+00
0.000000000000000000e+00 0.000000000000000000e+00 0.000000000000000000e+00 0.000000000000000000e+00 0.000000000000000000e+00
0.000000000000000000e+00 0.000000000000000000e+00 2.780047901059108650e-02 0.000000000000000000e+00 4.751490181634104165e-03
0.000000000000000000e+00 0.000000000000000000e+00 4.384049930695350233e-02 0.000000000000000000e+00 1.029201216082040529e-02
0.000000000000000000e+00 0.000000000000000000e+00 5.097125619435542015e-02 0.000000000000000000e+00 1.668501891129507003e-02
0.000000000000000000e+00 4.185153885967916702e-03 4.178731783663832550e-02 0.000000000000000000e+00 2.430316265784052479e-02
0.000000000000000000e+00 1.565840258258175896e-02 4.198693895160986872e-02 0.000000000000000000e+00 4.065945327167919815e-02
0.000000000000000000e+00 2.974018160442749512e-02 4.398445459570492211e-02 0.000000000000000000e+00 5.368531419334857113e-02
0.000000000000000000e+00 4.837552785243144637e-02 4.112514132090150376e-02 0.000000000000000000e+00 7.767314721268703259e-02
0.000000000000000000e+00 6.609417431256404962e-02 2.642073721048699211e-02 0.000000000000000000e+00 7.488447739771160461e-02
0.000000000000000000e+00 6.883238428576467227e-02 1.627286225695560168e-02 0.000000000000000000e+00 5.255462024168491841e-02
0.000000000000000000e+00 6.485214086473961581e-02 1.154996352080799385e-02 0.000000000000000000e+00 3.496033581416186503e-02
6.754519199162159482e-03 4.825388707758918039e-02 3.359581099473994692e-02 0.000000000000000000e+00 3.051581283377027137e-02
4.130436562476357681e-02 1.055203923851730750e-02 6.844502002900368365e-02 0.000000000000000000e+00 2.720033972087265717e-02
9.850270395226638775e-02 0.000000000000000000e+00 7.333193370815596634e-02 8.924062045162687792e-03 3.813651021766358007e-02
1.110672266996842322e-01 0.000000000000000000e+00 5.605241731437868996e-02 5.031573283298662602e-02 7.823502924383266000e-02
6.042705505286746770e-02 0.000000000000000000e+00 2.495801953699243805e-02 1.004022680904154280e-01 1.000160743413024134e-01
1.017375249716421202e-02 2.120553090563535512e-02 1.789949269419808739e-02 1.118087176713116332e-01 7.459338719475153145e-02
0.000000000000000000e+00 9.974545036127802078e-02 1.178730567898280887e-02 9.236386172499533309e-02 4.058527028130800435e-02
0.000000000000000000e+00 1.457740382620022479e-01 8.634663772476574781e-03 4.757270265348365751e-02 1.492947702351826765e-03
0.000000000000000000e+00 1.420898570707362640e-01 0.000000000000000000e+00 1.135518804204692714e-03 0.000000000000000000e+00
0.000000000000000000e+00 8.981198366230566665e-02 0.000000000000000000e+00 0.000000000000000000e+00 1.551081784595704539e-03
0.000000000000000000e+00 3.067929591036040390e-02 0.000000000000000000e+00 0.000000000000000000e+00 3.841967953614547522e-03
0.000000000000000000e+00 0.000000000000000000e+00 0.000000000000000000e+00 0.000000000000000000e+00 0.000000000000000000e+00
0.000000000000000000e+00 0.000000000000000000e+00 0.000000000000000000e+00 0.000000000000000000e+00 0.000000000000000000e+00
0.000000000000000000e+00 0.000000000000000000e+00 0.000000000000000000e+00 0.000000000000000000e+00 0.000000000000000000e+00
0.000000000000000000e+00 0.000000000000000000e+00 0.000000000000000000e+00 0.000000000000000000e+00 0.000000000000000000e+00
0.000000000000000000e+00 0.000000000000000000e+00 0.000000000000000000e+00 0.000000000000000000e+00 0.000000000000000000e+00
0.000000000000000000e+00 0.000000000000000000e+00 0.000000000000000000e+00 0.000000000000000000e+00 0.000000000000000000e+00
0.000000000000000000e+00 0.000000000000000000e+00 0.000000000000000000e+00 0.000000000000000000e+00 0.000000000000000000e+00
0.000000000000000000e+00 0.000000000000000000e+00 2.605532452093012319e-02 0.000000000000000000e+00 2.643047572888164790e-03
0.000000000000000000e+00 0.000000000000000000e+00 2.587907943298754093e-02 0.000000000000000000e+00 3.390902261193394062e-03
0.000000000000000000e+00 0.000000000000000000e+00 1.720412812224193788e-02 0.000000000000000000e+00 5.548411609440490749e-03
0.000000000000000000e+00 0.000000000000000000e+00 1.316614755642387356e-02 0.000000000000000000e+00 1.584190967008054785e-02
0.000000000000000000e+00 6.141300729746704615e-03 6.029202700017334028e-03 0.000000000000000000e+00 2.495670290869905078e-02
0.000000000000000000e+00 1.121664189395428675e-02 1.361638721114299955e-02 0.000000000000000000e+00 2.590167505537475934e-02
0.000000000000000000e+00 1.268720734105784065e-02 2.665032959399468715e-02 0.000000000000000000e+00 3.088523447564215860e-02
0.000000000000000000e+00 3.333224828756884556e-02 2.120089854838192595e-02 0.000000000000000000e+00 2.601162111612765129e-02
0.000000000000000000e+00 2.980019973306737707e-02 2.380332719494049690e-02 0.000000000000000000e+00 1.149816649817153418e-02
1.754954289960976993e-02 1.440971359152172157e-02 5.109019772267439641e-02 0.000000000000000000e+00 0.000000000000000000e+00
4.808978632511600598e-02 0.000000000000000000e+00 8.835106070437467873e-02 1.007530137766562278e-02 0.000000000000000000e+00
7.793740181455174887e-02 0.000000000000000000e+00 1.008370223526510318e-01 2.738990122522489898e-02 1.855408249219406974e-02
9.901314877794867297e-02 0.000000000000000000e+00 7.846947877509163893e-02 7.195234961311119948e-02 6.751148774291197696e-02
8.831644529807812505e-02 0.000000000000000000e+00 5.366027995576439641e-02 1.038307594474070644e-01 9.579454372146203878e-02
4.249672907709162173e-02 2.671149809007431489e-05 2.601737764561347713e-02 1.148091065544006167e-01 7.641785042713646059e-02
0.000000000000000000e+00 7.588005918624622648e-02 2.410622325681362199e-02 9.673003087211513862e-02 4.400950772788390919e-02
0.000000000000000000e+00 1.338816909893001117e-01 9.697783943351684713e-03 5.398437297243439958e-02 1.189740654248826884e-03
0.000000000000000000e+00 1.373877060018801610e-01 6.591059183185489154e-03 7.805590068560732883e-03 0.000000000000000000e+00
0.000000000000000000e+00 1.025825479290761455e-01 0.000000000000000000e+00 0.000000000000000000e+00 7.047642557153365774e-04
0.000000000000000000e+00 5.415130823187700587e-02 0.000000000000000000e+00 0.000000000000000000e+00 8.596571181480149385e-03
0.000000000000000000e+00 2.058429570683008997e-02 0.000000000000000000e+00 0.000000000000000000e+00 4.498374203454566858e-03
0.000000000000000000e+00 0.000000000000000000e+00 0.000000000000000000e+00 0.000000000000000000e+00 0.000000000000000000e+00
0.000000000000000000e+00 0.000000000000000000e+00 0.000000000000000000e+00 0.000000000000000000e+00 0.000000000000000000e+00
0.000000000000000000e+00 0.000000000000000000e+00 0.000000000000000000e+00 0.000000000000000000e+00 0.000000000000000000e+00
0.000000000000000000e+00 0.000000000000000000e+00 0.000000000000000000e+00 0.000000000000000000e+00 0.000000000000000000e+00
0.000000000000000000e+00 0.000000000000000000e+00 0.000000000000000000e+00 0.000000000000000000e+00 0.000000000000000000e+00
0.000000000000000000e+00 0.000000000000000000e+00 0.000000000000000000e+00 0.000000000000000000e+00 0.000000000000000000e+00
0.000000000000000000e+00 0.000000000000000000e+00 0.000000000000000000e+00 0.000000000000000000e+00 0.000000000000000000e+00
0.000000000000000000e+00 5.707174209360185626e-04 5.104890777626784094e-03 0.000000000000000000e+00 0.000000000000000000e+00
0.000000000000000000e+00 5.323037483730166898e-04 4.761292359901906322e-03 0.000000000000000000e+00 0.000000000000000000e+00
0.000000000000000000e+00 0.000000000000000000e+00 0.000000000000000000e+00 0.000000000000000000e+00 9.081541289138779104e-05
0.000000000000000000e+00 0.000000000000000000e+00 0.000000000000000000e+00 0.000000000000000000e+00 3.405577983427041534e-03
0.000000000000000000e+00 3.434374074378347577e-04 0.000000000000000000e+00 0.000000000000000000e+00 3.569903345162230967e-03
1.782654561980360521e-03 2.677039573082654663e-03 1.284527137870133603e-02 0.000000000000000000e+00 0.000000000000000000e+00
0.000000000000000000e+00 2.876669288653944164e-03 3.914880857728914032e-02 0.000000000000000000e+00 0.000000000000000000e+00
1.608575979465490594e-03 6.329560561863812988e-03 5.822000059066999994e-02 6.238478768563830192e-03 0.000000000000000000e+00
1.728685619819526550e-02 0.000000000000000000e+00 8.372306563751576169e-02 2.219626203206689213e-02 0.000000000000000000e+00
3.940266124452163760e-02 0.000000000000000000e+00 1.134077076836245979e-01 4.280448774768318143e-02 5.739320300498216600e-03
6.760133039639648622e-02 0.000000000000000000e+00 1.242069094930606521e-01 6.428007248226855208e-02 2.625247905038447307e-02
8.742979468919179209e-02 0.000000000000000000e+00 9.923612866224049145e-02 9.452679150307516376e-02 7.504638282238594582e-02
9.543474723551041705e-02 0.000000000000000000e+00 6.305030872601308234e-02 1.105619336292307381e-01 8.896443785212190813e-02
7.301269118647989165e-02 2.079933760522182859e-02 2.624261431748333220e-02 1.069523876289575348e-01 6.961165680899664143e-02
3.781898257651331030e-02 8.999218244199140571e-02 6.048461812234853796e-03 8.607899395245185992e-02 3.995804689279471023e-02
2.338903782352268201e-02 1.485359721993287085e-01 1.260298233559894836e-02 3.429909030298185224e-02 0.000000000000000000e+00
1.072304313400310703e-02 1.511096091297529642e-01 1.392233904542164967e-02 1.375203076632451659e-03 0.000000000000000000e+00
3.908781132916870280e-03 1.042201265342836275e-01 3.339802874821260360e-03 0.000000000000000000e+00 0.000000000000000000e+00
0.000000000000000000e+00 5.504975187520688706e-02 0.000000000000000000e+00 0.000000000000000000e+00 5.920805972884342003e-03
0.000000000000000000e+00 3.607305706956261127e-02 0.000000000000000000e+00 0.000000000000000000e+00 9.296910689175793066e-03
0.000000000000000000e+00 1.159190602881557570e-02 0.000000000000000000e+00 0.000000000000000000e+00 2.540687484589993807e-03
0.000000000000000000e+00 0.000000000000000000e+00 0.000000000000000000e+00 0.000000000000000000e+00 0.000000000000000000e+00
0.000000000000000000e+00 0.000000000000000000e+00 0.000000000000000000e+00 0.000000000000000000e+00 0.000000000000000000e+00
0.000000000000000000e+00 0.000000000000000000e+00 0.000000000000000000e+00 0.000000000000000000e+00 0.000000000000000000e+00
0.000000000000000000e+00 0.000000000000000000e+00 0.000000000000000000e+00 0.000000000000000000e+00 0.000000000000000000e+00
0.000000000000000000e+00 0.000000000000000000e+00 0.000000000000000000e+00 0.000000000000000000e+00 0.000000000000000000e+00
0.000000000000000000e+00 0.000000000000000000e+00 0.000000000000000000e+00 0.000000000000000000e+00 0.000000000000000000e+00
0.000000000000000000e+00 0.000000000000000000e+00 0.000000000000000000e+00 0.000000000000000000e+00 0.000000000000000000e+00
0.000000000000000000e+00 0.000000000000000000e+00 0.000000000000000000e+00 0.000000000000000000e+00 0.000000000000000000e+00
0.000000000000000000e+00 0.000000000000000000e+00 0.000000000000000000e+00 0.000000000000000000e+00 0.000000000000000000e+00
0.000000000000000000e+00 0.000000000000000000e+00 0.000000000000000000e+00 0.000000000000000000e+00 0.000000000000000000e+00
7.119092319163374970e-05 5.491596933189904538e-04 1.055875577727576889e-03 0.000000000000000000e+00 0.000000000000000000e+00
0.000000000000000000e+00 1.277097137029681480e-03 2.319250114162660359e-03 2.224682235509515930e-03 0.000000000000000000e+00
0.000000000000000000e+00 1.671481134388709197e-03 2.801779562528496081e-02 5.345304740392681567e-03 0.000000000000000000e+00
0.000000000000000000e+00 0.000000000000000000e+00 5.893932917911778174e-02 2.419138101690275489e-02 0.000000000000000000e+00
1.256959673905624041e-02 0.000000000000000000e+00 9.631426964714961958e-02 5.214666898746322943e-02 9.224829370485009353e-03
3.881187286800531766e-02 0.000000000000000000e+00 1.319222836690230605e-01 7.755755377492815072e-02 2.174365538351675717e-02
4.795567158057997131e-02 0.000000000000000000e+00 1.347375877946753731e-01 9.891067456220274667e-02 4.734586184636827705e-02
6.439680172074171982e-02 0.000000000000000000e+00 1.102512961700161109e-01 1.155633282894237002e-01 8.018542997460545441e-02
7.769340432512600314e-02 0.000000000000000000e+00 7.458966253412623038e-02 1.158403850823419567e-01 9.231739435321753562e-02
8.394444337020720570e-02 3.788439571471747397e-02 4.937933294343136575e-02 1.056817565596499253e-01 8.334387892950877175e-02
6.771164257346538873e-02 8.934611122013018381e-02 3.055164440410415572e-02 8.768593162080441650e-02 4.521379658396633416e-02
5.323885996378991542e-02 1.378197398450544120e-01 3.552486666955469857e-02 4.492333253076415817e-02 0.000000000000000000e+00
3.878834808379671290e-02 1.498792341136708783e-01 2.090849357334603753e-02 5.952043441759793420e-03 0.000000000000000000e+00
1.474929732793551010e-02 1.127357154040520837e-01 2.638506395110989944e-02 0.000000000000000000e+00 0.000000000000000000e+00
3.746244423332613024e-03 6.978151640041270476e-02 1.265752260060879451e-02 0.000000000000000000e+00 0.000000000000000000e+00
0.000000000000000000e+00 3.714157741968955595e-02 1.119963999557900894e-02 0.000000000000000000e+00 1.749768436312947430e-03
0.000000000000000000e+00 1.863640155911260379e-02 1.033992247471655869e-03 0.000000000000000000e+00 4.503142608614577914e-03
0.000000000000000000e+00 1.499348453131385235e-03 0.000000000000000000e+00 0.000000000000000000e+00 7.152437848155265409e-04
0.000000000000000000e+00 0.000000000000000000e+00 0.000000000000000000e+00 0.000000000000000000e+00 0.000000000000000000e+00
0.000000000000000000e+00 0.000000000000000000e+00 0.000000000000000000e+00 0.000000000000000000e+00 0.000000000000000000e+00
0.000000000000000000e+00 0.000000000000000000e+00 0.000000000000000000e+00 0.000000000000000000e+00 0.000000000000000000e+00
0.000000000000000000e+00 0.000000000000000000e+00 0.000000000000000000e+00 0.000000000000000000e+00 0.000000000000000000e+00
0.000000000000000000e+00 0.000000000000000000e+00 0.000000000000000000e+00 0.000000000000000000e+00 0.000000000000000000e+00
0.000000000000000000e+00 0.000000000000000000e+00 0.000000000000000000e+00 0.000000000000000000e+00 0.000000000000000000e+00
0.000000000000000000e+00 0.000000000000000000e+00 0.000000000000000000e+00 0.000000000000000000e+00 0.000000000000000000e+00
0.000000000000000000e+00 0.000000000000000000e+00 0.000000000000000000e+00 0.000000000000000000e+00 0.000000000000000000e+00
0.000000000000000000e+00 0.000000000000000000e+00 0.000000000000000000e+00 0.000000000000000000e+00 0.000000000000000000e+00
6.137148551002906372e-05 4.734135287232680233e-04 9.102375670065323762e-04 0.000000000000000000e+00 0.000000000000000000e+00
8.271403472876546602e-04 4.591076354224695073e-03 1.045608362031812295e-02 0.000000000000000000e+00 0.000000000000000000e+00
0.000000000000000000e+00 7.444111493103259397e-03 2.291677972045533945e-02 5.202650048175689636e-03 0.000000000000000000e+00
0.000000000000000000e+00 2.944766370370607584e-03 4.558680114217081997e-02 2.066336636356463224e-02 6.062983415812826099e-03
0.000000000000000000e+00 0.000000000000000000e+00 5.965354889895654183e-02 4.588813890950641655e-02 1.706576472012624746e-02
1.039262762978462179e-02 0.000000000000000000e+00 7.830805144298594311e-02 8.355092038426754908e-02 5.390942319073576544e-02
3.710891204289427925e-02 0.000000000000000000e+00 9.367172225793453377e-02 9.043028936620725600e-02 7.731940692104002921e-02
5.346887283969535554e-02 1.641854967028741688e-02 7.093217708806923150e-02 9.953296556818651275e-02 9.909916623768494359e-02
6.218579102513064477e-02 4.524974149658703843e-02 3.586908907883679803e-02 1.021059002542100691e-01 1.010577827240074639e-01
6.832974638740786644e-02 5.602583878466272510e-02 4.034638981309681544e-02 9.572848322177104907e-02 1.046688106585803163e-01
5.040154110955856470e-02 7.274362482041227262e-02 7.726122467770739355e-02 9.689928580552953363e-02 8.428111375881096323e-02
5.316075383882139932e-02 7.581796197994969400e-02 7.632884009754287158e-02 8.866415656768800169e-02 6.859068321012463942e-02
4.459067163366937925e-02 9.604091015428099787e-02 9.967509936156948580e-02 5.882275971730042963e-02 2.498007437645334561e-02
3.540808262827831870e-02 9.480161699814385057e-02 1.113691959844515522e-01 1.954708505906544228e-02 0.000000000000000000e+00
2.075526759455727580e-02 7.577921004159987595e-02 1.079169890729384934e-01 0.000000000000000000e+00 0.000000000000000000e+00
2.400336667452188447e-03 5.519245045374712028e-02 7.184827656591681599e-02 0.000000000000000000e+00 0.000000000000000000e+00
3.080975705309377754e-04 2.323734199171112111e-02 1.730533579369604794e-02 0.000000000000000000e+00 0.000000000000000000e+00
1.760599724877276321e-03 8.909429862141668779e-03 7.451548148112056152e-03 0.000000000000000000e+00 0.000000000000000000e+00
1.589841180649897642e-03 8.902014898767088291e-04 2.398537732245692531e-03 0.000000000000000000e+00 0.000000000000000000e+00
0.000000000000000000e+00 0.000000000000000000e+00 0.000000000000000000e+00 0.000000000000000000e+00 0.000000000000000000e+00
0.000000000000000000e+00 0.000000000000000000e+00 0.000000000000000000e+00 0.000000000000000000e+00 0.000000000000000000e+00
0.000000000000000000e+00 0.000000000000000000e+00 0.000000000000000000e+00 0.000000000000000000e+00 0.000000000000000000e+00
0.000000000000000000e+00 0.000000000000000000e+00 0.000000000000000000e+00 0.000000000000000000e+00 0.000000000000000000e+00
0.000000000000000000e+00 0.000000000000000000e+00 0.000000000000000000e+00 0.000000000000000000e+00 0.000000000000000000e+00
0.000000000000000000e+00 0.000000000000000000e+00 0.000000000000000000e+00 0.000000000000000000e+00 0.000000000000000000e+00
0.000000000000000000e+00 0.000000000000000000e+00 0.000000000000000000e+00 0.000000000000000000e+00 0.000000000000000000e+00
0.000000000000000000e+00 0.000000000000000000e+00 0.000000000000000000e+00 0.000000000000000000e+00 0.000000000000000000e+00
0.000000000000000000e+00 0.000000000000000000e+00 0.000000000000000000e+00 0.000000000000000000e+00 0.000000000000000000e+00
6.137148551002906372e-05 4.734135287232680233e-04 9.102375670065323762e-04 0.000000000000000000e+00 0.000000000000000000e+00
0.000000000000000000e+00 4.985735899679389835e-03 1.497126870987698123e-02 1.000242590502355925e-03 0.000000000000000000e+00
0.000000000000000000e+00 7.990526099289267312e-03 3.072487958757749021e-02 6.425337293804561124e-03 1.623791307291762428e-03
0.000000000000000000e+00 8.788578600477171474e-03 4.374355876062238635e-02 2.269917902988882047e-02 2.620241430641135835e-02
0.000000000000000000e+00 9.677806992007735240e-03 4.120592232626427848e-02 4.392997152063065486e-02 6.450136744675863398e-02
0.000000000000000000e+00 1.690200015362165395e-02 4.202707476205898296e-02 5.356306604324045234e-02 1.010684045068939302e-01
1.146273249022856586e-02 4.527434977547697970e-02 4.314613371683758553e-02 5.104381615645185027e-02 1.245935525705470226e-01
3.626624406566265196e-02 7.594966445726841764e-02 2.417840896182023649e-02 4.669848814631290257e-02 1.312538431205640399e-01
4.181217726693114284e-02 8.260275631592135792e-02 2.176093507259546297e-02 4.621739874832592188e-02 1.277842311894872851e-01
4.366569302123373547e-02 8.377440530827141851e-02 2.382376791680195297e-02 4.960964687394621431e-02 1.182682135084584668e-01
5.099604979375159386e-02 6.466617579125022441e-02 2.943997434169428121e-02 6.102586023326896092e-02 1.215334880077498514e-01
4.997384081174333081e-02 3.856927536775637405e-02 5.354082385713723052e-02 8.500895424970333902e-02 1.088437777697887909e-01
5.351527202306562148e-02 3.134373146040446423e-02 9.308803618671530888e-02 8.242003043152013042e-02 7.845815914278647663e-02
6.374776603441879852e-02 6.035787486002502228e-02 1.329873495139599626e-01 4.667495809205192414e-02 1.754727414581076783e-02
3.638511088428183354e-02 5.906560660397924822e-02 1.603422579236675194e-01 5.997933009965527966e-03 0.000000000000000000e+00
5.254581922559039067e-03 3.572895569119607928e-02 1.337309014828882148e-01 3.692777513472154504e-04 0.000000000000000000e+00
4.620638249618630607e-04 1.796324256315852061e-02 6.809661794468079010e-02 0.000000000000000000e+00 0.000000000000000000e+00
2.843019184718860882e-03 6.190364030166288153e-03 1.700498789186937962e-02 0.000000000000000000e+00 0.000000000000000000e+00
3.094591086993492106e-03 1.449575494437565365e-03 5.750897977672724502e-03 1.299826275574259774e-04 0.000000000000000000e+00
5.122821582094113637e-04 2.868427022936059084e-04 7.728621581680566966e-04 0.000000000000000000e+00 0.000000000000000000e+00
0.000000000000000000e+00 0.000000000000000000e+00 0.000000000000000000e+00 0.000000000000000000e+00 0.000000000000000000e+00
0.000000000000000000e+00 0.000000000000000000e+00 0.000000000000000000e+00 0.000000000000000000e+00 0.000000000000000000e+00
0.000000000000000000e+00 0.000000000000000000e+00 0.000000000000000000e+00 0.000000000000000000e+00 0.000000000000000000e+00
0.000000000000000000e+00 0.000000000000000000e+00 0.000000000000000000e+00 0.000000000000000000e+00 0.000000000000000000e+00
0.000000000000000000e+00 0.000000000000000000e+00 0.000000000000000000e+00 0.000000000000000000e+00 0.000000000000000000e+00
0.000000000000000000e+00 0.000000000000000000e+00 0.000000000000000000e+00 0.000000000000000000e+00 0.000000000000000000e+00
0.000000000000000000e+00 0.000000000000000000e+00 0.000000000000000000e+00 0.000000000000000000e+00 0.000000000000000000e+00
0.000000000000000000e+00 0.000000000000000000e+00 0.000000000000000000e+00 0.000000000000000000e+00 0.000000000000000000e+00
0.000000000000000000e+00 0.000000000000000000e+00 0.000000000000000000e+00 0.000000000000000000e+00 0.000000000000000000e+00
0.000000000000000000e+00 1.803642750930251840e-03 7.198226854524742042e-03 1.504048692903001269e-03 2.492552713098425670e-03
0.000000000000000000e+00 5.086363216085943405e-03 2.953853959713963889e-02 3.738820787065864210e-03 2.329140282055150446e-02
0.000000000000000000e+00 9.897504204238008127e-03 1.950761031190310218e-02 2.820316617496309956e-03 6.491530800030111126e-02
0.000000000000000000e+00 2.355939849802365926e-02 1.657314240850690790e-02 9.686504784954795902e-03 9.450700088881529293e-02
0.000000000000000000e+00 3.273088669901611653e-02 1.716070688835137290e-02 1.273138671523932515e-02 1.058136645955909255e-01
0.000000000000000000e+00 4.849573881685003557e-02 1.606036001069222757e-02 4.223459527612243546e-03 1.201026192731204090e-01
1.154841681752088577e-03 6.786311076841412826e-02 0.000000000000000000e+00 0.000000000000000000e+00 1.324236032652381378e-01
1.622133926547437988e-02 6.346848566861099106e-02 0.000000000000000000e+00 0.000000000000000000e+00 1.220571281707263922e-01
1.801294274640634352e-02 5.873627958678644123e-02 0.000000000000000000e+00 0.000000000000000000e+00 1.105083003315201484e-01
2.344877475735756417e-02 4.364257466596347529e-02 0.000000000000000000e+00 1.704000571015759635e-02 1.158885638573539517e-01
3.272750360937643627e-02 1.825828770774352502e-02 0.000000000000000000e+00 7.233667806768064035e-02 1.205594277105454526e-01
5.439307655175396050e-02 1.073800643077144762e-02 1.260076147489962032e-03 9.400833620734998231e-02 1.091421597768159057e-01
7.524551551647024050e-02 4.347046206881162445e-02 5.265571279825272816e-02 6.858333819575272716e-02 4.773309562736741812e-02
6.838252915789977404e-02 5.165590204395367063e-02 1.483457658835404536e-01 1.352858317082417626e-02 0.000000000000000000e+00
2.792250815806868527e-02 2.075460472201381273e-02 1.627765077702300889e-01 0.000000000000000000e+00 0.000000000000000000e+00
0.000000000000000000e+00 4.030012424528292211e-03 1.253282065732235218e-01 0.000000000000000000e+00 0.000000000000000000e+00
1.461417800015693026e-03 7.790458521944933559e-03 5.108837689272373306e-02 0.000000000000000000e+00 0.000000000000000000e+00
3.530139540426048377e-03 2.643464482324441121e-03 9.523098135629888203e-03 0.000000000000000000e+00 0.000000000000000000e+00
3.833283735566975214e-03 2.146374703369396519e-03 5.783140976636834754e-03 0.000000000000000000e+00 0.000000000000000000e+00
0.000000000000000000e+00 0.000000000000000000e+00 0.000000000000000000e+00 0.000000000000000000e+00 0.000000000000000000e+00
0.000000000000000000e+00 0.000000000000000000e+00 0.000000000000000000e+00 0.000000000000000000e+00 0.000000000000000000e+00
0.000000000000000000e+00 0.000000000000000000e+00 0.000000000000000000e+00 0.000000000000000000e+00 0.000000000000000000e+00
0.000000000000000000e+00 0.000000000000000000e+00 0.000000000000000000e+00 0.000000000000000000e+00 0.000000000000000000e+00
0.000000000000000000e+00 0.000000000000000000e+00 0.000000000000000000e+00 0.000000000000000000e+00 0.000000000000000000e+00
0.000000000000000000e+00 0.000000000000000000e+00 0.000000000000000000e+00 0.000000000000000000e+00 0.000000000000000000e+00
0.000000000000000000e+00 0.000000000000000000e+00 0.000000000000000000e+00 0.000000000000000000e+00 0.000000000000000000e+00
5.143202923276122261e-05 5.699871046913799035e-04 5.129243310399514161e-04 0.000000000000000000e+00 0.000000000000000000e+00
2.425593861212153000e-03 5.984780286407791888e-03 3.919251836018300926e-03 0.000000000000000000e+00 0.000000000000000000e+00
4.779713376047901689e-03 8.467828768719612431e-03 9.385648001809330371e-03 0.000000000000000000e+00 0.000000000000000000e+00
0.000000000000000000e+00 8.313572447296224341e-03 6.689503229226402038e-03 9.386977950922079485e-04 2.540684352171763971e-02
0.000000000000000000e+00 7.114619199559290945e-03 1.261728438327306898e-03 4.242255843364786433e-04 6.432487737290891461e-02
0.000000000000000000e+00 1.186908911359314117e-02 3.732049675848941785e-04 0.000000000000000000e+00 7.358820009991839939e-02
0.000000000000000000e+00 2.435572953192812265e-02 0.000000000000000000e+00 0.000000000000000000e+00 6.877172938870403096e-02
0.000000000000000000e+00 2.361438039122580254e-02 0.000000000000000000e+00 0.000000000000000000e+00 6.097400443979739126e-02
0.000000000000000000e+00 2.760977628787594437e-02 0.000000000000000000e+00 0.000000000000000000e+00 4.954977766539176570e-02
0.000000000000000000e+00 1.911315661019358930e-02 0.000000000000000000e+00 0.000000000000000000e+00 5.486243356073319116e-02
0.000000000000000000e+00 1.490205511875585150e-02 0.000000000000000000e+00 0.000000000000000000e+00 6.677312432892411331e-02
0.000000000000000000e+00 2.238412640158626149e-02 0.000000000000000000e+00 1.435724580218662033e-02 8.860560314979976093e-02
3.028970628861614987e-04 9.719642857144545137e-03 0.000000000000000000e+00 7.547469457522065772e-02 1.099769242950862230e-01
3.848772799091493974e-02 2.879570260007419807e-02 0.000000000000000000e+00 1.024295978697931930e-01 1.126496936223944645e-01
9.063163647371837162e-02 3.970253056150558485e-02 0.000000000000000000e+00 7.825706441496069199e-02 6.092935507629030495e-02
9.666624137912943615e-02 4.986619791419123759e-02 7.211032731819078112e-02 1.599261703418075956e-02 0.000000000000000000e+00
5.952442126317947918e-02 1.436689927900016393e-02 1.470269143976190018e-01 0.000000000000000000e+00 0.000000000000000000e+00
0.000000000000000000e+00 0.000000000000000000e+00 1.437370363851242228e-01 0.000000000000000000e+00 0.000000000000000000e+00
0.000000000000000000e+00 3.819170928589824595e-03 7.837106564521550967e-02 0.000000000000000000e+00 0.000000000000000000e+00
3.752095323441069063e-03 3.634420288211414121e-03 1.803654738743774508e-02 0.000000000000000000e+00 0.000000000000000000e+00
4.469220207826928720e-03 2.502455299320077622e-03 6.742556069535116624e-03 0.000000000000000000e+00 0.000000000000000000e+00
0.000000000000000000e+00 0.000000000000000000e+00 0.000000000000000000e+00 0.000000000000000000e+00 0.000000000000000000e+00
0.000000000000000000e+00 0.000000000000000000e+00 0.000000000000000000e+00 0.000000000000000000e+00 0.000000000000000000e+00
0.000000000000000000e+00 0.000000000000000000e+00 0.000000000000000000e+00 0.000000000000000000e+00 0.000000000000000000e+00
0.000000000000000000e+00 0.000000000000000000e+00 0.000000000000000000e+00 0.000000000000000000e+00 0.000000000000000000e+00
0.000000000000000000e+00 0.000000000000000000e+00 0.000000000000000000e+00 0.000000000000000000e+00 0.000000000000000000e+00
0.000000000000000000e+00 0.000000000000000000e+00 0.000000000000000000e+00 0.000000000000000000e+00 0.000000000000000000e+00
4.486708035431122830e-04 1.749752805581404136e-03 0.000000000000000000e+00 1.880152817522120047e-03 0.000000000000000000e+00
3.243668727711989958e-03 1.541667436143089216e-02 1.556950399800720482e-02 7.512248977844823358e-03 0.000000000000000000e+00
1.005534847762630871e-02 2.601486078394125989e-02 2.233365275029977268e-02 5.691192277503543881e-03 0.000000000000000000e+00
1.170251173195198044e-02 1.431197356777808016e-02 1.751907363111514931e-02 0.000000000000000000e+00 0.000000000000000000e+00
1.256588546290656611e-02 1.034725784311006820e-02 8.337862981793946193e-03 0.000000000000000000e+00 3.982280031250316939e-03
3.803891318219755884e-03 9.417986095034917154e-03 0.000000000000000000e+00 0.000000000000000000e+00 2.312208684113908203e-02
9.687738792757954326e-04 1.206916180172969318e-02 4.271753141270880180e-04 0.000000000000000000e+00 2.165776271300106845e-02
3.561175845834770905e-03 9.387676763968087756e-03 7.982235363454576182e-03 0.000000000000000000e+00 5.227989467466683145e-03
2.096511578621563111e-03 5.256251164287779540e-03 2.498124651191921397e-02 0.000000000000000000e+00 0.000000000000000000e+00
2.121729308104379399e-03 4.066275768726976443e-03 1.140567852957396870e-02 0.000000000000000000e+00 0.000000000000000000e+00
0.000000000000000000e+00 2.496868683222320368e-04 1.193104568261611070e-02 0.000000000000000000e+00 5.306041786809234141e-03
0.000000000000000000e+00 0.000000000000000000e+00 1.471432688294404927e-02 4.202628146440239194e-03 1.767191092040823128e-02
0.000000000000000000e+00 7.287449008306328378e-03 0.000000000000000000e+00 3.819496120826202518e-02 5.787189199185767408e-02
0.000000000000000000e+00 1.618217301168268368e-02 0.000000000000000000e+00 9.554781680242610542e-02 8.645054694682931251e-02
1.949318981319576524e-02 4.132338646272243343e-02 0.000000000000000000e+00 1.116152712474667436e-01 1.012756995593917381e-01
9.257051954270696659e-02 4.499953556347082578e-02 0.000000000000000000e+00 7.588608429441062730e-02 7.385218553545438991e-02
1.312746373677184109e-01 4.037525277481263802e-02 3.142021226452692412e-02 8.127658542611992942e-03 2.337178263672600332e-03
8.034701640828356695e-02 1.518634772516236874e-02 1.084026993652646847e-01 0.000000000000000000e+00 0.000000000000000000e+00
4.374663441332024734e-03 0.000000000000000000e+00 1.529163899206664734e-01 0.000000000000000000e+00 5.138726740593822740e-04
0.000000000000000000e+00 2.256295889467275183e-04 1.084447895694947983e-01 0.000000000000000000e+00 0.000000000000000000e+00
9.832793363693575952e-04 2.861702910807901144e-03 3.003099790129674582e-02 0.000000000000000000e+00 0.000000000000000000e+00
4.469220207826928720e-03 2.502455299320077622e-03 6.742556069535116624e-03 0.000000000000000000e+00 0.000000000000000000e+00
0.000000000000000000e+00 0.000000000000000000e+00 0.000000000000000000e+00 0.000000000000000000e+00 0.000000000000000000e+00
0.000000000000000000e+00 0.000000000000000000e+00 0.000000000000000000e+00 0.000000000000000000e+00 0.000000000000000000e+00
0.000000000000000000e+00 0.000000000000000000e+00 0.000000000000000000e+00 0.000000000000000000e+00 0.000000000000000000e+00
0.000000000000000000e+00 0.000000000000000000e+00 0.000000000000000000e+00 0.000000000000000000e+00 0.000000000000000000e+00
0.000000000000000000e+00 0.000000000000000000e+00 0.000000000000000000e+00 0.000000000000000000e+00 0.000000000000000000e+00
0.000000000000000000e+00 0.000000000000000000e+00 0.000000000000000000e+00 0.000000000000000000e+00 0.000000000000000000e+00
3.652430845400832585e-03 9.538802645268249294e-03 2.095470894913975708e-03 7.756929624286533140e-03 0.000000000000000000e+00
3.752199635614708335e-03 2.467373992142499889e-02 1.729456259608991298e-02 2.013413219360632098e-02 0.000000000000000000e+00
6.322082310298302379e-03 3.171051739126162089e-02 2.168819914873882856e-02 2.831342762295125173e-02 0.000000000000000000e+00
1.494352160889007158e-02 1.163696957014168608e-02 2.559619680573758937e-02 1.245981791577362510e-02 0.000000000000000000e+00
2.656224986144604602e-02 1.399135294489579993e-03 1.952595319979492233e-02 6.268246601184194328e-03 0.000000000000000000e+00
1.524917800703074963e-02 1.332049358206238677e-04 1.005479992509351189e-02 0.000000000000000000e+00 0.000000000000000000e+00
8.683861595424001087e-03 2.131482349488042320e-03 1.289063322131789313e-02 0.000000000000000000e+00 0.000000000000000000e+00
1.224785804898114935e-02 1.397358527636467741e-03 2.336452914685120674e-02 0.000000000000000000e+00 0.000000000000000000e+00
1.878955561319378209e-03 2.214916845457346860e-03 4.301637087268230658e-02 0.000000000000000000e+00 0.000000000000000000e+00
0.000000000000000000e+00 4.524255358424825006e-03 3.534645272952634254e-02 7.930287740748911919e-04 0.000000000000000000e+00
0.000000000000000000e+00 4.924095793651456048e-03 3.239215709656681486e-02 2.775595862704611366e-03 0.000000000000000000e+00
0.000000000000000000e+00 1.945795585755968546e-02 2.896575401855181267e-02 2.117897910566070643e-02 1.942387244974077328e-03
0.000000000000000000e+00 2.638700535719693679e-02 3.468272457660470827e-03 7.524370641118928449e-02 2.730104187751827491e-02
0.000000000000000000e+00 3.725886209817379918e-02 0.000000000000000000e+00 1.157926406653486257e-01 8.529502357991748662e-02
3.134956943274239821e-02 4.574371763279341807e-02 0.000000000000000000e+00 1.111277865306525697e-01 9.168002945846302765e-02
1.144937204107829981e-01 4.329472209864179688e-02 0.000000000000000000e+00 5.333109943828977240e-02 5.581795726526344453e-02
1.463647311261596640e-01 3.718834767253993007e-02 2.944579717162371796e-02 0.000000000000000000e+00 0.000000000000000000e+00
7.493273804262819138e-02 1.291623163300501843e-02 1.102397723902921317e-01 0.000000000000000000e+00 0.000000000000000000e+00
0.000000000000000000e+00 0.000000000000000000e+00 1.592319043307151571e-01 0.000000000000000000e+00 9.203433764800816007e-04
0.000000000000000000e+00 0.000000000000000000e+00 1.135174565891940851e-01 0.000000000000000000e+00 0.000000000000000000e+00
8.071055143127849789e-04 1.483585274022535287e-03 2.604134913873148299e-02 0.000000000000000000e+00 0.000000000000000000e+00
4.469220207826928720e-03 2.502455299320077622e-03 6.742556069535116624e-03 0.000000000000000000e+00 0.000000000000000000e+00
0.000000000000000000e+00 0.000000000000000000e+00 0.000000000000000000e+00 0.000000000000000000e+00 0.000000000000000000e+00
0.000000000000000000e+00 0.000000000000000000e+00 0.000000000000000000e+00 0.000000000000000000e+00 0.000000000000000000e+00
0.000000000000000000e+00 0.000000000000000000e+00 0.000000000000000000e+00 0.000000000000000000e+00 0.000000000000000000e+00
0.000000000000000000e+00 0.000000000000000000e+00 0.000000000000000000e+00 0.000000000000000000e+00 0.000000000000000000e+00
0.000000000000000000e+00 0.000000000000000000e+00 0.000000000000000000e+00 0.000000000000000000e+00 0.000000000000000000e+00
0.000000000000000000e+00 0.000000000000000000e+00 0.000000000000000000e+00 1.091748794369319046e-03 0.000000000000000000e+00
8.263472812523412273e-03 1.344018409453807614e-02 4.173343203725606194e-04 1.453134330693244512e-02 0.000000000000000000e+00
4.299525100022054229e-03 3.411494706630110313e-02 7.566788550483623602e-03 5.398553437267560040e-02 0.000000000000000000e+00
1.303788962757488137e-02 4.836157957127548701e-02 1.504722553851043330e-02 6.618436287971289633e-02 0.000000000000000000e+00
2.394384456215295845e-02 2.360110878176296945e-02 2.588228152962386563e-02 5.205850939866694255e-02 0.000000000000000000e+00
3.205699233992858471e-02 6.495940595429928847e-03 3.502908473286996116e-02 2.050120440626034338e-02 0.000000000000000000e+00
2.971496009045548545e-02 9.658015097460528192e-03 2.876051230544470275e-02 5.012277397814010995e-04 0.000000000000000000e+00
1.736094898050111537e-02 6.604610448025406179e-03 3.302468136175663177e-02 0.000000000000000000e+00 0.000000000000000000e+00
9.391809698053046884e-03 5.774031869958499985e-03 4.260378466301013856e-02 0.000000000000000000e+00 0.000000000000000000e+00
0.000000000000000000e+00 1.195386920732243417e-02 4.480834398674315294e-02 1.550818058064753991e-03 0.000000000000000000e+00
0.000000000000000000e+00 1.793759580392838629e-02 5.112313091522915909e-02 8.022365843493802634e-03 0.000000000000000000e+00
0.000000000000000000e+00 2.920945761356187609e-02 6.345235601108034640e-02 2.451040287125709136e-02 0.000000000000000000e+00
0.000000000000000000e+00 3.674189827239244394e-02 6.197500749560166944e-02 6.841934322207880725e-02 2.812432016855610784e-04
0.000000000000000000e+00 4.644845437326065862e-02 3.507685851948962041e-02 1.087780469020361296e-01 3.362114379613675985e-02
5.800085160227090239e-03 5.477159880467245140e-02 0.000000000000000000e+00 1.178227415222995733e-01 7.380136198779392587e-02
6.641690909001018994e-02 5.117400766494135944e-02 0.000000000000000000e+00 8.847046308559365635e-02 7.488839693259367880e-02
1.366307142647590345e-01 4.860333921435316257e-02 1.325990546939995011e-02 1.699548892671804909e-02 2.590548415956252237e-02
1.310264081194832675e-01 2.379570557792467719e-02 8.675443128378754198e-02 0.000000000000000000e+00 0.000000000000000000e+00
5.098982180606324160e-02 1.151932715836917129e-03 1.437971363208150888e-01 0.000000000000000000e+00 0.000000000000000000e+00
0.000000000000000000e+00 0.000000000000000000e+00 1.563886360391145980e-01 0.000000000000000000e+00 0.000000000000000000e+00
0.000000000000000000e+00 0.000000000000000000e+00 8.787996296470315660e-02 0.000000000000000000e+00 0.000000000000000000e+00
1.221880138502872424e-03 6.396658746343535313e-04 1.731933327176632051e-02 0.000000000000000000e+00 0.000000000000000000e+00
4.469220207826928720e-03 2.502455299320077622e-03 6.742556069535116624e-03 0.000000000000000000e+00 0.000000000000000000e+00
0.000000000000000000e+00 0.000000000000000000e+00 0.000000000000000000e+00 0.000000000000000000e+00 0.000000000000000000e+00
0.000000000000000000e+00 0.000000000000000000e+00 0.000000000000000000e+00 0.000000000000000000e+00 0.000000000000000000e+00
0.000000000000000000e+00 0.000000000000000000e+00 0.000000000000000000e+00 0.000000000000000000e+00 0.000000000000000000e+00
0.000000000000000000e+00 0.000000000000000000e+00 0.000000000000000000e+00 0.000000000000000000e+00 0.000000000000000000e+00
0.000000000000000000e+00 0.000000000000000000e+00 0.000000000000000000e+00 0.000000000000000000e+00 0.000000000000000000e+00
0.000000000000000000e+00 0.000000000000000000e+00 0.000000000000000000e+00 3.657346113896101439e-03 1.224001769023458201e-04
5.973216580896033474e-03 1.282293417256664264e-02 0.000000000000000000e+00 2.293344427254965373e-02 0.000000000000000000e+00
1.155768924245807565e-02 5.066349275520658918e-02 0.000000000000000000e+00 6.633441554692050268e-02 0.000000000000000000e+00
1.441944466834031539e-02 7.340834160508503958e-02 2.189383988154434621e-03 9.164500707154550618e-02 0.000000000000000000e+00
3.138815748151931040e-02 6.037488368190050553e-02 1.675111463036087905e-02 8.824507949342122459e-02 0.000000000000000000e+00
4.935330608960946525e-02 3.468727847805894160e-02 2.640279363094021753e-02 5.272546226534981922e-02 0.000000000000000000e+00
5.900640454755033681e-02 1.447237800678965493e-02 3.746519147666155236e-02 1.553271756581715325e-02 0.000000000000000000e+00
5.020496472402197208e-02 8.576885667373261926e-03 5.669756430525461910e-02 1.968255140695285201e-03 0.000000000000000000e+00
3.034276751656558857e-02 1.279716726799589969e-02 5.861479955833966832e-02 6.019552520780836920e-03 0.000000000000000000e+00
9.895860212857284996e-03 2.405077327929496314e-02 6.231186193845425492e-02 1.947568932482285353e-02 0.000000000000000000e+00
0.000000000000000000e+00 4.056248128879320902e-02 7.267316453688024702e-02 4.538642738329721343e-02 0.000000000000000000e+00
0.000000000000000000e+00 5.112681381397247288e-02 8.257134373297619900e-02 8.273990297045324960e-02 0.000000000000000000e+00
0.000000000000000000e+00 6.675124879651291032e-02 7.323925145153857563e-02 1.122742933089874162e-01 0.000000000000000000e+00
4.030851765533202159e-03 7.364719563030894256e-02 4.057990553374914156e-02 1.170994045400005207e-01 4.638617569977283861e-02
5.133198357198118927e-02 5.454035918403657424e-02 1.299265151175886882e-02 9.555564981916020439e-02 8.110580233023248486e-02
1.143439838087702554e-01 5.007712039882130511e-02 2.056035250116762178e-02 3.646901757052576493e-02 5.471059202963592105e-02
1.420062227500184515e-01 2.810788070738107561e-02 7.794914667039010148e-02 0.000000000000000000e+00 1.897578267629252899e-02
8.943419792873551211e-02 5.540525629994229664e-03 1.304698691115772635e-01 0.000000000000000000e+00 0.000000000000000000e+00
3.306761157333383550e-02 0.000000000000000000e+00 1.378757697647434721e-01 0.000000000000000000e+00 4.883482960321327421e-03
7.694586980280590646e-04 0.000000000000000000e+00 1.072049485574067818e-01 0.000000000000000000e+00 0.000000000000000000e+00
0.000000000000000000e+00 0.000000000000000000e+00 5.153316735000399579e-02 9.982203513827787433e-05 0.000000000000000000e+00
1.140639044239697558e-03 4.224719327375348337e-04 1.532553189758445802e-02 0.000000000000000000e+00 0.000000000000000000e+00
2.932373733198700375e-03 1.641927192439261631e-03 4.423969595030942739e-03 0.000000000000000000e+00 0.000000000000000000e+00
0.000000000000000000e+00 0.000000000000000000e+00 0.000000000000000000e+00 0.000000000000000000e+00 0.000000000000000000e+00
0.000000000000000000e+00 0.000000000000000000e+00 0.000000000000000000e+00 0.000000000000000000e+00 0.000000000000000000e+00
0.000000000000000000e+00 0.000000000000000000e+00 0.000000000000000000e+00 0.000000000000000000e+00 0.000000000000000000e+00
0.000000000000000000e+00 0.000000000000000000e+00 0.000000000000000000e+00 0.000000000000000000e+00 0.000000000000000000e+00
0.000000000000000000e+00 0.000000000000000000e+00 0.000000000000000000e+00 0.000000000000000000e+00 0.000000000000000000e+00
0.000000000000000000e+00 0.000000000000000000e+00 0.000000000000000000e+00 7.788705143860109523e-03 4.289824062293533854e-04
4.009438295069223113e-03 1.543598059699704053e-02 1.322231941529899936e-03 2.053277320283414947e-02 0.000000000000000000e+00
1.026007434030376878e-02 6.357858395938964513e-02 0.000000000000000000e+00 5.281155251864146083e-02 0.000000000000000000e+00
1.769880963389004747e-02 1.035022658565221687e-01 0.000000000000000000e+00 8.705338918340409238e-02 0.000000000000000000e+00
3.193443259069420753e-02 1.077982716767456189e-01 1.246666901585533581e-02 1.066272971664767866e-01 0.000000000000000000e+00
5.718901290792101355e-02 9.084077038272235505e-02 2.416860740117353010e-02 1.029486666709650000e-01 0.000000000000000000e+00
8.300606450987127460e-02 5.634337633029665171e-02 4.361577043977293844e-02 9.394870879564670707e-02 0.000000000000000000e+00
8.970220445691512445e-02 4.484788491484872908e-02 6.382009661666213085e-02 8.552872417132213745e-02 0.000000000000000000e+00
7.762901769981128686e-02 5.627075933892714682e-02 6.359246874412508022e-02 8.233450865971880805e-02 0.000000000000000000e+00
5.375189725350248277e-02 7.651373021879023795e-02 4.918936661133240656e-02 9.265418228207455975e-02 0.000000000000000000e+00
5.077638929959897574e-02 7.821461977369999208e-02 3.642294183857593126e-02 1.072773635137735382e-01 0.000000000000000000e+00
6.160786985902912127e-02 9.071140939446425966e-02 2.116605121154096700e-02 1.091024991779917797e-01 0.000000000000000000e+00
6.898205401701901218e-02 8.090510174457288262e-02 1.933052237135879023e-02 1.071813005176125155e-01 1.910346569202639455e-02
9.416576742007050360e-02 5.960995124526469180e-02 1.342037228900533168e-02 8.056784158247363992e-02 6.118300830601919316e-02
1.308289135150922100e-01 3.399231113763876572e-02 2.337861609571612737e-02 3.273236684004206254e-02 7.610517737817298900e-02
1.406221706009581907e-01 2.712393250728896421e-02 4.961291678248110765e-02 0.000000000000000000e+00 4.628092673551147118e-02
9.570298413634385770e-02 2.051544540843340254e-04 7.982280189557076910e-02 0.000000000000000000e+00 2.666359747055922075e-02
5.371476773916280395e-02 0.000000000000000000e+00 9.441886217495672196e-02 0.000000000000000000e+00 1.425586833230313086e-02
2.343889238625280688e-02 0.000000000000000000e+00 7.149538520064160907e-02 0.000000000000000000e+00 6.867740785552854318e-03
0.000000000000000000e+00 0.000000000000000000e+00 6.112752149009685609e-02 0.000000000000000000e+00 5.366047528680967368e-04
0.000000000000000000e+00 0.000000000000000000e+00 3.239449872239684447e-02 0.000000000000000000e+00 3.787787826183314395e-04
0.000000000000000000e+00 0.000000000000000000e+00 1.180767655695744156e-02 0.000000000000000000e+00 9.961986224868316173e-04
0.000000000000000000e+00 0.000000000000000000e+00 0.000000000000000000e+00 0.000000000000000000e+00 0.000000000000000000e+00
0.000000000000000000e+00 0.000000000000000000e+00 0.000000000000000000e+00 0.000000000000000000e+00 0.000000000000000000e+00
0.000000000000000000e+00 0.000000000000000000e+00 0.000000000000000000e+00 0.000000000000000000e+00 0.000000000000000000e+00
0.000000000000000000e+00 0.000000000000000000e+00 0.000000000000000000e+00 0.000000000000000000e+00 0.000000000000000000e+00
0.000000000000000000e+00 0.000000000000000000e+00 0.000000000000000000e+00 0.000000000000000000e+00 0.000000000000000000e+00
0.000000000000000000e+00 0.000000000000000000e+00 0.000000000000000000e+00 0.000000000000000000e+00 0.000000000000000000e+00
1.328329252603650291e-03 0.000000000000000000e+00 0.000000000000000000e+00 3.023558444615962945e-03 0.000000000000000000e+00
1.083016779910627413e-03 1.578240922106278338e-02 4.224464991032165009e-03 1.218082389295553278e-02 0.000000000000000000e+00
0.000000000000000000e+00 6.263440886384138984e-02 6.781231843381228981e-03 2.231477054109846231e-02 0.000000000000000000e+00
6.045796797965826211e-03 1.038923193559796454e-01 1.182747506143768876e-02 4.879766708271876530e-02 0.000000000000000000e+00
9.544234793164758229e-03 1.094840008173777329e-01 1.156298340300073411e-02 8.890703241521756561e-02 0.000000000000000000e+00
2.787831758622219894e-02 1.085756590145835893e-01 1.000977268614460826e-02 1.075162264663106632e-01 0.000000000000000000e+00
6.395306781710644040e-02 9.768399201470324977e-02 2.168961709429593349e-02 1.082023374914603542e-01 0.000000000000000000e+00
9.385041382258661746e-02 9.251534222766251425e-02 1.848893540598701285e-02 1.038078651552749032e-01 0.000000000000000000e+00
1.047077469534704180e-01 9.068978864117846483e-02 1.490936207172727582e-02 1.007568910615939811e-01 1.396078196171181599e-04
1.111044201704706746e-01 9.068327642443956005e-02 8.641395709782144583e-04 9.898776611101325895e-02 6.739823035980320107e-03
1.163419362153614162e-01 7.800429683032740480e-02 0.000000000000000000e+00 9.366195747660334414e-02 1.543024917803981384e-02
1.239480994469690511e-01 5.673721270707684367e-02 0.000000000000000000e+00 8.216056910435048932e-02 4.725037544059747241e-02
1.387334135475276065e-01 3.557516918918657983e-02 0.000000000000000000e+00 5.810802292520277773e-02 8.012814949282554000e-02
1.484707770009444927e-01 1.795216503623574267e-02 0.000000000000000000e+00 1.778174854756959383e-02 1.013365073930902055e-01
1.334230458988912016e-01 1.452345418359155980e-03 9.128060393153031304e-03 0.000000000000000000e+00 7.550093622916556613e-02
8.975218980978519334e-02 0.000000000000000000e+00 4.880512953205899673e-02 0.000000000000000000e+00 5.272326013869079592e-02
5.039485583731267981e-02 0.000000000000000000e+00 6.482415411739915478e-02 0.000000000000000000e+00 2.512248037090877503e-02
2.126119913655202115e-02 0.000000000000000000e+00 4.780973833461079486e-02 0.000000000000000000e+00 1.085613779638520439e-02
7.308008626699583456e-04 0.000000000000000000e+00 4.453394333393845272e-02 0.000000000000000000e+00 4.580083682134179421e-03
0.000000000000000000e+00 0.000000000000000000e+00 3.835932458098623155e-02 0.000000000000000000e+00 3.391637186081759240e-03
0.000000000000000000e+00 0.000000000000000000e+00 1.995543492381206610e-02 1.072822364317650885e-03 5.018357738399375698e-03
0.000000000000000000e+00 0.000000000000000000e+00 4.943502632153162074e-03 3.828568764499015818e-04 1.694725727727167596e-03
0.000000000000000000e+00 0.000000000000000000e+00 0.000000000000000000e+00 0.000000000000000000e+00 0.000000000000000000e+00
0.000000000000000000e+00 0.000000000000000000e+00 0.000000000000000000e+00 0.000000000000000000e+00 0.000000000000000000e+00
0.000000000000000000e+00 0.000000000000000000e+00 0.000000000000000000e+00 0.000000000000000000e+00 0.000000000000000000e+00
0.000000000000000000e+00 0.000000000000000000e+00 0.000000000000000000e+00 0.000000000000000000e+00 0.000000000000000000e+00
0.000000000000000000e+00 0.000000000000000000e+00 0.000000000000000000e+00 0.000000000000000000e+00 0.000000000000000000e+00
0.000000000000000000e+00 0.000000000000000000e+00 0.000000000000000000e+00 0.000000000000000000e+00 0.000000000000000000e+00
6.847452667155523717e-04 0.000000000000000000e+00 4.011800959076651285e-05 2.798297962825612578e-04 0.000000000000000000e+00
0.000000000000000000e+00 8.625108580723100937e-03 2.754795748903950993e-03 4.222564345658042818e-03 0.000000000000000000e+00
0.000000000000000000e+00 5.040813084545778949e-02 7.561094485828014078e-03 5.698784162099046133e-03 9.164643522783616188e-05
0.000000000000000000e+00 8.648441414515889436e-02 2.324356564638919639e-02 1.146752837384568992e-02 0.000000000000000000e+00
0.000000000000000000e+00 1.145743950260897509e-01 2.322224537966657149e-02 2.698930928182022293e-02 0.000000000000000000e+00
0.000000000000000000e+00 1.281455586282476689e-01 7.171429679639038622e-03 5.102480170359350448e-02 5.892194852493913256e-04
2.038876226918082471e-02 1.240739942246191913e-01 0.000000000000000000e+00 7.238656816170539743e-02 6.090111611963801297e-03
5.450567978228384319e-02 1.015342200440935427e-01 0.000000000000000000e+00 8.280759311323311611e-02 3.394432803990925229e-02
8.905846173762331508e-02 7.496505816956092194e-02 0.000000000000000000e+00 7.736570181998347895e-02 5.549986404520031169e-02
1.106638248057164459e-01 4.787082059555167191e-02 0.000000000000000000e+00 6.176464296258016295e-02 7.210188135386728925e-02
1.214155917077019420e-01 1.505834931899979745e-02 0.000000000000000000e+00 4.590290595573087717e-02 9.806875699696483706e-02
1.163848581920260278e-01 6.206667306162422584e-03 0.000000000000000000e+00 1.673387197995379258e-02 1.186350007584465460e-01
1.004177206818824969e-01 0.000000000000000000e+00 0.000000000000000000e+00 0.000000000000000000e+00 1.235218417802839141e-01
6.987373340465051486e-02 0.000000000000000000e+00 1.906666308960465461e-02 0.000000000000000000e+00 1.052227184018655753e-01
5.022817972320180874e-02 0.000000000000000000e+00 4.541944064034752343e-02 0.000000000000000000e+00 6.062361256252806613e-02
3.032051794987237342e-02 0.000000000000000000e+00 4.713503613007536536e-02 0.000000000000000000e+00 2.648975542408670350e-02
7.762582146521654694e-03 0.000000000000000000e+00 3.984631520064994825e-02 0.000000000000000000e+00 1.474009560921172787e-02
0.000000000000000000e+00 0.000000000000000000e+00 4.597365238436059570e-02 0.000000000000000000e+00 8.025860899178220709e-03
0.000000000000000000e+00 0.000000000000000000e+00 3.822496728484724160e-02 4.780731750656253009e-05 7.003270759803732759e-03
0.000000000000000000e+00 0.000000000000000000e+00 3.415609013191012872e-02 6.722246709353561214e-04 6.392039252798100563e-03
0.000000000000000000e+00 0.000000000000000000e+00 6.854914672501944035e-03 5.005905601662938601e-04 2.233151380157569546e-03
0.000000000000000000e+00 0.000000000000000000e+00 0.000000000000000000e+00 0.000000000000000000e+00 0.000000000000000000e+00
0.000000000000000000e+00 0.000000000000000000e+00 0.000000000000000000e+00 0.000000000000000000e+00 0.000000000000000000e+00
0.000000000000000000e+00 0.000000000000000000e+00 0.000000000000000000e+00 0.000000000000000000e+00 0.000000000000000000e+00
0.000000000000000000e+00 0.000000000000000000e+00 0.000000000000000000e+00 0.000000000000000000e+00 0.000000000000000000e+00
0.000000000000000000e+00 0.000000000000000000e+00 0.000000000000000000e+00 0.000000000000000000e+00 0.000000000000000000e+00
0.000000000000000000e+00 0.000000000000000000e+00 0.000000000000000000e+00 0.000000000000000000e+00 0.000000000000000000e+00
0.000000000000000000e+00 0.000000000000000000e+00 0.000000000000000000e+00 0.000000000000000000e+00 0.000000000000000000e+00
0.000000000000000000e+00 0.000000000000000000e+00 0.000000000000000000e+00 0.000000000000000000e+00 0.000000000000000000e+00
0.000000000000000000e+00 8.838098867388606214e-03 0.000000000000000000e+00 9.247596598030287688e-04 6.817066698728447595e-03
0.000000000000000000e+00 3.302204429284478354e-02 0.000000000000000000e+00 9.100508236023709032e-04 1.752615078486613118e-02
0.000000000000000000e+00 4.766004162532164884e-02 7.968286272406234494e-03 0.000000000000000000e+00 2.978981126472917199e-02
0.000000000000000000e+00 5.265771280544271488e-02 9.027934082698498702e-03 0.000000000000000000e+00 4.423338671098684532e-02
0.000000000000000000e+00 5.700863515527336556e-02 3.918159675191398665e-05 0.000000000000000000e+00 6.121264186083616443e-02
0.000000000000000000e+00 6.447739284935045945e-02 0.000000000000000000e+00 0.000000000000000000e+00 7.369249919439921359e-02
0.000000000000000000e+00 5.328758575835924188e-02 0.000000000000000000e+00 0.000000000000000000e+00 9.303349739275025565e-02
1.363628984350334509e-03 3.113112591027954179e-02 0.000000000000000000e+00 0.000000000000000000e+00 1.105479901775159313e-01
8.146030327458995968e-03 9.725951082849260479e-03 0.000000000000000000e+00 0.000000000000000000e+00 1.223252339529823512e-01
1.294776825963653288e-02 0.000000000000000000e+00 1.488420489515055421e-02 0.000000000000000000e+00 1.355580523299035056e-01
1.553409393076807428e-02 0.000000000000000000e+00 3.123551267882393456e-02 0.000000000000000000e+00 1.195727763435581320e-01
1.573455029694903473e-02 0.000000000000000000e+00 3.594039899515980019e-02 0.000000000000000000e+00 8.924137091512783504e-02
1.351975202879717244e-02 0.000000000000000000e+00 4.481355109515875595e-02 0.000000000000000000e+00 4.804461427159290726e-02
3.767913404928836460e-03 0.000000000000000000e+00 4.594173442949694985e-02 0.000000000000000000e+00 2.308193970545651189e-02
0.000000000000000000e+00 0.000000000000000000e+00 3.941650958480173716e-02 0.000000000000000000e+00 9.357739202875319309e-03
0.000000000000000000e+00 0.000000000000000000e+00 4.105740914051619894e-02 2.410338936844123696e-04 9.218217210566237094e-03
0.000000000000000000e+00 0.000000000000000000e+00 4.181793620550094265e-02 1.524067360683134553e-04 9.681776077168023284e-03
0.000000000000000000e+00 0.000000000000000000e+00 3.306160259506851079e-02 5.624964696519595781e-04 7.461239427291274998e-03
0.000000000000000000e+00 0.000000000000000000e+00 1.993090725506036290e-02 1.028736496965475212e-03 5.066995586946920239e-03
0.000000000000000000e+00 0.000000000000000000e+00 2.689250303074568280e-03 2.022132790865658930e-04 8.985571367587585293e-04
0.000000000000000000e+00 0.000000000000000000e+00 0.000000000000000000e+00 0.000000000000000000e+00 0.000000000000000000e+00
0.000000000000000000e+00 0.000000000000000000e+00 0.000000000000000000e+00 0.000000000000000000e+00 0.000000000000000000e+00
0.000000000000000000e+00 0.000000000000000000e+00 0.000000000000000000e+00 0.000000000000000000e+00 0.000000000000000000e+00
0.000000000000000000e+00 0.000000000000000000e+00 0.000000000000000000e+00 0.000000000000000000e+00 0.000000000000000000e+00
0.000000000000000000e+00 0.000000000000000000e+00 0.000000000000000000e+00 0.000000000000000000e+00 0.000000000000000000e+00
0.000000000000000000e+00 0.000000000000000000e+00 0.000000000000000000e+00 0.000000000000000000e+00 0.000000000000000000e+00
0.000000000000000000e+00 0.000000000000000000e+00 0.000000000000000000e+00 0.000000000000000000e+00 0.000000000000000000e+00
0.000000000000000000e+00 0.000000000000000000e+00 0.000000000000000000e+00 0.000000000000000000e+00 0.000000000000000000e+00
0.000000000000000000e+00 1.155546456703388349e-03 0.000000000000000000e+00 0.000000000000000000e+00 3.508464444235166323e-04
0.000000000000000000e+00 1.058694524134424012e-02 0.000000000000000000e+00 0.000000000000000000e+00 5.634901344228076051e-03
0.000000000000000000e+00 1.027405263392807550e-02 0.000000000000000000e+00 0.000000000000000000e+00 1.104686308278030570e-02
0.000000000000000000e+00 1.114399006540339222e-02 0.000000000000000000e+00 0.000000000000000000e+00 1.830909330663263793e-02
0.000000000000000000e+00 8.152076330292650289e-03 0.000000000000000000e+00 0.000000000000000000e+00 3.003597516871527734e-02
0.000000000000000000e+00 0.000000000000000000e+00 0.000000000000000000e+00 1.715071584086068010e-03 4.439853917224335922e-02
0.000000000000000000e+00 0.000000000000000000e+00 0.000000000000000000e+00 2.741659089551094861e-03 5.106957852588612373e-02
0.000000000000000000e+00 0.000000000000000000e+00 0.000000000000000000e+00 1.713450772964123523e-03 5.055135136426999048e-02
0.000000000000000000e+00 0.000000000000000000e+00 0.000000000000000000e+00 1.930335833752861493e-03 4.937288405398702201e-02
0.000000000000000000e+00 0.000000000000000000e+00 0.000000000000000000e+00 1.221036688280616308e-03 4.287578634715395048e-02
0.000000000000000000e+00 0.000000000000000000e+00 0.000000000000000000e+00 5.148370162633129389e-04 2.639773498067767704e-02
0.000000000000000000e+00 0.000000000000000000e+00 7.693585723399562872e-04 0.000000000000000000e+00 5.052196016107853016e-03
0.000000000000000000e+00 0.000000000000000000e+00 3.246087263243163852e-04 0.000000000000000000e+00 0.000000000000000000e+00
0.000000000000000000e+00 0.000000000000000000e+00 3.246087263243163852e-04 0.000000000000000000e+00 0.000000000000000000e+00
0.000000000000000000e+00 0.000000000000000000e+00 3.311009008508027790e-03 0.000000000000000000e+00 0.000000000000000000e+00
0.000000000000000000e+00 0.000000000000000000e+00 1.438215505297245518e-02 0.000000000000000000e+00 2.143956027776695254e-03
0.000000000000000000e+00 7.311686087071207361e-05 6.588550025585587777e-03 0.000000000000000000e+00 2.069603062358951490e-03
0.000000000000000000e+00 1.021965594059629130e-05 1.073295855600076834e-03 0.000000000000000000e+00 3.311867549645671231e-04
0.000000000000000000e+00 0.000000000000000000e+00 0.000000000000000000e+00 0.000000000000000000e+00 0.000000000000000000e+00
0.000000000000000000e+00 0.000000000000000000e+00 0.000000000000000000e+00 0.000000000000000000e+00 0.000000000000000000e+00
0.000000000000000000e+00 0.000000000000000000e+00 0.000000000000000000e+00 0.000000000000000000e+00 0.000000000000000000e+00
0.000000000000000000e+00 0.000000000000000000e+00 0.000000000000000000e+00 0.000000000000000000e+00 0.000000000000000000e+00
0.000000000000000000e+00 0.000000000000000000e+00 0.000000000000000000e+00 0.000000000000000000e+00 0.000000000000000000e+00
0.000000000000000000e+00 0.000000000000000000e+00 0.000000000000000000e+00 0.000000000000000000e+00 0.000000000000000000e+00
0.000000000000000000e+00 0.000000000000000000e+00 0.000000000000000000e+00 0.000000000000000000e+00 0.000000000000000000e+00
0.000000000000000000e+00 0.000000000000000000e+00 0.000000000000000000e+00 0.000000000000000000e+00 0.000000000000000000e+00
0.000000000000000000e+00 0.000000000000000000e+00 0.000000000000000000e+00 0.000000000000000000e+00 0.000000000000000000e+00
0.000000000000000000e+00 0.000000000000000000e+00 0.000000000000000000e+00 0.000000000000000000e+00 0.000000000000000000e+00
0.000000000000000000e+00 0.000000000000000000e+00 0.000000000000000000e+00 0.000000000000000000e+00 0.000000000000000000e+00
0.000000000000000000e+00 0.000000000000000000e+00 0.000000000000000000e+00 0.000000000000000000e+00 0.000000000000000000e+00
0.000000000000000000e+00 0.000000000000000000e+00 0.000000000000000000e+00 0.000000000000000000e+00 0.000000000000000000e+00
0.000000000000000000e+00 0.000000000000000000e+00 0.000000000000000000e+00 0.000000000000000000e+00 0.000000000000000000e+00
0.000000000000000000e+00 0.000000000000000000e+00 0.000000000000000000e+00 0.000000000000000000e+00 0.000000000000000000e+00
0.000000000000000000e+00 0.000000000000000000e+00 0.000000000000000000e+00 0.000000000000000000e+00 0.000000000000000000e+00
0.000000000000000000e+00 0.000000000000000000e+00 0.000000000000000000e+00 0.000000000000000000e+00 0.000000000000000000e+00
0.000000000000000000e+00 0.000000000000000000e+00 0.000000000000000000e+00 0.000000000000000000e+00 0.000000000000000000e+00
0.000000000000000000e+00 0.000000000000000000e+00 0.000000000000000000e+00 0.000000000000000000e+00 0.000000000000000000e+00
0.000000000000000000e+00 0.000000000000000000e+00 0.000000000000000000e+00 0.000000000000000000e+00 0.000000000000000000e+00
0.000000000000000000e+00 0.000000000000000000e+00 0.000000000000000000e+00 0.000000000000000000e+00 0.000000000000000000e+00
0.000000000000000000e+00 0.000000000000000000e+00 0.000000000000000000e+00 0.000000000000000000e+00 0.000000000000000000e+00
0.000000000000000000e+00 0.000000000000000000e+00 0.000000000000000000e+00 0.000000000000000000e+00 0.000000000000000000e+00
0.000000000000000000e+00 0.000000000000000000e+00 0.000000000000000000e+00 0.000000000000000000e+00 0.000000000000000000e+00
0.000000000000000000e+00 0.000000000000000000e+00 0.000000000000000000e+00 0.000000000000000000e+00 0.000000000000000000e+00
0.000000000000000000e+00 0.000000000000000000e+00 0.000000000000000000e+00 0.000000000000000000e+00 0.000000000000000000e+00
0.000000000000000000e+00 0.000000000000000000e+00 0.000000000000000000e+00 0.000000000000000000e+00 0.000000000000000000e+00
0.000000000000000000e+00 0.000000000000000000e+00 0.000000000000000000e+00 0.000000000000000000e+00 0.000000000000000000e+00
0.000000000000000000e+00 0.000000000000000000e+00 0.000000000000000000e+00 0.000000000000000000e+00 0.000000000000000000e+00
0.000000000000000000e+00 0.000000000000000000e+00 0.000000000000000000e+00 0.000000000000000000e+00 0.000000000000000000e+00
0.000000000000000000e+00 0.000000000000000000e+00 0.000000000000000000e+00 0.000000000000000000e+00 0.000000000000000000e+00
0.000000000000000000e+00 0.000000000000000000e+00 0.000000000000000000e+00 0.000000000000000000e+00 0.000000000000000000e+00
0.000000000000000000e+00 0.000000000000000000e+00 0.000000000000000000e+00 0.000000000000000000e+00 0.000000000000000000e+00
0.000000000000000000e+00 0.000000000000000000e+00 0.000000000000000000e+00 0.000000000000000000e+00 0.000000000000000000e+00
0.000000000000000000e+00 0.000000000000000000e+00 0.000000000000000000e+00 0.000000000000000000e+00 0.000000000000000000e+00
0.000000000000000000e+00 0.000000000000000000e+00 0.000000000000000000e+00 0.000000000000000000e+00 0.000000000000000000e+00
0.000000000000000000e+00 0.000000000000000000e+00 0.000000000000000000e+00 0.000000000000000000e+00 0.000000000000000000e+00
0.000000000000000000e+00 0.000000000000000000e+00 0.000000000000000000e+00 0.000000000000000000e+00 0.000000000000000000e+00
0.000000000000000000e+00 0.000000000000000000e+00 0.000000000000000000e+00 0.000000000000000000e+00 0.000000000000000000e+00
0.000000000000000000e+00 0.000000000000000000e+00 0.000000000000000000e+00 0.000000000000000000e+00 0.000000000000000000e+00
0.000000000000000000e+00 0.000000000000000000e+00 0.000000000000000000e+00 0.000000000000000000e+00 0.000000000000000000e+00
0.000000000000000000e+00 0.000000000000000000e+00 0.000000000000000000e+00 0.000000000000000000e+00 0.000000000000000000e+00
0.000000000000000000e+00 0.000000000000000000e+00 0.000000000000000000e+00 0.000000000000000000e+00 0.000000000000000000e+00
0.000000000000000000e+00 0.000000000000000000e+00 0.000000000000000000e+00 0.000000000000000000e+00 0.000000000000000000e+00
0.000000000000000000e+00 0.000000000000000000e+00 0.000000000000000000e+00 0.000000000000000000e+00 0.000000000000000000e+00
0.000000000000000000e+00 0.000000000000000000e+00 0.000000000000000000e+00 0.000000000000000000e+00 0.000000000000000000e+00
0.000000000000000000e+00 0.000000000000000000e+00 0.000000000000000000e+00 0.000000000000000000e+00 0.000000000000000000e+00
0.000000000000000000e+00 0.000000000000000000e+00 0.000000000000000000e+00 0.000000000000000000e+00 0.000000000000000000e+00
0.000000000000000000e+00 0.000000000000000000e+00 0.000000000000000000e+00 0.000000000000000000e+00 0.000000000000000000e+00
0.000000000000000000e+00 0.000000000000000000e+00 0.000000000000000000e+00 0.000000000000000000e+00 0.000000000000000000e+00
0.000000000000000000e+00 0.000000000000000000e+00 0.000000000000000000e+00 0.000000000000000000e+00 0.000000000000000000e+00
0.000000000000000000e+00 0.000000000000000000e+00 0.000000000000000000e+00 0.000000000000000000e+00 0.000000000000000000e+00
0.000000000000000000e+00 0.000000000000000000e+00 0.000000000000000000e+00 0.000000000000000000e+00 0.000000000000000000e+00
0.000000000000000000e+00 0.000000000000000000e+00 0.000000000000000000e+00 0.000000000000000000e+00 0.000000000000000000e+00
0.000000000000000000e+00 0.000000000000000000e+00 0.000000000000000000e+00 0.000000000000000000e+00 0.000000000000000000e+00
0.000000000000000000e+00 0.000000000000000000e+00 0.000000000000000000e+00 0.000000000000000000e+00 0.000000000000000000e+00
0.000000000000000000e+00 0.000000000000000000e+00 0.000000000000000000e+00 0.000000000000000000e+00 0.000000000000000000e+00
0.000000000000000000e+00 0.000000000000000000e+00 0.000000000000000000e+00 0.000000000000000000e+00 0.000000000000000000e+00
0.000000000000000000e+00 0.000000000000000000e+00 0.000000000000000000e+00 0.000000000000000000e+00 0.000000000000000000e+00
0.000000000000000000e+00 0.000000000000000000e+00 0.000000000000000000e+00 0.000000000000000000e+00 0.000000000000000000e+00
0.000000000000000000e+00 0.000000000000000000e+00 0.000000000000000000e+00 0.000000000000000000e+00 0.000000000000000000e+00
0.000000000000000000e+00 0.000000000000000000e+00 0.000000000000000000e+00 0.000000000000000000e+00 0.000000000000000000e+00
0.000000000000000000e+00 0.000000000000000000e+00 0.000000000000000000e+00 0.000000000000000000e+00 0.000000000000000000e+00
