0.000000000000000000e+00 0.000000000000000000e+00 0.000000000000000000e+00 0.000000000000000000e+00 0.000000000000000000e+00
0.000000000000000000e+00 0.000000000000000000e+00 0.000000000000000000e+00 0.000000000000000000e+00 0.000000000000000000e+00
0.000000000000000000e+00 0.000000000000000000e+00 0.000000000000000000e+00 0.000000000000000000e+00 0.000000000000000000e+00
0.000000000000000000e+00 0.000000000000000000e+00 0.000000000000000000e+00 0.000000000000000000e+00 0.000000000000000000e+00
0.000000000000000000e+00 0.000000000000000000e+00 0.000000000000000000e+00 0.000000000000000000e+00 0.000000000000000000e+00
0.000000000000000000e+00 0.000000000000000000e+00 0.000000000000000000e+00 0.000000000000000000e+00 0.000000000000000000e+00
0.000000000000000000e+00 0.000000000000000000e+00 0.000000000000000000e+00 0.000000000000000000e+00 0.000000000000000000e+00
0.000000000000000000e+00 0.000000000000000000e+00 0.000000000000000000e+00 0.000000000000000000e+00 0.000000000000000000e+00
0.000000000000000000e+00 0.000000000000000000e+00 0.000000000000000000e+00 0.000000000000000000e+00 0.000000000000000000e+00
0.000000000000000000e+00 0.000000000000000000e+00 0.000000000000000000e+00 0.000000000000000000e+00 0.000000000000000000e+00
0.000000000000000000e+00 0.000000000000000000e+00 0.000000000000000000e+00 0.000000000000000000e+00 0.000000000000000000e+00
0.000000000000000000e+00 0.000000000000000000e+00 0.000000000000000000e+00 0.000000000000000000e+00 0.000000000000000000e+00
0.000000000000000000e+00 0.000000000000000000e+00 0.000000000000000000e+00 0.000000000000000000e+00 0.000000000000000000e+00
0.000000000000000000e+00 0.000000000000000000e+00 0.000000000000000000e+00 0.000000000000000000e+00 0.000000000000000000e+00
0.000000000000000000e+00 0.000000000000000000e+00 0.000000000000000000e+00 0.000000000000000000e+00 0.000000000000000000e+00
0.000000000000000000e+00 0.000000000000000000e+00 0.000000000000000000e+00 0.000000000000000000e+00 0.000000000000000000e+00
0.000000000000000000e+00 0.000000000000000000e+00 0.000000000000000000e+00 0.000000000000000000e+00 0.000000000000000000e+00
0.000000000000000000e+00 0.000000000000000000e+00 0.000000000000000000e+00 0.000000000000000000e+00 0.000000000000000000e+00
0.000000000000000000e+00 0.000000000000000000e+00 0.000000000000000000e+00 0.000000000000000000e+00 0.000000000000000000e+00
0.000000000000000000e+00 0.000000000000000000e+00 0.000000000000000000e+00 0.000000000000000000e+00 0.000000000000000000e+00
0.000000000000000000e+00 0.000000000000000000e+00 0.000000000000000000e+00 0.000000000000000000e+00 0.000000000000000000e+00
0.000000000000000000e+00 0.000000000000000000e+00 0.000000000000000000e+00 0.000000000000000000e+00 0.000000000000000000e+00
0.000000000000000000e+00 0.000000000000000000e+00 0.000000000000000000e+00 0.000000000000000000e+00 0.000000000000000000e+00
0.000000000000000000e+00 0.000000000000000000e+00 0.000000000000000000e+00 0.000000000000000000e+00 0.000000000000000000e+00
0.000000000000000000e+00 0.000000000000000000e+00 0.000000000000000000e+00 0.000000000000000000e+00 0.000000000000000000e+00
0.000000000000000000e+00 0.000000000000000000e+00 0.000000000000000000e+00 0.000000000000000000e+00 0.000000000000000000e+00
0.000000000000000000e+00 0.000000000000000000e+00 0.000000000000000000e+00 0.000000000000000000e+00 0.000000000000000000e+00
0.000000000000000000e+00 0.000000000000000000e+00 0.000000000000000000e+00 0.000000000000000000e+00 0.000000000000000000e+00
0.000000000000000000e+00 0.000000000000000000e+00 0.000000000000000000e+00 0.000000000000000000e+00 0.000000000000000000e+00
0.000000000000000000e+00 0.000000000000000000e+00 0.000000000000000000e+00 0.000000000000000000e+00 0.000000000000000000e+00
0.000000000000000000e+00 0.000000000000000000e+00 0.000000000000000000e+00 0.000000000000000000e+00 0.000000000000000000e+00
0.000000000000000000e+00 0.000000000000000000e+00 0.000000000000000000e+00 0.000000000000000000e+00 0.000000000000000000e+00
0.000000000000000000e+00 0.000000000000000000e+00 0.000000000000000000e+00 0.000000000000000000e+00 0.000000000000000000e+00
0.000000000000000000e+00 0.000000000000000000e+00 0.000000000000000000e+00 0.000000000000000000e+00 0.000000000000000000e+00
0.000000000000000000e+00 0.000000000000000000e+00 0.000000000000000000e+00 0.000000000000000000e+00 0.000000000000000000e+00
0.000000000000000000e+00 0.000000000000000000e+00 0.000000000000000000e+00 0.000000000000000000e+00 0.000000000000000000e+00
0.000000000000000000e+00 0.000000000000000000e+00 0.000000000000000000e+00 0.000000000000000000e+00 0.000000000000000000e+00
0.000000000000000000e+00 0.000000000000000000e+00 0.000000000000000000e+00 0.000000000000000000e+00 0.000000000000000000e+00
0.000000000000000000e+00 0.000000000000000000e+00 0.000000000000000000e+00 0.000000000000000000e+00 0.000000000000000000e+00
0.000000000000000000e+00 0.000000000000000000e+00 0.000000000000000000e+00 0.000000000000000000e+00 0.000000000000000000e+00
0.000000000000000000e+00 0.000000000000000000e+00 0.000000000000000000e+00 0.000000000000000000e+00 0.000000000000000000e+00
0.000000000000000000e+00 0.000000000000000000e+00 0.000000000000000000e+00 0.000000000000000000e+00 0.000000000000000000e+00
0.000000000000000000e+00 0.000000000000000000e+00 0.000000000000000000e+00 0.000000000000000000e+00 0.000000000000000000e+00
0.000000000000000000e+00 0.000000000000000000e+00 0.000000000000000000e+00 0.000000000000000000e+00 0.000000000000000000e+00
0.000000000000000000e+00 0.000000000000000000e+00 0.000000000000000000e+00 0.000000000000000000e+00 0.000000000000000000e+00
0.000000000000000000e+00 0.000000000000000000e+00 0.000000000000000000e+00 0.000000000000000000e+00 0.000000000000000000e+00
0.000000000000000000e+00 0.000000000000000000e+00 0.000000000000000000e+00 0.000000000000000000e+00 0.000000000000000000e+00
0.000000000000000000e+00 0.000000000000000000e+00 0.000000000000000000e+00 0.000000000000000000e+00 0.000000000000000000e+00
0.000000000000000000e+00 0.000000000000000000e+00 0.000000000000000000e+00 0.000000000000000000e+00 0.000000000000000000e+00
0.000000000000000000e+00 0.000000000000000000e+00 0.000000000000000000e+00 0.000000000000000000e+00 0.000000000000000000e+00
0.000000000000000000e+00 0.000000000000000000e+00 0.000000000000000000e+00 0.000000000000000000e+00 0.000000000000000000e+00
0.000000000000000000e+00 0.000000000000000000e+00 0.000000000000000000e+00 0.000000000000000000e+00 0.000000000000000000e+00
0.000000000000000000e+00 0.000000000000000000e+00 0.000000000000000000e+00 0.000000000000000000e+00 0.000000000000000000e+00
0.000000000000000000e+00 0.000000000000000000e+00 0.000000000000000000e+00 0.000000000000000000e+00 0.000000000000000000e+00
0.000000000000000000e+00 0.000000000000000000e+00 0.000000000000000000e+00 0.000000000000000000e+00 0.000000000000000000e+00
0.000000000000000000e+00 0.000000000000000000e+00 0.000000000000000000e+00 0.000000000000000000e+00 0.000000000000000000e+00
0.000000000000000000e+00 0.000000000000000000e+00 0.000000000000000000e+00 0.000000000000000000e+00 0.000000000000000000e+00
0.000000000000000000e+00 0.000000000000000000e+00 0.000000000000000000e+00 0.000000000000000000e+00 0.000000000000000000e+00
0.000000000000000000e+00 0.000000000000000000e+00 0.000000000000000000e+00 0.000000000000000000e+00 0.000000000000000000e+00
0.000000000000000000e+00 0.000000000000000000e+00 0.000000000000000000e+00 0.000000000000000000e+00 0.000000000000000000e+00
0.000000000000000000e+00 0.000000000000000000e+00 0.000000000000000000e+00 0.000000000000000000e+00 0.000000000000000000e+00
0.000000000000000000e+00 0.000000000000000000e+00 0.000000000000000000e+00 0.000000000000000000e+00 0.000000000000000000e+00
0.000000000000000000e+00 0.000000000000000000e+00 0.000000000000000000e+00 0.000000000000000000e+00 0.000000000000000000e+00
0.000000000000000000e+00 0.000000000000000000e+00 0.000000000000000000e+00 0.000000000000000000e+00 0.000000000000000000e+00
0.000000000000000000e+00 0.000000000000000000e+00 0.000000000000000000e+00 0.000000000000000000e+00 0.000000000000000000e+00
0.000000000000000000e+00 0.000000000000000000e+00 0.000000000000000000e+00 0.000000000000000000e+00 0.000000000000000000e+00
0.000000000000000000e+00 0.000000000000000000e+00 0.000000000000000000e+00 0.000000000000000000e+00 0.000000000000000000e+00
0.000000000000000000e+00 0.000000000000000000e+00 0.000000000000000000e+00 0.000000000000000000e+00 0.000000000000000000e+00
0.000000000000000000e+00 0.000000000000000000e+00 0.000000000000000000e+00 0.000000000000000000e+00 0.000000000000000000e+00
0.000000000000000000e+00 0.000000000000000000e+00 0.000000000000000000e+00 0.000000000000000000e+00 0.000000000000000000e+00
0.000000000000000000e+00 0.000000000000000000e+00 0.000000000000000000e+00 0.000000000000000000e+00 0.000000000000000000e+00
2.679022247252813905e-04 0.000000000000000000e+00 4.190561847515511386e-06 1.014970216150932027e-03 0.000000000000000000e+00
1.050176720923105388e-03 0.000000000000000000e+00 1.642700244226013968e-05 3.978683247311648810e-03 0.000000000000000000e+00
2.250378687692367876e-04 0.000000000000000000e+00 3.520071951913010015e-06 8.525749815667816710e-04 0.000000000000000000e+00
0.000000000000000000e+00 0.000000000000000000e+00 0.000000000000000000e+00 0.000000000000000000e+00 0.000000000000000000e+00
0.000000000000000000e+00 0.000000000000000000e+00 0.000000000000000000e+00 0.000000000000000000e+00 0.000000000000000000e+00
0.000000000000000000e+00 0.000000000000000000e+00 0.000000000000000000e+00 0.000000000000000000e+00 0.000000000000000000e+00
0.000000000000000000e+00 0.000000000000000000e+00 0.000000000000000000e+00 0.000000000000000000e+00 0.000000000000000000e+00
0.000000000000000000e+00 0.000000000000000000e+00 0.000000000000000000e+00 0.000000000000000000e+00 0.000000000000000000e+00
0.000000000000000000e+00 0.000000000000000000e+00 0.000000000000000000e+00 0.000000000000000000e+00 0.000000000000000000e+00
0.000000000000000000e+00 0.000000000000000000e+00 0.000000000000000000e+00 0.000000000000000000e+00 0.000000000000000000e+00
0.000000000000000000e+00 0.000000000000000000e+00 0.000000000000000000e+00 0.000000000000000000e+00 0.000000000000000000e+00
0.000000000000000000e+00 0.000000000000000000e+00 0.000000000000000000e+00 0.000000000000000000e+00 0.000000000000000000e+00
0.000000000000000000e+00 0.000000000000000000e+00 0.000000000000000000e+00 0.000000000000000000e+00 0.000000000000000000e+00
0.000000000000000000e+00 0.000000000000000000e+00 0.000000000000000000e+00 0.000000000000000000e+00 0.000000000000000000e+00
0.000000000000000000e+00 0.000000000000000000e+00 0.000000000000000000e+00 0.000000000000000000e+00 0.000000000000000000e+00
0.000000000000000000e+00 0.000000000000000000e+00 0.000000000000000000e+00 0.000000000000000000e+00 0.000000000000000000e+00
0.000000000000000000e+00 0.000000000000000000e+00 0.000000000000000000e+00 0.000000000000000000e+00 0.000000000000000000e+00
0.000000000000000000e+00 0.000000000000000000e+00 0.000000000000000000e+00 0.000000000000000000e+00 0.000000000000000000e+00
0.000000000000000000e+00 0.000000000000000000e+00 0.000000000000000000e+00 0.000000000000000000e+00 0.000000000000000000e+00
0.000000000000000000e+00 0.000000000000000000e+00 0.000000000000000000e+00 0.000000000000000000e+00 0.000000000000000000e+00
0.000000000000000000e+00 0.000000000000000000e+00 0.000000000000000000e+00 0.000000000000000000e+00 0.000000000000000000e+00
0.000000000000000000e+00 0.000000000000000000e+00 0.000000000000000000e+00 0.000000000000000000e+00 0.000000000000000000e+00
0.000000000000000000e+00 0.000000000000000000e+00 0.000000000000000000e+00 0.000000000000000000e+00 0.000000000000000000e+00
0.000000000000000000e+00 0.000000000000000000e+00 0.000000000000000000e+00 0.000000000000000000e+00 0.000000000000000000e+00
0.000000000000000000e+00 0.000000000000000000e+00 0.000000000000000000e+00 0.000000000000000000e+00 0.000000000000000000e+00
0.000000000000000000e+00 0.000000000000000000e+00 0.000000000000000000e+00 0.000000000000000000e+00 0.000000000000000000e+00
0.000000000000000000e+00 0.000000000000000000e+00 0.000000000000000000e+00 0.000000000000000000e+00 0.000000000000000000e+00
5.358044494505627810e-04 0.000000000000000000e+00 8.381123695031022773e-06 2.029940432301864054e-03 0.000000000000000000e+00
1.392336608617515637e-03 0.000000000000000000e+00 4.045346083747003267e-03 3.385372029807942346e-03 0.000000000000000000e+00
1.688957249341284860e-03 0.000000000000000000e+00 6.532612291950195930e-03 3.343213049694249844e-03 1.571404465548172699e-04
6.232671930374949999e-04 0.000000000000000000e+00 8.943632424095335426e-04 1.945853626978437693e-03 0.000000000000000000e+00
0.000000000000000000e+00 0.000000000000000000e+00 0.000000000000000000e+00 0.000000000000000000e+00 0.000000000000000000e+00
0.000000000000000000e+00 0.000000000000000000e+00 0.000000000000000000e+00 0.000000000000000000e+00 0.000000000000000000e+00
3.121901169021406956e-03 1.524853618604798819e-05 3.000833068428025024e-04 0.000000000000000000e+00 0.000000000000000000e+00
9.477199977386413510e-03 4.629019913621743639e-05 9.109671814870802953e-04 0.000000000000000000e+00 0.000000000000000000e+00
9.217041546634633861e-03 4.501948778738082402e-05 8.859602392501797615e-04 0.000000000000000000e+00 0.000000000000000000e+00
0.000000000000000000e+00 0.000000000000000000e+00 0.000000000000000000e+00 0.000000000000000000e+00 0.000000000000000000e+00
0.000000000000000000e+00 0.000000000000000000e+00 0.000000000000000000e+00 0.000000000000000000e+00 0.000000000000000000e+00
0.000000000000000000e+00 0.000000000000000000e+00 0.000000000000000000e+00 0.000000000000000000e+00 0.000000000000000000e+00
0.000000000000000000e+00 0.000000000000000000e+00 0.000000000000000000e+00 0.000000000000000000e+00 0.000000000000000000e+00
0.000000000000000000e+00 0.000000000000000000e+00 0.000000000000000000e+00 0.000000000000000000e+00 0.000000000000000000e+00
0.000000000000000000e+00 0.000000000000000000e+00 0.000000000000000000e+00 0.000000000000000000e+00 0.000000000000000000e+00
0.000000000000000000e+00 0.000000000000000000e+00 0.000000000000000000e+00 0.000000000000000000e+00 0.000000000000000000e+00
0.000000000000000000e+00 0.000000000000000000e+00 0.000000000000000000e+00 0.000000000000000000e+00 0.000000000000000000e+00
0.000000000000000000e+00 0.000000000000000000e+00 0.000000000000000000e+00 0.000000000000000000e+00 0.000000000000000000e+00
0.000000000000000000e+00 0.000000000000000000e+00 1.447543429949043302e-03 3.949409605695073278e-04 1.881002849506293001e-04
0.000000000000000000e+00 0.000000000000000000e+00 2.669913437461569460e-03 7.284466606059802896e-04 3.469405255756051270e-04
0.000000000000000000e+00 0.000000000000000000e+00 0.000000000000000000e+00 0.000000000000000000e+00 0.000000000000000000e+00
0.000000000000000000e+00 0.000000000000000000e+00 0.000000000000000000e+00 0.000000000000000000e+00 0.000000000000000000e+00
0.000000000000000000e+00 0.000000000000000000e+00 1.941665890852537976e-03 0.000000000000000000e+00 0.000000000000000000e+00
0.000000000000000000e+00 0.000000000000000000e+00 1.337541567622032093e-02 9.018350860367926273e-04 0.000000000000000000e+00
0.000000000000000000e+00 0.000000000000000000e+00 1.510809571796719632e-02 2.029226266375335711e-03 0.000000000000000000e+00
0.000000000000000000e+00 0.000000000000000000e+00 8.044543066944812026e-03 1.341877627604537784e-03 0.000000000000000000e+00
1.791955781836709546e-03 2.884998673996747682e-04 0.000000000000000000e+00 0.000000000000000000e+00 1.844481384610913025e-03
1.321721767252989534e-04 0.000000000000000000e+00 0.000000000000000000e+00 8.629336585503589660e-03 1.589564260671727817e-03
0.000000000000000000e+00 0.000000000000000000e+00 0.000000000000000000e+00 1.753208842686475658e-02 2.523717723515893005e-03
0.000000000000000000e+00 0.000000000000000000e+00 3.403037518413407504e-03 9.675214597461654492e-03 3.667604973292417671e-03
0.000000000000000000e+00 0.000000000000000000e+00 4.518148897245003598e-03 1.231000340841681417e-02 5.895607540195379505e-03
0.000000000000000000e+00 0.000000000000000000e+00 1.902599899058077595e-03 8.701568787235327077e-03 9.563273955579619512e-03
1.742160621693770658e-02 0.000000000000000000e+00 7.498662577466307967e-03 0.000000000000000000e+00 1.055578951246254928e-02
2.715707835184943963e-02 0.000000000000000000e+00 0.000000000000000000e+00 0.000000000000000000e+00 0.000000000000000000e+00
5.071240702885317087e-02 0.000000000000000000e+00 0.000000000000000000e+00 0.000000000000000000e+00 0.000000000000000000e+00
4.657072799200291657e-02 0.000000000000000000e+00 3.136522950739265621e-03 0.000000000000000000e+00 0.000000000000000000e+00
2.575677600709952789e-02 2.726278382558196007e-03 4.060828311369110016e-03 0.000000000000000000e+00 0.000000000000000000e+00
5.646645755829007504e-03 2.247461813759896784e-03 2.515277986480421012e-03 3.048017801143123391e-04 0.000000000000000000e+00
0.000000000000000000e+00 0.000000000000000000e+00 0.000000000000000000e+00 0.000000000000000000e+00 0.000000000000000000e+00
0.000000000000000000e+00 0.000000000000000000e+00 0.000000000000000000e+00 0.000000000000000000e+00 0.000000000000000000e+00
0.000000000000000000e+00 0.000000000000000000e+00 0.000000000000000000e+00 0.000000000000000000e+00 0.000000000000000000e+00
0.000000000000000000e+00 0.000000000000000000e+00 0.000000000000000000e+00 0.000000000000000000e+00 0.000000000000000000e+00
0.000000000000000000e+00 0.000000000000000000e+00 0.000000000000000000e+00 0.000000000000000000e+00 0.000000000000000000e+00
0.000000000000000000e+00 0.000000000000000000e+00 0.000000000000000000e+00 0.000000000000000000e+00 0.000000000000000000e+00
0.000000000000000000e+00 0.000000000000000000e+00 0.000000000000000000e+00 0.000000000000000000e+00 0.000000000000000000e+00
1.306580430346009427e-05 0.000000000000000000e+00 4.298519386740863504e-04 0.000000000000000000e+00 1.652006268340429546e-04
0.000000000000000000e+00 0.000000000000000000e+00 8.000020229795941004e-03 1.766739678033077627e-03 1.249834925231065388e-03
0.000000000000000000e+00 0.000000000000000000e+00 8.276060386273023997e-03 2.091622172943636421e-03 1.159538969319300061e-03
1.733635354934874541e-03 0.000000000000000000e+00 7.540896672221043644e-03 0.000000000000000000e+00 4.171627266390024965e-04
1.331244640413480366e-03 0.000000000000000000e+00 1.145879978148405323e-02 0.000000000000000000e+00 2.033430400284393005e-03
0.000000000000000000e+00 0.000000000000000000e+00 3.032928259967430235e-02 0.000000000000000000e+00 8.186327662086710730e-04
0.000000000000000000e+00 0.000000000000000000e+00 4.384718589919679721e-02 2.097420933770292439e-03 8.103801442950421888e-03
0.000000000000000000e+00 5.957799661331796324e-05 2.378489723219164020e-02 4.345535192914746006e-03 2.729366409063426271e-02
4.139572872985646662e-03 8.871330358215485240e-03 0.000000000000000000e+00 0.000000000000000000e+00 3.392032053830430077e-02
0.000000000000000000e+00 3.549517919044559155e-02 0.000000000000000000e+00 0.000000000000000000e+00 3.340825651897880860e-02
0.000000000000000000e+00 4.214220302090784798e-02 0.000000000000000000e+00 6.147533076141071043e-03 1.760976676466774124e-02
0.000000000000000000e+00 3.120164866160532804e-02 0.000000000000000000e+00 2.386995508285169945e-02 5.088951959201411419e-03
0.000000000000000000e+00 1.096421165106700908e-02 0.000000000000000000e+00 2.612942164480207274e-02 9.995020140765042277e-03
0.000000000000000000e+00 3.412075160893083235e-03 1.236396308847980893e-03 3.107810849371184930e-02 1.583724186312562843e-02
0.000000000000000000e+00 2.813982915021807837e-05 4.148223187635979164e-03 2.685299171634061843e-02 3.130766543105025640e-02
2.019693455791855483e-02 0.000000000000000000e+00 0.000000000000000000e+00 0.000000000000000000e+00 5.359540398846551063e-02
4.666741643861242045e-02 0.000000000000000000e+00 0.000000000000000000e+00 0.000000000000000000e+00 3.728330827205791204e-02
8.583736293030251596e-02 0.000000000000000000e+00 0.000000000000000000e+00 0.000000000000000000e+00 0.000000000000000000e+00
8.179937832834563438e-02 5.919045306617183415e-03 7.280947329602044729e-03 0.000000000000000000e+00 0.000000000000000000e+00
3.991293069486975126e-02 2.008717015297402028e-02 9.235305700018386216e-03 3.160214210764191421e-03 0.000000000000000000e+00
1.372433705657827643e-02 1.687706016565753905e-02 1.686180098701262758e-02 2.264884383262792331e-02 0.000000000000000000e+00
5.391428777899367510e-03 8.443273314697342241e-03 5.259213040994381062e-03 2.305992408005513167e-02 0.000000000000000000e+00
0.000000000000000000e+00 0.000000000000000000e+00 2.475519778018579926e-03 1.618563861998987413e-02 0.000000000000000000e+00
0.000000000000000000e+00 0.000000000000000000e+00 0.000000000000000000e+00 0.000000000000000000e+00 0.000000000000000000e+00
0.000000000000000000e+00 0.000000000000000000e+00 0.000000000000000000e+00 0.000000000000000000e+00 0.000000000000000000e+00
0.000000000000000000e+00 0.000000000000000000e+00 0.000000000000000000e+00 0.000000000000000000e+00 0.000000000000000000e+00
0.000000000000000000e+00 0.000000000000000000e+00 0.000000000000000000e+00 0.000000000000000000e+00 0.000000000000000000e+00
0.000000000000000000e+00 0.000000000000000000e+00 0.000000000000000000e+00 0.000000000000000000e+00 0.000000000000000000e+00
0.000000000000000000e+00 0.000000000000000000e+00 7.549246000117079865e-03 0.000000000000000000e+00 2.091242376283204783e-03
0.000000000000000000e+00 0.000000000000000000e+00 1.774195601655222457e-02 0.000000000000000000e+00 4.372984391132967927e-03
0.000000000000000000e+00 0.000000000000000000e+00 1.848305127207049495e-02 0.000000000000000000e+00 6.029033373198536792e-03
1.738828364027178506e-04 0.000000000000000000e+00 1.116054063784696973e-02 0.000000000000000000e+00 8.735360733295560731e-03
4.737676041736505682e-05 0.000000000000000000e+00 2.812976108965315261e-02 0.000000000000000000e+00 5.654066563562945569e-03
0.000000000000000000e+00 0.000000000000000000e+00 4.520821887327491212e-02 0.000000000000000000e+00 1.482469329462876052e-02
0.000000000000000000e+00 0.000000000000000000e+00 5.639391550786376078e-02 0.000000000000000000e+00 3.741568357830098168e-02
0.000000000000000000e+00 5.596837998597432515e-03 2.820535932234187124e-02 0.000000000000000000e+00 6.512291708893835906e-02
2.223991771472919217e-03 3.918093717561596523e-02 0.000000000000000000e+00 0.000000000000000000e+00 8.011336764808227318e-02
0.000000000000000000e+00 7.421422206504418861e-02 0.000000000000000000e+00 0.000000000000000000e+00 4.306249536387043997e-02
0.000000000000000000e+00 7.995772071172799200e-02 0.000000000000000000e+00 7.015768209688389399e-03 2.067147216796397236e-02
0.000000000000000000e+00 4.581105161684359550e-02 0.000000000000000000e+00 3.554472988270419159e-02 6.448979565197742424e-03
0.000000000000000000e+00 1.508413742241103417e-02 0.000000000000000000e+00 4.090892631187980494e-02 1.210552336562261029e-02
0.000000000000000000e+00 2.752936036391661050e-03 3.092417631088988008e-03 4.276353223613359872e-02 3.126738826821955086e-02
0.000000000000000000e+00 0.000000000000000000e+00 4.370380778849726998e-03 4.466871556708255225e-02 5.740272777820316225e-02
2.334225293003790863e-02 0.000000000000000000e+00 0.000000000000000000e+00 0.000000000000000000e+00 9.769121901912215800e-02
7.960004602489381687e-02 0.000000000000000000e+00 1.618218547266197724e-02 0.000000000000000000e+00 6.466050408932290383e-02
1.142034828961241005e-01 0.000000000000000000e+00 7.801312192912059941e-03 0.000000000000000000e+00 0.000000000000000000e+00
9.207731492822973651e-02 2.096076306694334354e-02 8.895715128052303355e-03 2.779992537580894523e-03 0.000000000000000000e+00
3.593532499635297695e-02 4.930164621726283725e-02 2.525025186724680695e-02 2.372276074607887128e-02 0.000000000000000000e+00
2.559818773845727678e-03 5.094635796529928262e-02 2.847634227047914426e-02 3.509815637243707959e-02 0.000000000000000000e+00
0.000000000000000000e+00 2.582266124663147935e-02 1.193008914123148793e-02 3.044834880981062489e-02 0.000000000000000000e+00
0.000000000000000000e+00 7.738220245735733926e-04 3.996337022575451037e-03 1.527196756615831208e-02 0.000000000000000000e+00
3.565360972444994161e-04 0.000000000000000000e+00 7.808317878530558580e-04 2.253091760887600357e-03 0.000000000000000000e+00
0.000000000000000000e+00 0.000000000000000000e+00 0.000000000000000000e+00 0.000000000000000000e+00 0.000000000000000000e+00
0.000000000000000000e+00 0.000000000000000000e+00 0.000000000000000000e+00 0.000000000000000000e+00 0.000000000000000000e+00
0.000000000000000000e+00 0.000000000000000000e+00 0.000000000000000000e+00 0.000000000000000000e+00 0.000000000000000000e+00
0.000000000000000000e+00 0.000000000000000000e+00 0.000000000000000000e+00 0.000000000000000000e+00 0.000000000000000000e+00
0.000000000000000000e+00 0.000000000000000000e+00 8.160431003873345329e-03 3.024658299778135260e-05 2.170662496595693672e-03
0.000000000000000000e+00 0.000000000000000000e+00 2.728909215103369340e-02 0.000000000000000000e+00 6.986225332539369726e-04
1.271649347117592178e-03 0.000000000000000000e+00 4.388701690709457398e-02 0.000000000000000000e+00 1.469631585631763025e-03
9.307442491508013949e-04 0.000000000000000000e+00 2.989759275237978756e-02 0.000000000000000000e+00 3.757325876146925571e-03
0.000000000000000000e+00 0.000000000000000000e+00 4.970078834917870253e-02 0.000000000000000000e+00 7.065557863269074368e-03
0.000000000000000000e+00 0.000000000000000000e+00 5.803852391582116355e-02 9.240914438860328966e-04 2.507885435728430396e-02
0.000000000000000000e+00 7.783820290296508508e-04 4.340898370633736875e-02 0.000000000000000000e+00 8.009134211988161445e-02
3.697015009485397387e-03 3.512070167580856606e-02 9.219904489975463968e-03 0.000000000000000000e+00 9.370427950512889848e-02
1.249797953156364487e-02 8.468176780991577834e-02 0.000000000000000000e+00 0.000000000000000000e+00 7.928753926416243214e-02
1.805050360295561770e-04 9.318631955004551271e-02 0.000000000000000000e+00 5.365668100513704217e-04 2.984216695386842505e-02
0.000000000000000000e+00 8.373180509228000945e-02 0.000000000000000000e+00 2.982838724314887044e-02 6.541252999656996941e-03
0.000000000000000000e+00 3.301999365884907001e-02 0.000000000000000000e+00 6.109612975047241934e-02 1.489852115550915467e-03
0.000000000000000000e+00 8.814614957554046601e-03 0.000000000000000000e+00 4.674928773377458324e-02 1.098965071065375818e-02
0.000000000000000000e+00 0.000000000000000000e+00 2.235321010358258271e-03 5.964054629176095829e-02 4.436289464049858466e-02
0.000000000000000000e+00 0.000000000000000000e+00 0.000000000000000000e+00 5.635317673242094816e-02 8.911091022654213378e-02
3.400463855069218305e-02 0.000000000000000000e+00 5.683153217504049309e-03 2.334735944687594059e-02 1.168084427199662656e-01
1.172289667215208608e-01 0.000000000000000000e+00 3.361249179202775716e-02 0.000000000000000000e+00 5.759491246885119209e-02
1.349456472301095999e-01 0.000000000000000000e+00 5.092408411610772900e-02 0.000000000000000000e+00 0.000000000000000000e+00
7.574023575358514171e-02 4.727149164888682503e-02 3.518987065870873843e-02 7.179368112651447623e-04 0.000000000000000000e+00
8.253235169517756861e-03 8.158971581009877294e-02 3.285679763517565521e-02 3.562085132575001922e-02 0.000000000000000000e+00
0.000000000000000000e+00 7.029762869626771105e-02 2.924346264291308867e-02 3.527052787151188640e-02 0.000000000000000000e+00
0.000000000000000000e+00 2.795087008038910081e-02 9.125923356101572903e-03 3.105305477024054503e-02 0.000000000000000000e+00
0.000000000000000000e+00 0.000000000000000000e+00 6.300489879227753366e-03 2.062072116550511466e-02 0.000000000000000000e+00
4.319014511335807932e-04 0.000000000000000000e+00 9.458856617081735398e-04 2.729355059937014702e-03 0.000000000000000000e+00
0.000000000000000000e+00 0.000000000000000000e+00 0.000000000000000000e+00 0.000000000000000000e+00 0.000000000000000000e+00
0.000000000000000000e+00 0.000000000000000000e+00 0.000000000000000000e+00 0.000000000000000000e+00 0.000000000000000000e+00
0.000000000000000000e+00 0.000000000000000000e+00 0.000000000000000000e+00 0.000000000000000000e+00 0.000000000000000000e+00
0.000000000000000000e+00 0.000000000000000000e+00 0.000000000000000000e+00 0.000000000000000000e+00 0.000000000000000000e+00
0.000000000000000000e+00 0.000000000000000000e+00 8.707280744076315721e-03 1.794465014351510131e-04 2.241722604243708700e-03
5.939067680206068034e-04 0.000000000000000000e+00 3.187795014142112693e-02 0.000000000000000000e+00 6.269501632602538736e-04
1.822018253864005673e-03 0.000000000000000000e+00 4.744290333716223718e-02 0.000000000000000000e+00 1.131164949938861988e-03
0.000000000000000000e+00 0.000000000000000000e+00 5.918687628232421893e-02 0.000000000000000000e+00 5.958717130170079236e-03
0.000000000000000000e+00 0.000000000000000000e+00 7.725286872198020016e-02 0.000000000000000000e+00 1.224248289019247947e-02
0.000000000000000000e+00 0.000000000000000000e+00 6.522352468606763820e-02 0.000000000000000000e+00 4.159170832012733937e-02
0.000000000000000000e+00 2.351757951858968881e-02 3.260378667839008288e-02 0.000000000000000000e+00 1.077058880868126539e-01
1.111917554864738124e-02 8.418815149363918782e-02 0.000000000000000000e+00 0.000000000000000000e+00 1.002468654027668798e-01
2.371169675760601697e-02 1.043009760323443946e-01 0.000000000000000000e+00 0.000000000000000000e+00 6.443956769119087158e-02
2.295657063928714658e-02 1.056088887561385664e-01 0.000000000000000000e+00 2.320639889439971362e-02 1.621551763846986035e-03
0.000000000000000000e+00 6.311067975647119410e-02 0.000000000000000000e+00 7.646761211838559724e-02 0.000000000000000000e+00
0.000000000000000000e+00 2.118754026173006594e-02 0.000000000000000000e+00 7.762464899456161804e-02 0.000000000000000000e+00
0.000000000000000000e+00 2.424118374196920257e-03 0.000000000000000000e+00 5.113583078127135334e-02 1.127904087354375876e-02
0.000000000000000000e+00 0.000000000000000000e+00 0.000000000000000000e+00 7.877527757966273914e-02 6.030338986503769316e-02
0.000000000000000000e+00 0.000000000000000000e+00 0.000000000000000000e+00 7.210550089077027991e-02 1.093050627745710129e-01
6.522761933455643868e-02 0.000000000000000000e+00 1.965360504776993145e-02 1.028540950187167326e-02 1.052075280532123597e-01
1.468117486079320300e-01 0.000000000000000000e+00 6.094688790915232107e-02 0.000000000000000000e+00 3.860047693227708354e-02
1.282552822304459106e-01 2.454402103015136671e-02 9.603661941610094899e-02 0.000000000000000000e+00 0.000000000000000000e+00
3.698888511495215803e-02 9.427587602325150640e-02 7.342886888972430248e-02 1.162655273207426933e-02 0.000000000000000000e+00
0.000000000000000000e+00 1.138598005522239165e-01 3.552301315294922185e-02 3.649545546973546883e-02 0.000000000000000000e+00
0.000000000000000000e+00 8.170841120318655948e-02 1.890310646471694833e-02 3.673991593654988425e-02 0.000000000000000000e+00
0.000000000000000000e+00 1.973409864615982209e-02 0.000000000000000000e+00 1.374716222610341924e-02 0.000000000000000000e+00
0.000000000000000000e+00 4.915175268160123373e-03 3.243486762965185673e-03 1.763781956006495177e-02 0.000000000000000000e+00
0.000000000000000000e+00 0.000000000000000000e+00 0.000000000000000000e+00 0.000000000000000000e+00 0.000000000000000000e+00
0.000000000000000000e+00 0.000000000000000000e+00 0.000000000000000000e+00 0.000000000000000000e+00 0.000000000000000000e+00
0.000000000000000000e+00 0.000000000000000000e+00 0.000000000000000000e+00 0.000000000000000000e+00 0.000000000000000000e+00
0.000000000000000000e+00 0.000000000000000000e+00 0.000000000000000000e+00 0.000000000000000000e+00 0.000000000000000000e+00
0.000000000000000000e+00 0.000000000000000000e+00 0.000000000000000000e+00 0.000000000000000000e+00 0.000000000000000000e+00
0.000000000000000000e+00 0.000000000000000000e+00 1.144406631193981873e-02 1.475190025565081007e-03 2.319787920431862476e-03
6.262904795729483517e-04 0.000000000000000000e+00 3.200886402675805209e-02 0.000000000000000000e+00 6.334864408925842136e-04
1.439858203441942352e-03 0.000000000000000000e+00 5.519763839687433227e-02 0.000000000000000000e+00 0.000000000000000000e+00
0.000000000000000000e+00 0.000000000000000000e+00 8.520242236047144424e-02 0.000000000000000000e+00 0.000000000000000000e+00
0.000000000000000000e+00 0.000000000000000000e+00 8.805972438586465167e-02 0.000000000000000000e+00 1.795176410624809218e-02
0.000000000000000000e+00 6.503965203977253931e-03 6.806154106199516218e-02 0.000000000000000000e+00 5.708394889962067897e-02
0.000000000000000000e+00 7.154252836273497507e-02 9.199194207839119994e-03 0.000000000000000000e+00 1.244121209972092607e-01
2.782784076110631291e-02 1.061564524187251224e-01 0.000000000000000000e+00 0.000000000000000000e+00 1.000090207900674460e-01
4.801630993412827481e-02 1.178607153197724772e-01 0.000000000000000000e+00 0.000000000000000000e+00 2.917497856351486049e-02
3.895038884891523223e-02 9.089426961508584313e-02 0.000000000000000000e+00 8.064455225338469646e-02 0.000000000000000000e+00
4.332932545989305259e-03 2.668183443135832555e-02 3.830819547060649883e-03 1.519015612881265687e-01 0.000000000000000000e+00
0.000000000000000000e+00 0.000000000000000000e+00 0.000000000000000000e+00 1.009494731675997514e-01 0.000000000000000000e+00
0.000000000000000000e+00 0.000000000000000000e+00 0.000000000000000000e+00 4.795051019705583173e-02 1.080681807590679055e-02
0.000000000000000000e+00 0.000000000000000000e+00 0.000000000000000000e+00 8.898723483949720625e-02 7.375308214903669723e-02
3.626886862486970904e-03 0.000000000000000000e+00 0.000000000000000000e+00 8.623663371196674254e-02 1.106183425381325192e-01
9.774247298517375893e-02 0.000000000000000000e+00 2.761409111265745661e-02 3.250651369734545732e-03 9.427745911438939475e-02
1.567301660784274631e-01 0.000000000000000000e+00 7.802424426363469001e-02 0.000000000000000000e+00 1.733850306995060944e-02
9.733393119680076866e-02 7.091506653854930120e-02 1.102556378492084155e-01 0.000000000000000000e+00 0.000000000000000000e+00
1.848747578742665314e-03 1.248368593968383622e-01 9.814898450517339779e-02 2.449455720225077182e-02 0.000000000000000000e+00
0.000000000000000000e+00 1.182471105765795921e-01 4.385950065586891045e-02 2.726742164971579160e-02 0.000000000000000000e+00
0.000000000000000000e+00 6.068428197802815116e-02 7.362844227406129850e-03 2.087570099161580733e-02 0.000000000000000000e+00
0.000000000000000000e+00 1.029137861167749718e-02 1.217766667693854317e-03 1.587441654650494777e-02 0.000000000000000000e+00
0.000000000000000000e+00 4.753365414452687294e-03 6.637112643246106903e-04 8.319176489023158080e-03 0.000000000000000000e+00
0.000000000000000000e+00 0.000000000000000000e+00 0.000000000000000000e+00 0.000000000000000000e+00 0.000000000000000000e+00
0.000000000000000000e+00 0.000000000000000000e+00 0.000000000000000000e+00 0.000000000000000000e+00 0.000000000000000000e+00
0.000000000000000000e+00 0.000000000000000000e+00 0.000000000000000000e+00 0.000000000000000000e+00 0.000000000000000000e+00
0.000000000000000000e+00 0.000000000000000000e+00 0.000000000000000000e+00 0.000000000000000000e+00 0.000000000000000000e+00
0.000000000000000000e+00 0.000000000000000000e+00 0.000000000000000000e+00 0.000000000000000000e+00 0.000000000000000000e+00
0.000000000000000000e+00 0.000000000000000000e+00 9.284396752624147348e-03 1.937747576846667518e-03 1.193055813796319552e-03
4.868987655717897049e-04 0.000000000000000000e+00 2.870221941385980857e-02 0.000000000000000000e+00 0.000000000000000000e+00
8.830726375436234081e-04 0.000000000000000000e+00 6.931218522138313243e-02 0.000000000000000000e+00 0.000000000000000000e+00
0.000000000000000000e+00 0.000000000000000000e+00 9.789525419006035734e-02 0.000000000000000000e+00 0.000000000000000000e+00
0.000000000000000000e+00 1.704446036575827305e-03 8.192345108196398551e-02 0.000000000000000000e+00 3.524005961404502729e-02
0.000000000000000000e+00 5.201935365971576547e-02 5.374060727976810725e-02 0.000000000000000000e+00 8.837044838003786651e-02
9.383903418720791409e-03 1.040909283212235054e-01 0.000000000000000000e+00 0.000000000000000000e+00 1.335146478189812302e-01
6.234518121879239344e-02 1.261764420839014411e-01 0.000000000000000000e+00 0.000000000000000000e+00 6.959601082935645833e-02
7.215286853033622827e-02 1.100942564948462904e-01 0.000000000000000000e+00 5.375020451831637180e-02 1.208403513185817230e-03
3.718715199060321913e-02 3.969738782401627947e-02 1.912980873137693763e-03 1.590837209957126630e-01 0.000000000000000000e+00
2.072550152158544271e-03 0.000000000000000000e+00 4.486817452384103851e-03 1.624383197449862648e-01 0.000000000000000000e+00
0.000000000000000000e+00 0.000000000000000000e+00 0.000000000000000000e+00 8.654820763357295998e-02 0.000000000000000000e+00
0.000000000000000000e+00 0.000000000000000000e+00 0.000000000000000000e+00 4.907947667749493897e-02 1.548962035190291561e-02
0.000000000000000000e+00 0.000000000000000000e+00 0.000000000000000000e+00 1.071146019411486905e-01 8.589849839882066074e-02
2.925538624167156598e-02 0.000000000000000000e+00 0.000000000000000000e+00 8.643172732871011454e-02 1.188318817100362801e-01
1.298825332473581562e-01 0.000000000000000000e+00 3.222937435724819444e-02 6.618979419864820524e-03 8.298061406455120581e-02
1.492668322793291036e-01 2.089722517957547793e-02 9.490554165686322652e-02 0.000000000000000000e+00 1.337601143677266853e-02
5.617190028988782585e-02 1.141543612935612684e-01 1.143885096765655390e-01 0.000000000000000000e+00 0.000000000000000000e+00
0.000000000000000000e+00 1.253884085178670060e-01 8.880314225721275267e-02 1.380627632196068481e-02 0.000000000000000000e+00
0.000000000000000000e+00 8.636495255217542522e-02 3.699874086566034420e-02 1.039744939879426802e-02 0.000000000000000000e+00
0.000000000000000000e+00 2.275576310777508923e-02 1.403207385302957411e-04 1.396705438441011617e-02 4.068552614700557510e-04
0.000000000000000000e+00 7.490895890048410860e-03 0.000000000000000000e+00 9.380937325857959322e-03 0.000000000000000000e+00
0.000000000000000000e+00 1.586235713103884611e-03 0.000000000000000000e+00 1.950373227027200895e-03 0.000000000000000000e+00
0.000000000000000000e+00 0.000000000000000000e+00 0.000000000000000000e+00 0.000000000000000000e+00 0.000000000000000000e+00
0.000000000000000000e+00 0.000000000000000000e+00 0.000000000000000000e+00 0.000000000000000000e+00 0.000000000000000000e+00
0.000000000000000000e+00 0.000000000000000000e+00 0.000000000000000000e+00 0.000000000000000000e+00 0.000000000000000000e+00
0.000000000000000000e+00 0.000000000000000000e+00 0.000000000000000000e+00 0.000000000000000000e+00 0.000000000000000000e+00
0.000000000000000000e+00 0.000000000000000000e+00 0.000000000000000000e+00 0.000000000000000000e+00 0.000000000000000000e+00
0.000000000000000000e+00 0.000000000000000000e+00 6.539122610514275930e-03 3.611907848109478401e-04 7.489398544559787430e-04
9.751944943438154226e-05 0.000000000000000000e+00 3.462283945965438647e-02 0.000000000000000000e+00 0.000000000000000000e+00
8.419579440956135924e-04 0.000000000000000000e+00 8.729019701341157733e-02 0.000000000000000000e+00 0.000000000000000000e+00
0.000000000000000000e+00 0.000000000000000000e+00 1.062033427774808081e-01 0.000000000000000000e+00 5.261864325938462629e-03
0.000000000000000000e+00 4.600586061888479322e-02 7.723591940880925044e-02 0.000000000000000000e+00 5.434679563233503485e-02
0.000000000000000000e+00 9.333157227017770119e-02 4.437607258599120946e-02 0.000000000000000000e+00 1.031978695962423864e-01
3.438621532903281958e-02 1.247853104593708018e-01 0.000000000000000000e+00 0.000000000000000000e+00 1.179302995604129267e-01
9.825776758125778776e-02 1.198837649922806226e-01 0.000000000000000000e+00 2.797926812214261705e-02 3.385768480282366766e-02
8.803204720578194920e-02 5.544990173470387002e-02 0.000000000000000000e+00 1.304028370746407595e-01 0.000000000000000000e+00
3.095582263836916398e-02 0.000000000000000000e+00 0.000000000000000000e+00 1.733311904111786983e-01 0.000000000000000000e+00
0.000000000000000000e+00 0.000000000000000000e+00 0.000000000000000000e+00 1.170010830125545465e-01 1.212790202691170103e-03
0.000000000000000000e+00 0.000000000000000000e+00 0.000000000000000000e+00 4.900225675283557264e-02 1.355650712802830039e-02
0.000000000000000000e+00 0.000000000000000000e+00 0.000000000000000000e+00 6.518956764933103720e-02 2.976092618675603776e-02
0.000000000000000000e+00 0.000000000000000000e+00 0.000000000000000000e+00 1.307079804093203013e-01 9.859806298211722109e-02
6.617845956644674565e-02 0.000000000000000000e+00 0.000000000000000000e+00 8.782777378286522885e-02 1.179059828450862435e-01
1.517204538430186878e-01 0.000000000000000000e+00 4.923258500263893306e-02 0.000000000000000000e+00 6.518058068323760723e-02
1.056754329720222818e-01 8.875339371759480289e-02 1.003615341697433744e-01 0.000000000000000000e+00 3.273070663111844053e-02
2.075036190531425254e-02 1.305135874840481769e-01 1.058542089828893723e-01 0.000000000000000000e+00 0.000000000000000000e+00
0.000000000000000000e+00 1.133886240589538352e-01 7.917791422173399429e-02 0.000000000000000000e+00 0.000000000000000000e+00
0.000000000000000000e+00 5.051611791887640479e-02 4.032639346556163296e-02 0.000000000000000000e+00 0.000000000000000000e+00
0.000000000000000000e+00 1.183670282153128847e-02 0.000000000000000000e+00 1.423111446486233223e-02 0.000000000000000000e+00
0.000000000000000000e+00 2.548633071582892193e-03 2.999434139126436324e-04 4.018238466205695074e-03 0.000000000000000000e+00
0.000000000000000000e+00 0.000000000000000000e+00 0.000000000000000000e+00 0.000000000000000000e+00 0.000000000000000000e+00
0.000000000000000000e+00 0.000000000000000000e+00 0.000000000000000000e+00 0.000000000000000000e+00 0.000000000000000000e+00
0.000000000000000000e+00 0.000000000000000000e+00 0.000000000000000000e+00 0.000000000000000000e+00 0.000000000000000000e+00
0.000000000000000000e+00 0.000000000000000000e+00 0.000000000000000000e+00 0.000000000000000000e+00 0.000000000000000000e+00
0.000000000000000000e+00 0.000000000000000000e+00 0.000000000000000000e+00 0.000000000000000000e+00 0.000000000000000000e+00
0.000000000000000000e+00 0.000000000000000000e+00 0.000000000000000000e+00 0.000000000000000000e+00 0.000000000000000000e+00
1.113350600746032683e-04 0.000000000000000000e+00 3.925241107437135897e-03 0.000000000000000000e+00 3.765258742574728438e-04
5.282009795929689614e-04 0.000000000000000000e+00 5.459951766496017739e-02 0.000000000000000000e+00 0.000000000000000000e+00
7.037867816927032699e-04 2.336605015436138866e-04 8.841933297909125578e-02 0.000000000000000000e+00 0.000000000000000000e+00
0.000000000000000000e+00 3.686787650214087830e-02 9.875086415583747557e-02 0.000000000000000000e+00 1.747084989339865030e-02
0.000000000000000000e+00 8.223118071645917071e-02 8.259371753193507637e-02 0.000000000000000000e+00 7.375708615616025088e-02
1.778731590295479920e-02 1.165356798751688711e-01 3.626706732726864280e-02 0.000000000000000000e+00 1.013093670205905822e-01
6.988935348145117188e-02 1.294107810636800637e-01 0.000000000000000000e+00 1.044423085463693467e-02 9.520165812552196238e-02
9.940934524012899620e-02 9.724981582574790395e-02 0.000000000000000000e+00 1.001432593363401763e-01 4.522964460608940723e-02
6.010623272127422340e-02 2.947876607918732336e-02 0.000000000000000000e+00 1.738937351395479780e-01 1.386068251595874712e-02
3.229567698336229583e-03 8.145384393150777863e-03 0.000000000000000000e+00 1.311333114704068270e-01 2.158799061521599061e-02
0.000000000000000000e+00 4.762672916925426124e-03 0.000000000000000000e+00 5.290565452622626036e-02 3.712665792999380460e-02
0.000000000000000000e+00 1.022154797134144444e-03 0.000000000000000000e+00 3.178877493788544867e-02 4.436090850320656420e-02
0.000000000000000000e+00 0.000000000000000000e+00 0.000000000000000000e+00 9.247429875485319029e-02 7.020187204994737806e-02
4.151359978922114675e-03 0.000000000000000000e+00 0.000000000000000000e+00 1.514173180296092824e-01 1.183999453022397813e-01
9.837959976181405441e-02 0.000000000000000000e+00 8.096437628382724058e-03 8.566544365284477214e-02 1.162782496235919422e-01
1.417899892271972662e-01 4.925095311120330360e-02 6.934975576624008431e-02 0.000000000000000000e+00 5.793922431690216174e-02
6.488675472348896800e-02 1.235786520534992022e-01 9.588103566706010494e-02 0.000000000000000000e+00 5.292833551445223772e-02
0.000000000000000000e+00 1.264851333854437598e-01 9.308977652371822065e-02 0.000000000000000000e+00 2.575521757865346754e-03
0.000000000000000000e+00 8.053296623828247458e-02 6.920604825291769291e-02 0.000000000000000000e+00 0.000000000000000000e+00
0.000000000000000000e+00 1.493330430235161564e-02 4.233332072784940642e-02 7.013998350626873476e-03 0.000000000000000000e+00
0.000000000000000000e+00 3.064267763755706975e-03 2.557973703726638005e-03 4.377459452706322293e-03 0.000000000000000000e+00
0.000000000000000000e+00 3.386031505821666195e-05 2.455032805674437326e-04 5.484048753486073496e-04 0.000000000000000000e+00
0.000000000000000000e+00 0.000000000000000000e+00 0.000000000000000000e+00 0.000000000000000000e+00 0.000000000000000000e+00
0.000000000000000000e+00 0.000000000000000000e+00 0.000000000000000000e+00 0.000000000000000000e+00 0.000000000000000000e+00
0.000000000000000000e+00 0.000000000000000000e+00 0.000000000000000000e+00 0.000000000000000000e+00 0.000000000000000000e+00
0.000000000000000000e+00 0.000000000000000000e+00 0.000000000000000000e+00 0.000000000000000000e+00 0.000000000000000000e+00
0.000000000000000000e+00 0.000000000000000000e+00 0.000000000000000000e+00 0.000000000000000000e+00 0.000000000000000000e+00
0.000000000000000000e+00 0.000000000000000000e+00 0.000000000000000000e+00 0.000000000000000000e+00 0.000000000000000000e+00
1.666251457894900431e-04 0.000000000000000000e+00 3.507061894340746978e-03 0.000000000000000000e+00 3.221857919384022318e-04
7.684490835909132045e-04 1.954298380628070441e-03 5.656812483331453284e-02 0.000000000000000000e+00 0.000000000000000000e+00
0.000000000000000000e+00 3.089474417128987641e-02 7.944709426187315793e-02 0.000000000000000000e+00 0.000000000000000000e+00
0.000000000000000000e+00 7.373840067190051695e-02 9.720761106782967176e-02 0.000000000000000000e+00 2.584188966855282057e-02
1.021534441434919852e-02 1.053631031366523141e-01 8.798971564015407865e-02 0.000000000000000000e+00 6.315653086665004579e-02
4.307857073891588340e-02 1.230318178226849635e-01 4.496030371188696612e-02 2.608169445445613580e-03 8.675092928233145428e-02
9.923383045347905496e-02 1.031995890192504567e-01 0.000000000000000000e+00 5.953625044951739442e-02 7.467015415995532923e-02
8.904982203316172407e-02 7.184166512323228448e-02 0.000000000000000000e+00 1.294549884566106590e-01 5.958115774700552952e-02
2.560329095215040096e-02 5.118076345681830952e-02 0.000000000000000000e+00 1.279783505652058451e-01 6.273780617584609476e-02
0.000000000000000000e+00 4.519128748518822652e-02 0.000000000000000000e+00 7.240060518001854850e-02 7.079915661596374032e-02
0.000000000000000000e+00 4.031275609736321291e-02 0.000000000000000000e+00 1.943550174515253429e-02 7.176536149455560454e-02
0.000000000000000000e+00 2.034192841614243519e-02 1.484785985475656905e-02 5.266592490345092109e-02 7.432746910800602791e-02
0.000000000000000000e+00 0.000000000000000000e+00 1.800308398463093193e-02 1.326008005483148844e-01 8.939489419665701264e-02
4.586144813136183024e-02 0.000000000000000000e+00 8.743750739869080718e-03 1.597259382289953067e-01 1.133932723447042545e-01
1.270850410922334250e-01 1.985182241585697199e-02 3.917405813830936168e-02 7.003972888231536909e-02 1.021763773640614187e-01
1.064929450876205691e-01 1.077118481655205545e-01 6.906466751572709617e-02 0.000000000000000000e+00 7.870076240641571408e-02
2.019795494582328835e-02 1.298992465754348624e-01 9.082350744101407025e-02 0.000000000000000000e+00 6.351854471829256055e-02
0.000000000000000000e+00 1.076396496770273825e-01 7.886538064154781369e-02 3.458570567029980482e-03 1.769712046644622214e-02
0.000000000000000000e+00 4.034564586590494439e-02 7.348346182428232287e-02 1.955932289418668354e-02 0.000000000000000000e+00
0.000000000000000000e+00 1.089526259821218049e-02 4.930900203000462834e-02 1.294340808909208267e-02 0.000000000000000000e+00
9.271761125354221035e-04 3.227789466409417603e-03 6.125069798473665138e-03 3.134405160574335017e-04 0.000000000000000000e+00
2.747958294188744977e-04 3.102145393818602431e-05 0.000000000000000000e+00 0.000000000000000000e+00 0.000000000000000000e+00
0.000000000000000000e+00 0.000000000000000000e+00 0.000000000000000000e+00 0.000000000000000000e+00 0.000000000000000000e+00
0.000000000000000000e+00 0.000000000000000000e+00 0.000000000000000000e+00 0.000000000000000000e+00 0.000000000000000000e+00
0.000000000000000000e+00 0.000000000000000000e+00 0.000000000000000000e+00 0.000000000000000000e+00 0.000000000000000000e+00
0.000000000000000000e+00 0.000000000000000000e+00 0.000000000000000000e+00 0.000000000000000000e+00 0.000000000000000000e+00
0.000000000000000000e+00 0.000000000000000000e+00 0.000000000000000000e+00 0.000000000000000000e+00 0.000000000000000000e+00
0.000000000000000000e+00 0.000000000000000000e+00 0.000000000000000000e+00 0.000000000000000000e+00 0.000000000000000000e+00
1.666251457894900431e-04 0.000000000000000000e+00 3.507061894340746978e-03 0.000000000000000000e+00 3.221857919384022318e-04
7.423815964523555700e-04 9.068308123146752095e-03 5.389503690830667326e-02 0.000000000000000000e+00 0.000000000000000000e+00
0.000000000000000000e+00 5.571587130186954340e-02 7.842068416595379676e-02 0.000000000000000000e+00 0.000000000000000000e+00
0.000000000000000000e+00 9.644687207261087858e-02 1.020110269375202605e-01 0.000000000000000000e+00 2.353690494183003842e-02
2.832232683505451001e-02 1.154919896592168926e-01 9.847297715030495224e-02 0.000000000000000000e+00 5.089735950633071659e-02
8.580929561594710653e-02 8.772736292388234880e-02 7.465850289627114222e-02 2.651541573329466162e-02 6.721048205458164670e-02
1.296667409281750394e-01 4.801673226275374878e-02 1.751465032076471307e-02 7.040161302076586303e-02 6.573802740679117462e-02
1.048684721829642175e-01 4.449060077740539521e-02 0.000000000000000000e+00 8.622216498432258569e-02 7.845638195783663504e-02
3.496679892855303340e-02 6.811670072107650631e-02 0.000000000000000000e+00 7.207860229262262608e-02 8.917736547407491277e-02
0.000000000000000000e+00 7.398972084444196962e-02 2.216334928116801828e-02 4.430035897767663905e-02 9.354187873028611822e-02
0.000000000000000000e+00 6.535535383258338216e-02 2.850560154883391081e-02 4.338987280252463302e-02 9.222032391459769607e-02
0.000000000000000000e+00 3.953772357399464726e-02 3.403086070285293863e-02 9.110419631447887190e-02 9.073482659072527878e-02
1.456676845839488012e-02 8.955203067441070211e-03 3.891107513312421634e-02 1.560731220346719961e-01 8.020709724734216561e-02
8.544138170231309337e-02 1.369784194233293791e-02 2.907413320245412491e-02 1.454602073517086425e-01 9.670236143435485821e-02
1.203587378597458651e-01 7.944459136155500312e-02 4.377216247733147630e-02 6.607760814432836471e-02 1.130648638141813905e-01
7.057010020051142363e-02 1.215172205856341198e-01 7.757512117031652166e-02 0.000000000000000000e+00 9.225637752195653407e-02
5.428951911279131584e-03 1.133525645779831365e-01 9.185690476927348136e-02 2.231686364166535555e-02 6.228712980332117011e-02
0.000000000000000000e+00 6.795013895191083508e-02 8.770554459082935406e-02 5.707898439850175865e-02 4.338940139349618114e-03
0.000000000000000000e+00 1.521369291171957919e-02 8.610691927583459526e-02 4.588833527180563587e-02 0.000000000000000000e+00
0.000000000000000000e+00 5.306561431847205135e-03 4.958905248113755493e-02 1.900002490099765920e-02 0.000000000000000000e+00
8.524848877313588331e-04 0.000000000000000000e+00 1.743248414685601502e-02 5.191040784096078928e-03 0.000000000000000000e+00
2.999601894548772907e-04 0.000000000000000000e+00 6.487398132487103585e-06 3.686959994199813908e-04 0.000000000000000000e+00
0.000000000000000000e+00 0.000000000000000000e+00 0.000000000000000000e+00 0.000000000000000000e+00 0.000000000000000000e+00
0.000000000000000000e+00 0.000000000000000000e+00 0.000000000000000000e+00 0.000000000000000000e+00 0.000000000000000000e+00
0.000000000000000000e+00 0.000000000000000000e+00 0.000000000000000000e+00 0.000000000000000000e+00 0.000000000000000000e+00
0.000000000000000000e+00 0.000000000000000000e+00 0.000000000000000000e+00 0.000000000000000000e+00 0.000000000000000000e+00
0.000000000000000000e+00 0.000000000000000000e+00 0.000000000000000000e+00 0.000000000000000000e+00 0.000000000000000000e+00
0.000000000000000000e+00 0.000000000000000000e+00 0.000000000000000000e+00 0.000000000000000000e+00 0.000000000000000000e+00
1.571935337636699251e-04 0.000000000000000000e+00 3.308548956925233195e-03 0.000000000000000000e+00 3.039488603192474396e-04
1.116829412594731339e-03 8.803800800580954475e-03 4.405457300556075290e-02 0.000000000000000000e+00 0.000000000000000000e+00
2.888937491655969251e-03 4.319728362954858986e-02 8.354818280756966253e-02 0.000000000000000000e+00 0.000000000000000000e+00
2.191748071335011816e-02 7.507072602163891717e-02 1.236537994350506986e-01 0.000000000000000000e+00 0.000000000000000000e+00
6.628357472203384726e-02 5.998382498707440641e-02 1.286444794491459764e-01 1.231810792206930981e-02 3.447776399201620684e-02
1.253647988312846240e-01 2.722906918194655315e-02 9.188139341787628089e-02 6.132004178610164086e-02 5.899234774153332833e-02
1.513754972677658628e-01 1.340184159779252843e-02 5.997024772584647750e-02 6.659310442047886025e-02 6.782711950854342087e-02
1.475670844410572613e-01 3.415703484159412356e-02 5.258337680791640850e-02 4.655445576529739643e-02 7.157469506259307723e-02
1.152259786631390642e-01 5.242460190947043075e-02 5.482263399921940422e-02 2.683400402768331555e-02 8.173873679825253979e-02
9.576689438404804855e-02 5.426749312045590218e-02 5.452700774167480030e-02 2.795040337215516299e-02 8.664659159760655649e-02
7.182481124060526023e-02 6.363607955723116216e-02 6.263783156702240618e-02 5.709552855315779690e-02 7.422143994642646514e-02
5.184038032086696335e-02 6.632492152520570727e-02 6.455298553863254851e-02 9.325920905038097286e-02 6.803348765964227496e-02
6.511352898781391785e-02 4.532494192106289316e-02 5.872709788644935730e-02 1.466479654433586188e-01 6.346060594735354610e-02
1.205675935596537962e-01 6.973276180174424466e-02 4.108510330704105012e-02 1.103022737118254798e-01 7.884486258061326747e-02
1.105118659478815241e-01 1.009411721546483870e-01 5.013762057261402644e-02 5.321034151988084798e-02 9.603565449646468688e-02
6.186015155363080303e-02 1.176075253612143129e-01 9.144502591949023318e-02 3.171449581755392353e-03 8.864824470466579898e-02
2.370690618590737177e-03 1.036964319758264252e-01 1.131411565222187332e-01 4.547195702381641447e-02 3.353171946729872205e-02
0.000000000000000000e+00 5.338851541321040783e-02 9.895733113795539271e-02 5.142472392009022480e-02 0.000000000000000000e+00
0.000000000000000000e+00 7.532951036049436409e-03 8.782475599466377236e-02 4.303105227308096775e-02 0.000000000000000000e+00
0.000000000000000000e+00 2.958304274275737138e-04 5.367295048775950345e-02 2.490732852803964267e-02 0.000000000000000000e+00
0.000000000000000000e+00 0.000000000000000000e+00 2.526513158500788211e-02 9.596529414257355325e-03 0.000000000000000000e+00
0.000000000000000000e+00 0.000000000000000000e+00 3.909011743167358811e-04 3.442519113546576876e-03 0.000000000000000000e+00
0.000000000000000000e+00 0.000000000000000000e+00 0.000000000000000000e+00 0.000000000000000000e+00 0.000000000000000000e+00
0.000000000000000000e+00 0.000000000000000000e+00 0.000000000000000000e+00 0.000000000000000000e+00 0.000000000000000000e+00
0.000000000000000000e+00 0.000000000000000000e+00 0.000000000000000000e+00 0.000000000000000000e+00 0.000000000000000000e+00
0.000000000000000000e+00 0.000000000000000000e+00 0.000000000000000000e+00 0.000000000000000000e+00 0.000000000000000000e+00
0.000000000000000000e+00 0.000000000000000000e+00 0.000000000000000000e+00 0.000000000000000000e+00 0.000000000000000000e+00
0.000000000000000000e+00 0.000000000000000000e+00 0.000000000000000000e+00 0.000000000000000000e+00 0.000000000000000000e+00
0.000000000000000000e+00 0.000000000000000000e+00 0.000000000000000000e+00 0.000000000000000000e+00 0.000000000000000000e+00
1.041106185901029355e-03 9.116384591673824464e-03 3.198058450541862302e-02 0.000000000000000000e+00 0.000000000000000000e+00
9.314731630381290275e-03 2.666503921871541186e-02 8.862801084027294163e-02 0.000000000000000000e+00 0.000000000000000000e+00
3.133589012686698039e-02 4.253595514160684460e-02 1.329590027338807545e-01 2.082157408630320831e-03 0.000000000000000000e+00
7.910867200784320319e-02 1.975769287270609867e-02 1.402133221713009470e-01 2.817604679990663719e-02 4.897687401099607048e-03
1.216493785251853976e-01 0.000000000000000000e+00 1.196113749103623197e-01 5.406291586611903371e-02 3.612916284371989889e-02
1.272174822134403971e-01 1.691551005919273440e-03 1.032295237216069028e-01 6.245909161747674465e-02 5.860231176170409978e-02
1.295779697402245079e-01 1.284133344147878053e-02 9.627507543023705594e-02 4.973670399009914173e-02 5.177435250215811635e-02
1.385216600109654972e-01 2.398579280518932030e-02 9.165623999819054457e-02 2.582648160555680791e-02 2.922960609864037537e-02
1.436981670998012661e-01 3.165319125351747503e-02 8.458115030795444744e-02 2.808801519667883731e-02 1.617130612895422564e-02
1.349332591160677108e-01 3.551720666547540650e-02 8.189973181946104408e-02 5.764870347085372659e-02 3.547133744576473884e-03
1.222367050030458424e-01 4.917309610645632240e-02 7.584256455569060584e-02 9.333970010686194752e-02 4.588663795287711324e-03
1.203009955716365653e-01 7.072509021816925090e-02 4.560947865316429539e-02 1.069594932136863907e-01 3.433569051279775075e-02
1.314091510737637469e-01 9.676598213737303000e-02 3.186214358681552228e-02 8.073371824030219079e-02 6.060718166962902886e-02
1.195939172742839229e-01 9.927353136977429271e-02 4.316115673493440413e-02 2.975079076995795768e-02 8.611814941515141819e-02
6.468091470490393291e-02 8.957682505389828742e-02 7.859029867335165509e-02 2.035097814628874374e-02 9.166389631099504387e-02
0.000000000000000000e+00 7.685144121259838978e-02 1.224669552535987971e-01 1.732149512990408674e-02 3.420092726244093606e-02
0.000000000000000000e+00 3.930182987247048121e-02 1.061029989922885886e-01 1.706458128055621248e-02 0.000000000000000000e+00
0.000000000000000000e+00 0.000000000000000000e+00 7.500986035513627914e-02 2.768336151916837157e-02 0.000000000000000000e+00
0.000000000000000000e+00 0.000000000000000000e+00 4.336888069688599190e-02 2.356190777702494785e-02 0.000000000000000000e+00
0.000000000000000000e+00 0.000000000000000000e+00 8.519529186188644007e-03 1.283667897703555556e-02 0.000000000000000000e+00
2.089637352857199226e-04 0.000000000000000000e+00 3.268638241062114670e-06 7.916767685977255586e-04 0.000000000000000000e+00
0.000000000000000000e+00 0.000000000000000000e+00 0.000000000000000000e+00 0.000000000000000000e+00 0.000000000000000000e+00
0.000000000000000000e+00 0.000000000000000000e+00 0.000000000000000000e+00 0.000000000000000000e+00 0.000000000000000000e+00
0.000000000000000000e+00 0.000000000000000000e+00 0.000000000000000000e+00 0.000000000000000000e+00 0.000000000000000000e+00
0.000000000000000000e+00 0.000000000000000000e+00 0.000000000000000000e+00 0.000000000000000000e+00 0.000000000000000000e+00
0.000000000000000000e+00 0.000000000000000000e+00 0.000000000000000000e+00 0.000000000000000000e+00 0.000000000000000000e+00
0.000000000000000000e+00 0.000000000000000000e+00 0.000000000000000000e+00 0.000000000000000000e+00 0.000000000000000000e+00
0.000000000000000000e+00 0.000000000000000000e+00 0.000000000000000000e+00 0.000000000000000000e+00 0.000000000000000000e+00
0.000000000000000000e+00 1.169637185203303668e-02 5.796292074550322276e-03 0.000000000000000000e+00 0.000000000000000000e+00
5.983183674620624545e-03 1.646174747423142029e-02 5.599960170335693127e-02 0.000000000000000000e+00 0.000000000000000000e+00
1.797398581693557956e-02 1.654456569831491350e-02 1.039205757270371122e-01 8.195946255476895675e-03 0.000000000000000000e+00
5.323371884409125454e-02 0.000000000000000000e+00 1.197939663637506980e-01 2.530292174586525056e-02 0.000000000000000000e+00
6.110689785960614351e-02 0.000000000000000000e+00 1.107110872656814765e-01 5.261121765744668916e-02 7.279572164876711021e-03
5.550277454695974610e-02 0.000000000000000000e+00 1.020181034024302963e-01 6.440473129112479767e-02 1.419893770499088340e-02
4.439059052091696295e-02 2.767443947556765330e-03 1.039312447887514451e-01 6.715764160006441885e-02 6.580430138093773355e-03
4.699848792503183437e-02 1.056363890239062249e-02 9.556738219917432220e-02 8.021759419421685411e-02 0.000000000000000000e+00
5.119588429351109443e-02 2.051544169857814903e-02 8.434271565051280894e-02 1.001567593016469970e-01 0.000000000000000000e+00
6.978440670290492198e-02 3.230074567893190945e-02 6.715737100350469002e-02 1.181357638364620849e-01 0.000000000000000000e+00
9.960775836047916498e-02 6.307865944483112552e-02 4.929698452571178169e-02 1.247465832873264346e-01 0.000000000000000000e+00
1.276612316603074893e-01 9.113581115721834658e-02 2.491870689120730120e-02 9.514635579567527757e-02 1.617733313279567540e-03
1.219726892524058415e-01 1.056349567238670101e-01 1.064549760990643121e-02 3.063513328412658179e-02 6.741611084336394943e-02
8.531313317731449575e-02 9.040301166884746886e-02 4.203914263184606315e-02 0.000000000000000000e+00 1.050808588711784203e-01
1.840576330442239561e-02 6.877369737648546255e-02 8.504872735931447159e-02 0.000000000000000000e+00 1.029874614211038764e-01
0.000000000000000000e+00 4.097825719489019136e-02 1.158674472836865449e-01 0.000000000000000000e+00 3.882561898217665175e-02
0.000000000000000000e+00 1.410915509696217263e-02 1.113898857219970395e-01 0.000000000000000000e+00 0.000000000000000000e+00
1.981108937616172291e-03 0.000000000000000000e+00 7.750569808147185491e-02 3.337813761794636291e-03 0.000000000000000000e+00
2.299115564331433159e-03 0.000000000000000000e+00 2.602039222708812938e-02 4.780281680947170986e-03 0.000000000000000000e+00
5.591236309594988614e-04 0.000000000000000000e+00 0.000000000000000000e+00 7.239048854145124084e-03 0.000000000000000000e+00
4.661498710219897897e-04 0.000000000000000000e+00 7.291577614676798908e-06 1.766048176102621515e-03 0.000000000000000000e+00
0.000000000000000000e+00 5.495037050199638642e-04 2.482079828547181484e-04 7.035853332762716586e-04 0.000000000000000000e+00
0.000000000000000000e+00 0.000000000000000000e+00 0.000000000000000000e+00 0.000000000000000000e+00 0.000000000000000000e+00
0.000000000000000000e+00 0.000000000000000000e+00 0.000000000000000000e+00 0.000000000000000000e+00 0.000000000000000000e+00
0.000000000000000000e+00 0.000000000000000000e+00 0.000000000000000000e+00 0.000000000000000000e+00 0.000000000000000000e+00
0.000000000000000000e+00 0.000000000000000000e+00 0.000000000000000000e+00 0.000000000000000000e+00 0.000000000000000000e+00
0.000000000000000000e+00 0.000000000000000000e+00 0.000000000000000000e+00 0.000000000000000000e+00 0.000000000000000000e+00
0.000000000000000000e+00 0.000000000000000000e+00 0.000000000000000000e+00 0.000000000000000000e+00 0.000000000000000000e+00
0.000000000000000000e+00 8.956602827289555360e-04 5.127370364518550779e-04 0.000000000000000000e+00 0.000000000000000000e+00
1.462965061000499455e-03 5.362683852792398363e-03 8.891335556444005667e-03 0.000000000000000000e+00 0.000000000000000000e+00
5.299501369798041012e-03 8.542487888456568382e-03 3.176750831316280110e-02 1.656836203328815446e-03 0.000000000000000000e+00
1.441280855494694348e-02 0.000000000000000000e+00 6.104365491352202466e-02 1.725936985564264711e-02 0.000000000000000000e+00
1.437889782555641649e-02 0.000000000000000000e+00 8.025911382591141563e-02 3.288492136059856241e-02 0.000000000000000000e+00
3.440722413599938811e-03 0.000000000000000000e+00 7.561653325986139595e-02 5.220219816318172334e-02 0.000000000000000000e+00
0.000000000000000000e+00 0.000000000000000000e+00 5.101048992739423693e-02 7.066973851312099986e-02 0.000000000000000000e+00
0.000000000000000000e+00 0.000000000000000000e+00 4.382511354705825868e-02 1.000614078793913703e-01 0.000000000000000000e+00
0.000000000000000000e+00 7.926656810780611725e-03 4.068195930288794060e-02 1.342995518936339061e-01 0.000000000000000000e+00
1.276548373716241552e-02 4.827222870309348657e-02 4.124016612976065532e-02 1.645362379051247270e-01 0.000000000000000000e+00
6.443438875618370809e-02 8.774895110701411149e-02 1.139177445149577687e-02 1.284064407613701719e-01 0.000000000000000000e+00
1.175530476115666106e-01 1.017050555645404725e-01 0.000000000000000000e+00 4.672809896979370631e-02 1.471303128516035855e-02
9.059558515500969189e-02 1.046618870891662390e-01 0.000000000000000000e+00 0.000000000000000000e+00 9.882189570842092596e-02
3.073030923296930783e-02 6.911092472523125418e-02 2.205280196795423794e-02 0.000000000000000000e+00 1.335870580358201054e-01
0.000000000000000000e+00 2.828884278981531886e-02 6.992320465020057663e-02 0.000000000000000000e+00 1.063958177197786431e-01
0.000000000000000000e+00 6.609466071079009471e-03 9.510588533161273839e-02 0.000000000000000000e+00 3.658226933088121191e-02
0.000000000000000000e+00 0.000000000000000000e+00 1.026990342901687447e-01 0.000000000000000000e+00 0.000000000000000000e+00
0.000000000000000000e+00 0.000000000000000000e+00 7.132436705791367348e-02 3.058123105557627140e-03 0.000000000000000000e+00
4.534728828523740089e-04 0.000000000000000000e+00 2.108197092744368978e-02 3.847791548378956972e-03 0.000000000000000000e+00
1.660993793296743981e-04 0.000000000000000000e+00 2.598148345459529866e-06 6.292815340135780216e-04 0.000000000000000000e+00
0.000000000000000000e+00 0.000000000000000000e+00 0.000000000000000000e+00 0.000000000000000000e+00 0.000000000000000000e+00
0.000000000000000000e+00 0.000000000000000000e+00 0.000000000000000000e+00 0.000000000000000000e+00 0.000000000000000000e+00
0.000000000000000000e+00 0.000000000000000000e+00 0.000000000000000000e+00 0.000000000000000000e+00 0.000000000000000000e+00
0.000000000000000000e+00 0.000000000000000000e+00 0.000000000000000000e+00 0.000000000000000000e+00 0.000000000000000000e+00
0.000000000000000000e+00 0.000000000000000000e+00 0.000000000000000000e+00 0.000000000000000000e+00 0.000000000000000000e+00
0.000000000000000000e+00 0.000000000000000000e+00 0.000000000000000000e+00 0.000000000000000000e+00 0.000000000000000000e+00
0.000000000000000000e+00 0.000000000000000000e+00 0.000000000000000000e+00 0.000000000000000000e+00 0.000000000000000000e+00
0.000000000000000000e+00 0.000000000000000000e+00 0.000000000000000000e+00 0.000000000000000000e+00 0.000000000000000000e+00
0.000000000000000000e+00 0.000000000000000000e+00 0.000000000000000000e+00 0.000000000000000000e+00 0.000000000000000000e+00
1.404709100049166784e-04 2.619888196781478386e-04 3.940947939144575024e-04 0.000000000000000000e+00 0.000000000000000000e+00
0.000000000000000000e+00 4.108148496784113680e-03 3.902588775679928946e-03 0.000000000000000000e+00 0.000000000000000000e+00
6.535573949562010218e-04 4.608474998124348354e-03 2.372564171700841662e-03 4.978601773901209643e-03 1.751177946718250481e-03
0.000000000000000000e+00 3.932218410780998104e-03 1.778957900151975375e-03 1.123832696511580485e-02 1.556287712781582186e-03
0.000000000000000000e+00 1.179657803961413906e-03 7.601456118237539042e-03 2.670115356233594001e-02 0.000000000000000000e+00
0.000000000000000000e+00 0.000000000000000000e+00 1.351722125230820151e-02 5.750110856252033803e-02 0.000000000000000000e+00
0.000000000000000000e+00 0.000000000000000000e+00 1.619144465248625528e-02 8.946173619905307961e-02 0.000000000000000000e+00
0.000000000000000000e+00 1.297177981947069368e-02 1.818353223235065486e-02 1.382168299986450688e-01 0.000000000000000000e+00
3.507285052116740354e-02 5.866217934181995608e-02 1.391514470512774694e-02 1.277141163512796884e-01 0.000000000000000000e+00
1.012500894100730464e-01 9.838628719355098362e-02 0.000000000000000000e+00 5.789266212835261077e-02 0.000000000000000000e+00
1.110777088371369403e-01 9.837779279764531648e-02 0.000000000000000000e+00 0.000000000000000000e+00 3.903198829832469491e-02
5.356243440663108896e-02 9.070228688244817705e-02 0.000000000000000000e+00 0.000000000000000000e+00 1.265187794747802130e-01
0.000000000000000000e+00 4.571164816789383828e-02 1.532056269419543662e-02 0.000000000000000000e+00 1.403881775004707511e-01
0.000000000000000000e+00 5.062854972475871844e-03 7.206029427928177522e-02 0.000000000000000000e+00 1.004292249841567536e-01
0.000000000000000000e+00 0.000000000000000000e+00 8.879145585793118967e-02 0.000000000000000000e+00 3.851628061941010650e-02
0.000000000000000000e+00 0.000000000000000000e+00 9.904432939274977754e-02 0.000000000000000000e+00 0.000000000000000000e+00
0.000000000000000000e+00 0.000000000000000000e+00 6.758532059008341697e-02 0.000000000000000000e+00 0.000000000000000000e+00
2.207491563618339930e-05 0.000000000000000000e+00 1.873857707746401022e-02 4.458678962512967214e-04 0.000000000000000000e+00
0.000000000000000000e+00 0.000000000000000000e+00 0.000000000000000000e+00 0.000000000000000000e+00 0.000000000000000000e+00
0.000000000000000000e+00 0.000000000000000000e+00 0.000000000000000000e+00 0.000000000000000000e+00 0.000000000000000000e+00
0.000000000000000000e+00 0.000000000000000000e+00 0.000000000000000000e+00 0.000000000000000000e+00 0.000000000000000000e+00
0.000000000000000000e+00 0.000000000000000000e+00 0.000000000000000000e+00 0.000000000000000000e+00 0.000000000000000000e+00
0.000000000000000000e+00 0.000000000000000000e+00 0.000000000000000000e+00 0.000000000000000000e+00 0.000000000000000000e+00
0.000000000000000000e+00 0.000000000000000000e+00 0.000000000000000000e+00 0.000000000000000000e+00 0.000000000000000000e+00
0.000000000000000000e+00 0.000000000000000000e+00 0.000000000000000000e+00 0.000000000000000000e+00 0.000000000000000000e+00
0.000000000000000000e+00 0.000000000000000000e+00 0.000000000000000000e+00 0.000000000000000000e+00 0.000000000000000000e+00
0.000000000000000000e+00 0.000000000000000000e+00 0.000000000000000000e+00 0.000000000000000000e+00 0.000000000000000000e+00
0.000000000000000000e+00 0.000000000000000000e+00 0.000000000000000000e+00 0.000000000000000000e+00 0.000000000000000000e+00
0.000000000000000000e+00 0.000000000000000000e+00 0.000000000000000000e+00 0.000000000000000000e+00 0.000000000000000000e+00
0.000000000000000000e+00 0.000000000000000000e+00 0.000000000000000000e+00 0.000000000000000000e+00 0.000000000000000000e+00
0.000000000000000000e+00 6.305324423100523538e-04 1.338156729275083315e-04 4.101503925268279579e-05 5.124507033545238894e-05
0.000000000000000000e+00 4.408486495233985311e-04 6.294631887070915388e-04 4.077547433689931999e-03 0.000000000000000000e+00
0.000000000000000000e+00 0.000000000000000000e+00 3.457049748687678493e-03 1.830960961255628447e-02 0.000000000000000000e+00
0.000000000000000000e+00 0.000000000000000000e+00 6.028485534831468269e-03 4.724104723637580910e-02 0.000000000000000000e+00
0.000000000000000000e+00 6.372613986996553993e-03 5.375954491724193110e-03 9.996565921239632113e-02 0.000000000000000000e+00
5.986790518784704945e-03 4.432331203959904986e-02 2.844519537406178366e-03 1.159153147246060334e-01 0.000000000000000000e+00
5.598639870845998484e-02 9.395107851893033657e-02 7.000869889488945015e-04 6.954368203760212530e-02 0.000000000000000000e+00
1.210734773654047053e-01 1.014013081239849012e-01 0.000000000000000000e+00 0.000000000000000000e+00 0.000000000000000000e+00
1.000573163206046196e-01 9.189377701322537506e-02 0.000000000000000000e+00 0.000000000000000000e+00 4.977872506609988534e-02
3.149501997827679894e-02 5.409545676047364943e-02 0.000000000000000000e+00 0.000000000000000000e+00 1.331167539659816601e-01
0.000000000000000000e+00 1.637506655952354964e-02 1.887028369336767736e-02 0.000000000000000000e+00 1.367059098065468714e-01
0.000000000000000000e+00 0.000000000000000000e+00 5.774294250916275906e-02 0.000000000000000000e+00 1.081564948141953281e-01
0.000000000000000000e+00 0.000000000000000000e+00 8.513212736841163641e-02 0.000000000000000000e+00 4.517004221022802996e-02
0.000000000000000000e+00 0.000000000000000000e+00 9.832703067914132233e-02 0.000000000000000000e+00 0.000000000000000000e+00
0.000000000000000000e+00 0.000000000000000000e+00 7.201568305561616146e-02 0.000000000000000000e+00 0.000000000000000000e+00
0.000000000000000000e+00 0.000000000000000000e+00 2.128341159568905919e-02 1.073636879616434369e-03 0.000000000000000000e+00
0.000000000000000000e+00 0.000000000000000000e+00 0.000000000000000000e+00 0.000000000000000000e+00 0.000000000000000000e+00
0.000000000000000000e+00 0.000000000000000000e+00 0.000000000000000000e+00 0.000000000000000000e+00 0.000000000000000000e+00
0.000000000000000000e+00 0.000000000000000000e+00 0.000000000000000000e+00 0.000000000000000000e+00 0.000000000000000000e+00
0.000000000000000000e+00 0.000000000000000000e+00 0.000000000000000000e+00 0.000000000000000000e+00 0.000000000000000000e+00
0.000000000000000000e+00 0.000000000000000000e+00 0.000000000000000000e+00 0.000000000000000000e+00 0.000000000000000000e+00
0.000000000000000000e+00 0.000000000000000000e+00 0.000000000000000000e+00 0.000000000000000000e+00 0.000000000000000000e+00
0.000000000000000000e+00 0.000000000000000000e+00 0.000000000000000000e+00 0.000000000000000000e+00 0.000000000000000000e+00
0.000000000000000000e+00 0.000000000000000000e+00 0.000000000000000000e+00 0.000000000000000000e+00 0.000000000000000000e+00
0.000000000000000000e+00 0.000000000000000000e+00 0.000000000000000000e+00 0.000000000000000000e+00 0.000000000000000000e+00
0.000000000000000000e+00 0.000000000000000000e+00 0.000000000000000000e+00 0.000000000000000000e+00 0.000000000000000000e+00
0.000000000000000000e+00 0.000000000000000000e+00 0.000000000000000000e+00 0.000000000000000000e+00 0.000000000000000000e+00
0.000000000000000000e+00 0.000000000000000000e+00 0.000000000000000000e+00 0.000000000000000000e+00 0.000000000000000000e+00
0.000000000000000000e+00 0.000000000000000000e+00 4.001473148209400583e-05 1.529925374439532616e-04 0.000000000000000000e+00
4.269558144239842196e-04 0.000000000000000000e+00 2.208644966770824045e-03 1.643229820991382040e-02 0.000000000000000000e+00
0.000000000000000000e+00 0.000000000000000000e+00 4.094704908808059415e-03 3.118302766723453009e-02 0.000000000000000000e+00
0.000000000000000000e+00 3.189387458914296012e-03 3.650228953408153794e-03 7.196542821215239083e-02 0.000000000000000000e+00
0.000000000000000000e+00 2.945345040378642351e-02 1.257991672532927539e-03 1.180219463977557615e-01 0.000000000000000000e+00
2.405104754253361427e-02 7.246681940535215638e-02 1.235655456554154291e-03 8.528876665207446583e-02 0.000000000000000000e+00
8.524820492640079739e-02 1.011338760429945083e-01 0.000000000000000000e+00 1.648992597960982631e-02 0.000000000000000000e+00
1.162544553806862530e-01 8.830339322501332133e-02 0.000000000000000000e+00 0.000000000000000000e+00 0.000000000000000000e+00
7.993978152722631958e-02 6.468304086571320666e-02 0.000000000000000000e+00 0.000000000000000000e+00 6.559898049374376927e-02
1.173220211765486909e-02 2.468870995250358955e-02 0.000000000000000000e+00 0.000000000000000000e+00 1.299332937716262959e-01
0.000000000000000000e+00 4.040955416043121549e-03 1.663390925606532400e-02 0.000000000000000000e+00 1.265950456509879751e-01
0.000000000000000000e+00 0.000000000000000000e+00 5.297565846309115062e-02 0.000000000000000000e+00 1.045619166018383200e-01
0.000000000000000000e+00 0.000000000000000000e+00 7.499109283784179125e-02 0.000000000000000000e+00 4.490033343255617898e-02
0.000000000000000000e+00 0.000000000000000000e+00 9.369745162969814190e-02 0.000000000000000000e+00 0.000000000000000000e+00
0.000000000000000000e+00 0.000000000000000000e+00 7.194345444464750328e-02 0.000000000000000000e+00 0.000000000000000000e+00
0.000000000000000000e+00 0.000000000000000000e+00 1.731266084087615398e-02 1.509162634061706225e-03 0.000000000000000000e+00
0.000000000000000000e+00 0.000000000000000000e+00 0.000000000000000000e+00 0.000000000000000000e+00 0.000000000000000000e+00
0.000000000000000000e+00 0.000000000000000000e+00 0.000000000000000000e+00 0.000000000000000000e+00 0.000000000000000000e+00
0.000000000000000000e+00 0.000000000000000000e+00 0.000000000000000000e+00 0.000000000000000000e+00 0.000000000000000000e+00
0.000000000000000000e+00 0.000000000000000000e+00 0.000000000000000000e+00 0.000000000000000000e+00 0.000000000000000000e+00
0.000000000000000000e+00 0.000000000000000000e+00 0.000000000000000000e+00 0.000000000000000000e+00 0.000000000000000000e+00
0.000000000000000000e+00 0.000000000000000000e+00 0.000000000000000000e+00 0.000000000000000000e+00 0.000000000000000000e+00
0.000000000000000000e+00 0.000000000000000000e+00 0.000000000000000000e+00 0.000000000000000000e+00 0.000000000000000000e+00
0.000000000000000000e+00 0.000000000000000000e+00 0.000000000000000000e+00 0.000000000000000000e+00 0.000000000000000000e+00
0.000000000000000000e+00 0.000000000000000000e+00 0.000000000000000000e+00 0.000000000000000000e+00 0.000000000000000000e+00
0.000000000000000000e+00 0.000000000000000000e+00 0.000000000000000000e+00 0.000000000000000000e+00 0.000000000000000000e+00
0.000000000000000000e+00 0.000000000000000000e+00 0.000000000000000000e+00 0.000000000000000000e+00 0.000000000000000000e+00
0.000000000000000000e+00 0.000000000000000000e+00 0.000000000000000000e+00 0.000000000000000000e+00 0.000000000000000000e+00
3.156252059382083142e-04 0.000000000000000000e+00 1.393169311181369175e-03 1.164294347833059844e-02 0.000000000000000000e+00
7.355833023201959441e-04 0.000000000000000000e+00 4.218185879705274935e-03 2.310340396850112110e-02 0.000000000000000000e+00
0.000000000000000000e+00 1.633888114128308211e-04 1.194518548070045609e-03 3.418502439504349927e-02 0.000000000000000000e+00
0.000000000000000000e+00 2.006246119530749605e-02 3.460603994624288776e-03 9.747186141840658014e-02 0.000000000000000000e+00
3.463510344766147428e-03 5.540816001592866608e-02 1.661211159240123152e-03 1.016558515248229821e-01 0.000000000000000000e+00
4.903132426878133859e-02 8.484456768045600672e-02 0.000000000000000000e+00 3.280039766389222095e-02 0.000000000000000000e+00
9.850945870032273843e-02 9.037146110366499341e-02 0.000000000000000000e+00 0.000000000000000000e+00 0.000000000000000000e+00
1.061666353191895035e-01 7.177111098602724504e-02 0.000000000000000000e+00 0.000000000000000000e+00 1.629637524461066689e-02
5.689795212981694356e-02 4.146411108875194818e-02 0.000000000000000000e+00 0.000000000000000000e+00 8.514881080274187830e-02
0.000000000000000000e+00 1.374945517428843335e-02 0.000000000000000000e+00 0.000000000000000000e+00 1.261415260892375378e-01
0.000000000000000000e+00 0.000000000000000000e+00 9.543375782724241099e-03 0.000000000000000000e+00 1.180289752803231895e-01
0.000000000000000000e+00 0.000000000000000000e+00 4.726873631219524752e-02 0.000000000000000000e+00 9.816885897917905501e-02
0.000000000000000000e+00 0.000000000000000000e+00 7.257833396175955576e-02 0.000000000000000000e+00 4.243528064223812957e-02
0.000000000000000000e+00 0.000000000000000000e+00 8.111251408043967936e-02 0.000000000000000000e+00 0.000000000000000000e+00
0.000000000000000000e+00 0.000000000000000000e+00 5.980741162484431994e-02 0.000000000000000000e+00 0.000000000000000000e+00
0.000000000000000000e+00 0.000000000000000000e+00 1.694790309090267108e-02 1.217851688432519805e-03 0.000000000000000000e+00
0.000000000000000000e+00 0.000000000000000000e+00 0.000000000000000000e+00 0.000000000000000000e+00 0.000000000000000000e+00
0.000000000000000000e+00 0.000000000000000000e+00 0.000000000000000000e+00 0.000000000000000000e+00 0.000000000000000000e+00
0.000000000000000000e+00 0.000000000000000000e+00 0.000000000000000000e+00 0.000000000000000000e+00 0.000000000000000000e+00
0.000000000000000000e+00 0.000000000000000000e+00 0.000000000000000000e+00 0.000000000000000000e+00 0.000000000000000000e+00
0.000000000000000000e+00 0.000000000000000000e+00 0.000000000000000000e+00 0.000000000000000000e+00 0.000000000000000000e+00
0.000000000000000000e+00 0.000000000000000000e+00 0.000000000000000000e+00 0.000000000000000000e+00 0.000000000000000000e+00
0.000000000000000000e+00 0.000000000000000000e+00 0.000000000000000000e+00 0.000000000000000000e+00 0.000000000000000000e+00
0.000000000000000000e+00 0.000000000000000000e+00 0.000000000000000000e+00 0.000000000000000000e+00 0.000000000000000000e+00
0.000000000000000000e+00 0.000000000000000000e+00 0.000000000000000000e+00 0.000000000000000000e+00 0.000000000000000000e+00
0.000000000000000000e+00 0.000000000000000000e+00 0.000000000000000000e+00 0.000000000000000000e+00 0.000000000000000000e+00
0.000000000000000000e+00 0.000000000000000000e+00 0.000000000000000000e+00 0.000000000000000000e+00 0.000000000000000000e+00
9.079075396325589950e-05 0.000000000000000000e+00 6.384271084083481670e-04 5.241299773396099378e-03 0.000000000000000000e+00
2.009627158003403650e-04 0.000000000000000000e+00 2.846578491522068922e-03 1.901427316377091517e-02 0.000000000000000000e+00
0.000000000000000000e+00 0.000000000000000000e+00 1.510290383736235349e-03 1.414213398787950854e-02 0.000000000000000000e+00
0.000000000000000000e+00 1.420819736696326413e-02 0.000000000000000000e+00 5.495969645678097648e-02 0.000000000000000000e+00
0.000000000000000000e+00 3.236399501906284115e-02 4.312429917733445230e-03 9.000109560869824776e-02 0.000000000000000000e+00
1.506627135012979235e-02 6.803204764566499196e-02 2.127364270415679510e-03 5.872059313920867385e-02 0.000000000000000000e+00
5.420075222465922660e-02 7.971982113840604678e-02 0.000000000000000000e+00 4.257232587187268977e-03 0.000000000000000000e+00
7.704760929690797344e-02 7.332055994325006876e-02 0.000000000000000000e+00 0.000000000000000000e+00 0.000000000000000000e+00
7.314400934326426018e-02 4.116553088714306613e-02 0.000000000000000000e+00 0.000000000000000000e+00 3.354664326557348780e-02
3.402671682708476031e-02 2.603768933440198108e-02 0.000000000000000000e+00 0.000000000000000000e+00 8.222686569823239866e-02
0.000000000000000000e+00 8.845324569300826861e-03 0.000000000000000000e+00 0.000000000000000000e+00 1.096943729571160653e-01
0.000000000000000000e+00 0.000000000000000000e+00 0.000000000000000000e+00 4.020781858641559944e-03 1.159084218293358060e-01
0.000000000000000000e+00 0.000000000000000000e+00 4.157335231919989660e-02 0.000000000000000000e+00 8.257040625773141851e-02
0.000000000000000000e+00 0.000000000000000000e+00 6.369215582310351620e-02 0.000000000000000000e+00 3.835043290306725666e-02
0.000000000000000000e+00 0.000000000000000000e+00 6.312345594952251115e-02 0.000000000000000000e+00 5.221017943590685294e-03
0.000000000000000000e+00 0.000000000000000000e+00 3.802903525408340979e-02 0.000000000000000000e+00 0.000000000000000000e+00
7.328797005122360828e-04 0.000000000000000000e+00 1.733530293909778600e-02 0.000000000000000000e+00 0.000000000000000000e+00
8.191087096230374471e-04 0.000000000000000000e+00 1.320163704102037504e-02 0.000000000000000000e+00 0.000000000000000000e+00
0.000000000000000000e+00 0.000000000000000000e+00 0.000000000000000000e+00 0.000000000000000000e+00 0.000000000000000000e+00
0.000000000000000000e+00 0.000000000000000000e+00 0.000000000000000000e+00 0.000000000000000000e+00 0.000000000000000000e+00
0.000000000000000000e+00 0.000000000000000000e+00 0.000000000000000000e+00 0.000000000000000000e+00 0.000000000000000000e+00
0.000000000000000000e+00 0.000000000000000000e+00 0.000000000000000000e+00 0.000000000000000000e+00 0.000000000000000000e+00
0.000000000000000000e+00 0.000000000000000000e+00 0.000000000000000000e+00 0.000000000000000000e+00 0.000000000000000000e+00
0.000000000000000000e+00 0.000000000000000000e+00 0.000000000000000000e+00 0.000000000000000000e+00 0.000000000000000000e+00
0.000000000000000000e+00 0.000000000000000000e+00 0.000000000000000000e+00 0.000000000000000000e+00 0.000000000000000000e+00
0.000000000000000000e+00 0.000000000000000000e+00 0.000000000000000000e+00 0.000000000000000000e+00 0.000000000000000000e+00
0.000000000000000000e+00 0.000000000000000000e+00 0.000000000000000000e+00 0.000000000000000000e+00 0.000000000000000000e+00
0.000000000000000000e+00 0.000000000000000000e+00 0.000000000000000000e+00 0.000000000000000000e+00 0.000000000000000000e+00
0.000000000000000000e+00 0.000000000000000000e+00 2.285174453006323485e-03 1.427269245716965111e-02 0.000000000000000000e+00
2.280937502859471536e-04 0.000000000000000000e+00 1.373552535442552815e-03 1.169892906838987390e-02 0.000000000000000000e+00
5.677301340434987541e-05 0.000000000000000000e+00 0.000000000000000000e+00 7.411405614420221548e-03 0.000000000000000000e+00
0.000000000000000000e+00 5.061119852701727144e-03 0.000000000000000000e+00 5.258198875814931728e-02 0.000000000000000000e+00
0.000000000000000000e+00 1.965349010428963511e-02 5.599435228599480889e-05 5.436237580600453839e-02 0.000000000000000000e+00
9.693076879198070372e-03 4.474093697954904109e-02 0.000000000000000000e+00 2.504358125761683290e-02 0.000000000000000000e+00
1.100048381345625562e-02 5.848454050497699230e-02 0.000000000000000000e+00 0.000000000000000000e+00 0.000000000000000000e+00
8.960888158032765879e-03 4.758185479284544883e-02 0.000000000000000000e+00 3.731207883241660639e-03 1.946462889202456650e-02
2.300318024807607512e-02 2.386483093157764496e-02 0.000000000000000000e+00 0.000000000000000000e+00 2.933497013278225235e-02
6.626715840599601247e-03 9.403079322826612615e-03 0.000000000000000000e+00 0.000000000000000000e+00 2.857305617136297535e-02
0.000000000000000000e+00 8.969944996557630348e-03 0.000000000000000000e+00 0.000000000000000000e+00 7.586002056949561756e-02
0.000000000000000000e+00 2.257147447557341594e-03 0.000000000000000000e+00 0.000000000000000000e+00 9.644852275277331077e-02
0.000000000000000000e+00 0.000000000000000000e+00 2.490374166206233905e-02 0.000000000000000000e+00 6.057730277439698358e-02
0.000000000000000000e+00 0.000000000000000000e+00 3.209503373364143430e-02 0.000000000000000000e+00 2.656501188397820609e-02
0.000000000000000000e+00 0.000000000000000000e+00 2.740332617205879298e-02 0.000000000000000000e+00 4.439180673676065489e-03
4.049087340183630114e-04 0.000000000000000000e+00 9.981098027921029084e-03 0.000000000000000000e+00 0.000000000000000000e+00
1.061638104092429936e-03 0.000000000000000000e+00 1.711050163975825350e-02 0.000000000000000000e+00 0.000000000000000000e+00
7.230121570974284723e-04 0.000000000000000000e+00 1.165284163397330153e-02 0.000000000000000000e+00 0.000000000000000000e+00
0.000000000000000000e+00 0.000000000000000000e+00 0.000000000000000000e+00 0.000000000000000000e+00 0.000000000000000000e+00
0.000000000000000000e+00 0.000000000000000000e+00 0.000000000000000000e+00 0.000000000000000000e+00 0.000000000000000000e+00
0.000000000000000000e+00 0.000000000000000000e+00 0.000000000000000000e+00 0.000000000000000000e+00 0.000000000000000000e+00
0.000000000000000000e+00 0.000000000000000000e+00 0.000000000000000000e+00 0.000000000000000000e+00 0.000000000000000000e+00
0.000000000000000000e+00 0.000000000000000000e+00 0.000000000000000000e+00 0.000000000000000000e+00 0.000000000000000000e+00
0.000000000000000000e+00 0.000000000000000000e+00 0.000000000000000000e+00 0.000000000000000000e+00 0.000000000000000000e+00
0.000000000000000000e+00 0.000000000000000000e+00 0.000000000000000000e+00 0.000000000000000000e+00 0.000000000000000000e+00
0.000000000000000000e+00 0.000000000000000000e+00 0.000000000000000000e+00 0.000000000000000000e+00 0.000000000000000000e+00
0.000000000000000000e+00 0.000000000000000000e+00 0.000000000000000000e+00 0.000000000000000000e+00 0.000000000000000000e+00
0.000000000000000000e+00 0.000000000000000000e+00 0.000000000000000000e+00 0.000000000000000000e+00 0.000000000000000000e+00
0.000000000000000000e+00 0.000000000000000000e+00 1.100405115757584906e-04 4.207294779708715981e-04 0.000000000000000000e+00
0.000000000000000000e+00 0.000000000000000000e+00 0.000000000000000000e+00 0.000000000000000000e+00 0.000000000000000000e+00
3.382149715898770045e-04 0.000000000000000000e+00 1.286246246024484372e-04 8.430082421199209392e-03 0.000000000000000000e+00
0.000000000000000000e+00 0.000000000000000000e+00 0.000000000000000000e+00 3.323304446707069093e-02 0.000000000000000000e+00
0.000000000000000000e+00 1.048908517481922419e-03 0.000000000000000000e+00 1.362033267079720660e-02 0.000000000000000000e+00
0.000000000000000000e+00 6.486378414025720501e-04 0.000000000000000000e+00 7.666491229912791167e-03 1.724123180322556298e-03
0.000000000000000000e+00 1.590914816336563798e-03 0.000000000000000000e+00 1.227477655388508823e-02 3.366344313782390543e-03
0.000000000000000000e+00 3.770117309158905854e-03 0.000000000000000000e+00 8.391567954512150693e-03 7.801510227468029871e-03
3.102694846447410885e-03 3.229312701225927826e-03 0.000000000000000000e+00 3.939058684937886087e-04 7.642304003979350641e-03
7.656048509496450822e-04 1.415177532588827796e-04 0.000000000000000000e+00 0.000000000000000000e+00 1.593271247578155770e-05
0.000000000000000000e+00 3.996237988387214553e-04 0.000000000000000000e+00 0.000000000000000000e+00 9.191211368120703537e-03
0.000000000000000000e+00 1.548524187264807301e-03 0.000000000000000000e+00 0.000000000000000000e+00 2.131748048646925006e-02
0.000000000000000000e+00 7.285160019520722004e-04 0.000000000000000000e+00 0.000000000000000000e+00 9.125148947820177839e-03
0.000000000000000000e+00 0.000000000000000000e+00 1.423873027727018794e-03 1.918081379481259758e-04 8.140305122675701652e-03
0.000000000000000000e+00 0.000000000000000000e+00 5.571677065018788236e-04 7.505535832752755398e-05 3.185336787133965196e-03
0.000000000000000000e+00 0.000000000000000000e+00 0.000000000000000000e+00 0.000000000000000000e+00 0.000000000000000000e+00
0.000000000000000000e+00 0.000000000000000000e+00 0.000000000000000000e+00 0.000000000000000000e+00 0.000000000000000000e+00
0.000000000000000000e+00 0.000000000000000000e+00 0.000000000000000000e+00 0.000000000000000000e+00 0.000000000000000000e+00
0.000000000000000000e+00 0.000000000000000000e+00 0.000000000000000000e+00 0.000000000000000000e+00 0.000000000000000000e+00
0.000000000000000000e+00 0.000000000000000000e+00 0.000000000000000000e+00 0.000000000000000000e+00 0.000000000000000000e+00
0.000000000000000000e+00 0.000000000000000000e+00 0.000000000000000000e+00 0.000000000000000000e+00 0.000000000000000000e+00
0.000000000000000000e+00 0.000000000000000000e+00 0.000000000000000000e+00 0.000000000000000000e+00 0.000000000000000000e+00
0.000000000000000000e+00 0.000000000000000000e+00 0.000000000000000000e+00 0.000000000000000000e+00 0.000000000000000000e+00
0.000000000000000000e+00 0.000000000000000000e+00 0.000000000000000000e+00 0.000000000000000000e+00 0.000000000000000000e+00
0.000000000000000000e+00 0.000000000000000000e+00 0.000000000000000000e+00 0.000000000000000000e+00 0.000000000000000000e+00
0.000000000000000000e+00 0.000000000000000000e+00 0.000000000000000000e+00 0.000000000000000000e+00 0.000000000000000000e+00
0.000000000000000000e+00 0.000000000000000000e+00 0.000000000000000000e+00 0.000000000000000000e+00 0.000000000000000000e+00
0.000000000000000000e+00 0.000000000000000000e+00 0.000000000000000000e+00 0.000000000000000000e+00 0.000000000000000000e+00
0.000000000000000000e+00 0.000000000000000000e+00 0.000000000000000000e+00 0.000000000000000000e+00 0.000000000000000000e+00
0.000000000000000000e+00 0.000000000000000000e+00 0.000000000000000000e+00 0.000000000000000000e+00 0.000000000000000000e+00
0.000000000000000000e+00 0.000000000000000000e+00 0.000000000000000000e+00 1.124519953854396549e-02 1.614619010977545776e-03
0.000000000000000000e+00 0.000000000000000000e+00 0.000000000000000000e+00 7.044406607478691934e-03 1.011456736761795656e-03
0.000000000000000000e+00 0.000000000000000000e+00 0.000000000000000000e+00 0.000000000000000000e+00 0.000000000000000000e+00
0.000000000000000000e+00 0.000000000000000000e+00 0.000000000000000000e+00 0.000000000000000000e+00 0.000000000000000000e+00
0.000000000000000000e+00 0.000000000000000000e+00 0.000000000000000000e+00 0.000000000000000000e+00 0.000000000000000000e+00
0.000000000000000000e+00 5.148016456116365864e-04 0.000000000000000000e+00 1.331484745986260794e-03 5.992575607513010369e-04
0.000000000000000000e+00 0.000000000000000000e+00 0.000000000000000000e+00 0.000000000000000000e+00 0.000000000000000000e+00
0.000000000000000000e+00 0.000000000000000000e+00 0.000000000000000000e+00 0.000000000000000000e+00 0.000000000000000000e+00
0.000000000000000000e+00 0.000000000000000000e+00 0.000000000000000000e+00 0.000000000000000000e+00 0.000000000000000000e+00
0.000000000000000000e+00 0.000000000000000000e+00 0.000000000000000000e+00 0.000000000000000000e+00 0.000000000000000000e+00
0.000000000000000000e+00 0.000000000000000000e+00 0.000000000000000000e+00 0.000000000000000000e+00 0.000000000000000000e+00
0.000000000000000000e+00 0.000000000000000000e+00 0.000000000000000000e+00 0.000000000000000000e+00 0.000000000000000000e+00
0.000000000000000000e+00 0.000000000000000000e+00 0.000000000000000000e+00 0.000000000000000000e+00 0.000000000000000000e+00
0.000000000000000000e+00 0.000000000000000000e+00 0.000000000000000000e+00 0.000000000000000000e+00 0.000000000000000000e+00
0.000000000000000000e+00 0.000000000000000000e+00 0.000000000000000000e+00 0.000000000000000000e+00 0.000000000000000000e+00
0.000000000000000000e+00 0.000000000000000000e+00 0.000000000000000000e+00 0.000000000000000000e+00 0.000000000000000000e+00
0.000000000000000000e+00 0.000000000000000000e+00 0.000000000000000000e+00 0.000000000000000000e+00 0.000000000000000000e+00
0.000000000000000000e+00 0.000000000000000000e+00 0.000000000000000000e+00 0.000000000000000000e+00 0.000000000000000000e+00
0.000000000000000000e+00 0.000000000000000000e+00 0.000000000000000000e+00 0.000000000000000000e+00 0.000000000000000000e+00
0.000000000000000000e+00 0.000000000000000000e+00 0.000000000000000000e+00 0.000000000000000000e+00 0.000000000000000000e+00
0.000000000000000000e+00 0.000000000000000000e+00 0.000000000000000000e+00 0.000000000000000000e+00 0.000000000000000000e+00
0.000000000000000000e+00 0.000000000000000000e+00 0.000000000000000000e+00 0.000000000000000000e+00 0.000000000000000000e+00
0.000000000000000000e+00 0.000000000000000000e+00 0.000000000000000000e+00 0.000000000000000000e+00 0.000000000000000000e+00
0.000000000000000000e+00 0.000000000000000000e+00 0.000000000000000000e+00 0.000000000000000000e+00 0.000000000000000000e+00
0.000000000000000000e+00 0.000000000000000000e+00 0.000000000000000000e+00 0.000000000000000000e+00 0.000000000000000000e+00
0.000000000000000000e+00 0.000000000000000000e+00 0.000000000000000000e+00 0.000000000000000000e+00 0.000000000000000000e+00
0.000000000000000000e+00 0.000000000000000000e+00 0.000000000000000000e+00 0.000000000000000000e+00 0.000000000000000000e+00
0.000000000000000000e+00 0.000000000000000000e+00 0.000000000000000000e+00 0.000000000000000000e+00 0.000000000000000000e+00
0.000000000000000000e+00 0.000000000000000000e+00 0.000000000000000000e+00 0.000000000000000000e+00 0.000000000000000000e+00
0.000000000000000000e+00 0.000000000000000000e+00 0.000000000000000000e+00 0.000000000000000000e+00 0.000000000000000000e+00
0.000000000000000000e+00 0.000000000000000000e+00 0.000000000000000000e+00 0.000000000000000000e+00 0.000000000000000000e+00
0.000000000000000000e+00 0.000000000000000000e+00 0.000000000000000000e+00 0.000000000000000000e+00 0.000000000000000000e+00
0.000000000000000000e+00 0.000000000000000000e+00 0.000000000000000000e+00 0.000000000000000000e+00 0.000000000000000000e+00
0.000000000000000000e+00 0.000000000000000000e+00 0.000000000000000000e+00 0.000000000000000000e+00 0.000000000000000000e+00
0.000000000000000000e+00 0.000000000000000000e+00 0.000000000000000000e+00 0.000000000000000000e+00 0.000000000000000000e+00
0.000000000000000000e+00 0.000000000000000000e+00 0.000000000000000000e+00 0.000000000000000000e+00 0.000000000000000000e+00
0.000000000000000000e+00 0.000000000000000000e+00 0.000000000000000000e+00 0.000000000000000000e+00 0.000000000000000000e+00
0.000000000000000000e+00 0.000000000000000000e+00 0.000000000000000000e+00 0.000000000000000000e+00 0.000000000000000000e+00
0.000000000000000000e+00 0.000000000000000000e+00 0.000000000000000000e+00 0.000000000000000000e+00 0.000000000000000000e+00
0.000000000000000000e+00 0.000000000000000000e+00 0.000000000000000000e+00 0.000000000000000000e+00 0.000000000000000000e+00
0.000000000000000000e+00 0.000000000000000000e+00 0.000000000000000000e+00 0.000000000000000000e+00 0.000000000000000000e+00
0.000000000000000000e+00 0.000000000000000000e+00 0.000000000000000000e+00 0.000000000000000000e+00 0.000000000000000000e+00
0.000000000000000000e+00 0.000000000000000000e+00 0.000000000000000000e+00 0.000000000000000000e+00 0.000000000000000000e+00
0.000000000000000000e+00 0.000000000000000000e+00 0.000000000000000000e+00 0.000000000000000000e+00 0.000000000000000000e+00
0.000000000000000000e+00 0.000000000000000000e+00 0.000000000000000000e+00 0.000000000000000000e+00 0.000000000000000000e+00
0.000000000000000000e+00 0.000000000000000000e+00 0.000000000000000000e+00 0.000000000000000000e+00 0.000000000000000000e+00
0.000000000000000000e+00 0.000000000000000000e+00 0.000000000000000000e+00 0.000000000000000000e+00 0.000000000000000000e+00
0.000000000000000000e+00 0.000000000000000000e+00 0.000000000000000000e+00 0.000000000000000000e+00 0.000000000000000000e+00
