0.000000000000000000e+00 0.000000000000000000e+00 0.000000000000000000e+00 0.000000000000000000e+00 0.000000000000000000e+00
0.000000000000000000e+00 0.000000000000000000e+00 0.000000000000000000e+00 0.000000000000000000e+00 0.000000000000000000e+00
0.000000000000000000e+00 0.000000000000000000e+00 0.000000000000000000e+00 0.000000000000000000e+00 0.000000000000000000e+00
0.000000000000000000e+00 0.000000000000000000e+00 0.000000000000000000e+00 0.000000000000000000e+00 0.000000000000000000e+00
0.000000000000000000e+00 0.000000000000000000e+00 0.000000000000000000e+00 0.000000000000000000e+00 0.000000000000000000e+00
0.000000000000000000e+00 0.000000000000000000e+00 0.000000000000000000e+00 0.000000000000000000e+00 0.000000000000000000e+00
0.000000000000000000e+00 0.000000000000000000e+00 0.000000000000000000e+00 0.000000000000000000e+00 0.000000000000000000e+00
0.000000000000000000e+00 0.000000000000000000e+00 0.000000000000000000e+00 0.000000000000000000e+00 0.000000000000000000e+00
0.000000000000000000e+00 0.000000000000000000e+00 0.000000000000000000e+00 0.000000000000000000e+00 0.000000000000000000e+00
0.000000000000000000e+00 0.000000000000000000e+00 0.000000000000000000e+00 0.000000000000000000e+00 0.000000000000000000e+00
0.000000000000000000e+00 0.000000000000000000e+00 0.000000000000000000e+00 0.000000000000000000e+00 0.000000000000000000e+00
0.000000000000000000e+00 0.000000000000000000e+00 0.000000000000000000e+00 0.000000000000000000e+00 0.000000000000000000e+00
0.000000000000000000e+00 0.000000000000000000e+00 0.000000000000000000e+00 0.000000000000000000e+00 0.000000000000000000e+00
0.000000000000000000e+00 0.000000000000000000e+00 0.000000000000000000e+00 0.000000000000000000e+00 0.000000000000000000e+00
0.000000000000000000e+00 0.000000000000000000e+00 0.000000000000000000e+00 0.000000000000000000e+00 0.000000000000000000e+00
0.000000000000000000e+00 0.000000000000000000e+00 0.000000000000000000e+00 0.000000000000000000e+00 0.000000000000000000e+00
0.000000000000000000e+00 0.000000000000000000e+00 0.000000000000000000e+00 0.000000000000000000e+00 0.000000000000000000e+00
0.000000000000000000e+00 0.000000000000000000e+00 0.000000000000000000e+00 0.000000000000000000e+00 0.000000000000000000e+00
0.000000000000000000e+00 0.000000000000000000e+00 0.000000000000000000e+00 0.000000000000000000e+00 0.000000000000000000e+00
0.000000000000000000e+00 0.000000000000000000e+00 0.000000000000000000e+00 0.000000000000000000e+00 0.000000000000000000e+00
0.000000000000000000e+00 0.000000000000000000e+00 0.000000000000000000e+00 0.000000000000000000e+00 0.000000000000000000e+00
0.000000000000000000e+00 0.000000000000000000e+00 0.000000000000000000e+00 0.000000000000000000e+00 0.000000000000000000e+00
0.000000000000000000e+00 0.000000000000000000e+00 0.000000000000000000e+00 0.000000000000000000e+00 0.000000000000000000e+00
0.000000000000000000e+00 0.000000000000000000e+00 0.000000000000000000e+00 0.000000000000000000e+00 0.000000000000000000e+00
0.000000000000000000e+00 0.000000000000000000e+00 0.000000000000000000e+00 0.000000000000000000e+00 0.000000000000000000e+00
0.000000000000000000e+00 0.000000000000000000e+00 0.000000000000000000e+00 0.000000000000000000e+00 0.000000000000000000e+00
0.000000000000000000e+00 0.000000000000000000e+00 0.000000000000000000e+00 0.000000000000000000e+00 0.000000000000000000e+00
0.000000000000000000e+00 0.000000000000000000e+00 0.000000000000000000e+00 0.000000000000000000e+00 0.000000000000000000e+00
0.000000000000000000e+00 0.000000000000000000e+00 0.000000000000000000e+00 0.000000000000000000e+00 0.000000000000000000e+00
0.000000000000000000e+00 0.000000000000000000e+00 0.000000000000000000e+00 0.000000000000000000e+00 0.000000000000000000e+00
0.000000000000000000e+00 0.000000000000000000e+00 0.000000000000000000e+00 0.000000000000000000e+00 0.000000000000000000e+00
0.000000000000000000e+00 0.000000000000000000e+00 0.000000000000000000e+00 0.000000000000000000e+00 0.000000000000000000e+00
0.000000000000000000e+00 0.000000000000000000e+00 0.000000000000000000e+00 0.000000000000000000e+00 0.000000000000000000e+00
0.000000000000000000e+00 0.000000000000000000e+00 0.000000000000000000e+00 0.000000000000000000e+00 0.000000000000000000e+00
0.000000000000000000e+00 0.000000000000000000e+00 0.000000000000000000e+00 0.000000000000000000e+00 0.000000000000000000e+00
0.000000000000000000e+00 0.000000000000000000e+00 0.000000000000000000e+00 0.000000000000000000e+00 0.000000000000000000e+00
0.000000000000000000e+00 0.000000000000000000e+00 0.000000000000000000e+00 0.000000000000000000e+00 0.000000000000000000e+00
0.000000000000000000e+00 0.000000000000000000e+00 0.000000000000000000e+00 0.000000000000000000e+00 0.000000000000000000e+00
0.000000000000000000e+00 0.000000000000000000e+00 0.000000000000000000e+00 0.000000000000000000e+00 0.000000000000000000e+00
0.000000000000000000e+00 0.000000000000000000e+00 0.000000000000000000e+00 0.000000000000000000e+00 0.000000000000000000e+00
0.000000000000000000e+00 0.000000000000000000e+00 0.000000000000000000e+00 0.000000000000000000e+00 0.000000000000000000e+00
0.000000000000000000e+00 0.000000000000000000e+00 0.000000000000000000e+00 0.000000000000000000e+00 0.000000000000000000e+00
0.000000000000000000e+00 0.000000000000000000e+00 0.000000000000000000e+00 0.000000000000000000e+00 0.000000000000000000e+00
0.000000000000000000e+00 0.000000000000000000e+00 0.000000000000000000e+00 0.000000000000000000e+00 0.000000000000000000e+00
0.000000000000000000e+00 0.000000000000000000e+00 0.000000000000000000e+00 0.000000000000000000e+00 0.000000000000000000e+00
0.000000000000000000e+00 0.000000000000000000e+00 0.000000000000000000e+00 0.000000000000000000e+00 0.000000000000000000e+00
0.000000000000000000e+00 0.000000000000000000e+00 0.000000000000000000e+00 0.000000000000000000e+00 0.000000000000000000e+00
0.000000000000000000e+00 0.000000000000000000e+00 0.000000000000000000e+00 0.000000000000000000e+00 0.000000000000000000e+00
0.000000000000000000e+00 0.000000000000000000e+00 0.000000000000000000e+00 0.000000000000000000e+00 0.000000000000000000e+00
0.000000000000000000e+00 0.000000000000000000e+00 0.000000000000000000e+00 0.000000000000000000e+00 0.000000000000000000e+00
0.000000000000000000e+00 0.000000000000000000e+00 0.000000000000000000e+00 0.000000000000000000e+00 0.000000000000000000e+00
0.000000000000000000e+00 0.000000000000000000e+00 0.000000000000000000e+00 0.000000000000000000e+00 0.000000000000000000e+00
0.000000000000000000e+00 0.000000000000000000e+00 0.000000000000000000e+00 0.000000000000000000e+00 0.000000000000000000e+00
0.000000000000000000e+00 0.000000000000000000e+00 0.000000000000000000e+00 0.000000000000000000e+00 0.000000000000000000e+00
0.000000000000000000e+00 0.000000000000000000e+00 0.000000000000000000e+00 0.000000000000000000e+00 0.000000000000000000e+00
0.000000000000000000e+00 0.000000000000000000e+00 0.000000000000000000e+00 0.000000000000000000e+00 0.000000000000000000e+00
0.000000000000000000e+00 0.000000000000000000e+00 0.000000000000000000e+00 0.000000000000000000e+00 0.000000000000000000e+00
0.000000000000000000e+00 0.000000000000000000e+00 0.000000000000000000e+00 0.000000000000000000e+00 0.000000000000000000e+00
0.000000000000000000e+00 0.000000000000000000e+00 0.000000000000000000e+00 0.000000000000000000e+00 0.000000000000000000e+00
0.000000000000000000e+00 0.000000000000000000e+00 0.000000000000000000e+00 0.000000000000000000e+00 0.000000000000000000e+00
0.000000000000000000e+00 0.000000000000000000e+00 0.000000000000000000e+00 0.000000000000000000e+00 0.000000000000000000e+00
0.000000000000000000e+00 0.000000000000000000e+00 0.000000000000000000e+00 0.000000000000000000e+00 0.000000000000000000e+00
0.000000000000000000e+00 0.000000000000000000e+00 0.000000000000000000e+00 0.000000000000000000e+00 0.000000000000000000e+00
0.000000000000000000e+00 0.000000000000000000e+00 0.000000000000000000e+00 0.000000000000000000e+00 0.000000000000000000e+00
0.000000000000000000e+00 0.000000000000000000e+00 0.000000000000000000e+00 0.000000000000000000e+00 0.000000000000000000e+00
0.000000000000000000e+00 0.000000000000000000e+00 0.000000000000000000e+00 0.000000000000000000e+00 0.000000000000000000e+00
0.000000000000000000e+00 0.000000000000000000e+00 0.000000000000000000e+00 0.000000000000000000e+00 0.000000000000000000e+00
0.000000000000000000e+00 0.000000000000000000e+00 0.000000000000000000e+00 0.000000000000000000e+00 0.000000000000000000e+00
0.000000000000000000e+00 0.000000000000000000e+00 0.000000000000000000e+00 0.000000000000000000e+00 0.000000000000000000e+00
0.000000000000000000e+00 0.000000000000000000e+00 0.000000000000000000e+00 0.000000000000000000e+00 0.000000000000000000e+00
0.000000000000000000e+00 0.000000000000000000e+00 0.000000000000000000e+00 0.000000000000000000e+00 0.000000000000000000e+00
0.000000000000000000e+00 0.000000000000000000e+00 0.000000000000000000e+00 0.000000000000000000e+00 0.000000000000000000e+00
0.000000000000000000e+00 0.000000000000000000e+00 0.000000000000000000e+00 0.000000000000000000e+00 0.000000000000000000e+00
0.000000000000000000e+00 0.000000000000000000e+00 0.000000000000000000e+00 0.000000000000000000e+00 0.000000000000000000e+00
0.000000000000000000e+00 0.000000000000000000e+00 0.000000000000000000e+00 0.000000000000000000e+00 0.000000000000000000e+00
0.000000000000000000e+00 0.000000000000000000e+00 0.000000000000000000e+00 0.000000000000000000e+00 0.000000000000000000e+00
0.000000000000000000e+00 0.000000000000000000e+00 0.000000000000000000e+00 0.000000000000000000e+00 0.000000000000000000e+00
0.000000000000000000e+00 0.000000000000000000e+00 0.000000000000000000e+00 0.000000000000000000e+00 0.000000000000000000e+00
0.000000000000000000e+00 0.000000000000000000e+00 0.000000000000000000e+00 0.000000000000000000e+00 0.000000000000000000e+00
0.000000000000000000e+00 0.000000000000000000e+00 0.000000000000000000e+00 0.000000000000000000e+00 0.000000000000000000e+00
0.000000000000000000e+00 0.000000000000000000e+00 0.000000000000000000e+00 0.000000000000000000e+00 0.000000000000000000e+00
0.000000000000000000e+00 0.000000000000000000e+00 0.000000000000000000e+00 0.000000000000000000e+00 0.000000000000000000e+00
0.000000000000000000e+00 0.000000000000000000e+00 0.000000000000000000e+00 0.000000000000000000e+00 0.000000000000000000e+00
0.000000000000000000e+00 0.000000000000000000e+00 0.000000000000000000e+00 0.000000000000000000e+00 0.000000000000000000e+00
0.000000000000000000e+00 0.000000000000000000e+00 0.000000000000000000e+00 0.000000000000000000e+00 0.000000000000000000e+00
0.000000000000000000e+00 0.000000000000000000e+00 0.000000000000000000e+00 0.000000000000000000e+00 0.000000000000000000e+00
0.000000000000000000e+00 0.000000000000000000e+00 0.000000000000000000e+00 0.000000000000000000e+00 0.000000000000000000e+00
0.000000000000000000e+00 0.000000000000000000e+00 0.000000000000000000e+00 0.000000000000000000e+00 0.000000000000000000e+00
0.000000000000000000e+00 0.000000000000000000e+00 0.000000000000000000e+00 0.000000000000000000e+00 0.000000000000000000e+00
0.000000000000000000e+00 0.000000000000000000e+00 0.000000000000000000e+00 0.000000000000000000e+00 0.000000000000000000e+00
0.000000000000000000e+00 0.000000000000000000e+00 0.000000000000000000e+00 0.000000000000000000e+00 0.000000000000000000e+00
0.000000000000000000e+00 0.000000000000000000e+00 0.000000000000000000e+00 0.000000000000000000e+00 0.000000000000000000e+00
0.000000000000000000e+00 0.000000000000000000e+00 0.000000000000000000e+00 0.000000000000000000e+00 0.000000000000000000e+00
0.000000000000000000e+00 0.000000000000000000e+00 0.000000000000000000e+00 0.000000000000000000e+00 0.000000000000000000e+00
0.000000000000000000e+00 0.000000000000000000e+00 0.000000000000000000e+00 0.000000000000000000e+00 0.000000000000000000e+00
0.000000000000000000e+00 0.000000000000000000e+00 0.000000000000000000e+00 0.000000000000000000e+00 0.000000000000000000e+00
0.000000000000000000e+00 2.372853860733313905e-03 2.535078055286353257e-03 0.000000000000000000e+00 0.000000000000000000e+00
0.000000000000000000e+00 2.347639946452845239e-03 3.390024998113264727e-04 0.000000000000000000e+00 2.915004629813881289e-04
0.000000000000000000e+00 4.540469259731510707e-03 0.000000000000000000e+00 0.000000000000000000e+00 1.244637554903592304e-03
0.000000000000000000e+00 5.243509661238323141e-03 0.000000000000000000e+00 0.000000000000000000e+00 1.437355627920922909e-03
0.000000000000000000e+00 6.151603513184624415e-03 0.000000000000000000e+00 0.000000000000000000e+00 1.686283138901641500e-03
0.000000000000000000e+00 4.540469259731510707e-03 0.000000000000000000e+00 0.000000000000000000e+00 1.244637554903592304e-03
0.000000000000000000e+00 4.540469259731510707e-03 0.000000000000000000e+00 0.000000000000000000e+00 1.244637554903592304e-03
0.000000000000000000e+00 3.134388456717881501e-03 0.000000000000000000e+00 0.000000000000000000e+00 8.592014088689314171e-04
4.331623240539890437e-05 1.613098027321223718e-03 0.000000000000000000e+00 0.000000000000000000e+00 8.830190145678444319e-05
0.000000000000000000e+00 5.716013002543791389e-03 0.000000000000000000e+00 0.000000000000000000e+00 4.675140869572125724e-04
0.000000000000000000e+00 3.256710991884552691e-03 0.000000000000000000e+00 0.000000000000000000e+00 7.194312275572982852e-04
0.000000000000000000e+00 2.694081281617549239e-03 0.000000000000000000e+00 4.323291486510099182e-04 9.800247992784072611e-04
0.000000000000000000e+00 2.251482213923238461e-03 0.000000000000000000e+00 3.613036456583432979e-04 8.190207251112400968e-04
0.000000000000000000e+00 0.000000000000000000e+00 0.000000000000000000e+00 0.000000000000000000e+00 0.000000000000000000e+00
0.000000000000000000e+00 0.000000000000000000e+00 0.000000000000000000e+00 0.000000000000000000e+00 0.000000000000000000e+00
0.000000000000000000e+00 0.000000000000000000e+00 0.000000000000000000e+00 0.000000000000000000e+00 0.000000000000000000e+00
0.000000000000000000e+00 0.000000000000000000e+00 0.000000000000000000e+00 0.000000000000000000e+00 0.000000000000000000e+00
0.000000000000000000e+00 0.000000000000000000e+00 0.000000000000000000e+00 0.000000000000000000e+00 0.000000000000000000e+00
0.000000000000000000e+00 0.000000000000000000e+00 0.000000000000000000e+00 0.000000000000000000e+00 0.000000000000000000e+00
0.000000000000000000e+00 0.000000000000000000e+00 0.000000000000000000e+00 0.000000000000000000e+00 0.000000000000000000e+00
0.000000000000000000e+00 0.000000000000000000e+00 0.000000000000000000e+00 0.000000000000000000e+00 0.000000000000000000e+00
0.000000000000000000e+00 0.000000000000000000e+00 0.000000000000000000e+00 0.000000000000000000e+00 0.000000000000000000e+00
0.000000000000000000e+00 0.000000000000000000e+00 0.000000000000000000e+00 0.000000000000000000e+00 0.000000000000000000e+00
0.000000000000000000e+00 0.000000000000000000e+00 0.000000000000000000e+00 0.000000000000000000e+00 0.000000000000000000e+00
6.816892792935792290e-03 5.035323557364081073e-04 0.000000000000000000e+00 1.793996595084603948e-03 0.000000000000000000e+00
1.969424485288103280e-02 8.617373082388182651e-04 0.000000000000000000e+00 5.585657698162729834e-03 0.000000000000000000e+00
3.268866771969254625e-02 1.469085099793900539e-03 0.000000000000000000e+00 8.151615394611427812e-03 0.000000000000000000e+00
2.880112862282687217e-02 6.789266720775573305e-03 0.000000000000000000e+00 4.801227188920544932e-03 0.000000000000000000e+00
3.151235831763592177e-02 1.539217117592992477e-02 0.000000000000000000e+00 5.602144454493678894e-04 0.000000000000000000e+00
2.345337094860639252e-02 1.850187396292956102e-02 0.000000000000000000e+00 0.000000000000000000e+00 6.097670574338640796e-04
1.821253076916223498e-02 1.581902156579073626e-02 0.000000000000000000e+00 0.000000000000000000e+00 4.136446311577479315e-03
1.017634843522242233e-02 2.905720324792543385e-02 0.000000000000000000e+00 0.000000000000000000e+00 3.856324102086168461e-03
0.000000000000000000e+00 4.836806819907704669e-02 0.000000000000000000e+00 0.000000000000000000e+00 2.571404166141299727e-03
0.000000000000000000e+00 5.733456542814804879e-02 0.000000000000000000e+00 0.000000000000000000e+00 1.216666693174830831e-03
0.000000000000000000e+00 6.324124743603182219e-02 0.000000000000000000e+00 0.000000000000000000e+00 3.314910820663643392e-04
0.000000000000000000e+00 7.076028617083876537e-02 0.000000000000000000e+00 0.000000000000000000e+00 8.890466725336000978e-04
0.000000000000000000e+00 8.451550019547955650e-02 0.000000000000000000e+00 0.000000000000000000e+00 0.000000000000000000e+00
0.000000000000000000e+00 6.297876526056986335e-02 0.000000000000000000e+00 0.000000000000000000e+00 0.000000000000000000e+00
5.723274495658201965e-04 3.718455908358242468e-02 0.000000000000000000e+00 9.837731246661205950e-04 0.000000000000000000e+00
0.000000000000000000e+00 1.768377136594282209e-02 0.000000000000000000e+00 4.743848626384237176e-03 0.000000000000000000e+00
0.000000000000000000e+00 6.615498376412547871e-03 0.000000000000000000e+00 1.627700803466472978e-03 7.647461949842506010e-04
0.000000000000000000e+00 0.000000000000000000e+00 0.000000000000000000e+00 0.000000000000000000e+00 0.000000000000000000e+00
0.000000000000000000e+00 0.000000000000000000e+00 0.000000000000000000e+00 0.000000000000000000e+00 0.000000000000000000e+00
0.000000000000000000e+00 0.000000000000000000e+00 0.000000000000000000e+00 0.000000000000000000e+00 0.000000000000000000e+00
0.000000000000000000e+00 0.000000000000000000e+00 0.000000000000000000e+00 0.000000000000000000e+00 0.000000000000000000e+00
0.000000000000000000e+00 0.000000000000000000e+00 0.000000000000000000e+00 0.000000000000000000e+00 0.000000000000000000e+00
0.000000000000000000e+00 0.000000000000000000e+00 0.000000000000000000e+00 0.000000000000000000e+00 0.000000000000000000e+00
0.000000000000000000e+00 0.000000000000000000e+00 0.000000000000000000e+00 0.000000000000000000e+00 0.000000000000000000e+00
0.000000000000000000e+00 0.000000000000000000e+00 0.000000000000000000e+00 0.000000000000000000e+00 0.000000000000000000e+00
7.158950266302386255e-04 0.000000000000000000e+00 0.000000000000000000e+00 2.376497300478714540e-05 0.000000000000000000e+00
1.786902560532753134e-02 0.000000000000000000e+00 0.000000000000000000e+00 7.404788467304920709e-04 0.000000000000000000e+00
2.431394274468320557e-02 0.000000000000000000e+00 0.000000000000000000e+00 1.456209255819822116e-03 0.000000000000000000e+00
3.754564842621235798e-02 0.000000000000000000e+00 0.000000000000000000e+00 5.111096710862243070e-03 0.000000000000000000e+00
5.419147686473802655e-02 0.000000000000000000e+00 0.000000000000000000e+00 8.289991579656071433e-03 0.000000000000000000e+00
6.788509947222561014e-02 4.866039202334413718e-04 0.000000000000000000e+00 3.193517485786010694e-03 0.000000000000000000e+00
7.197048270299244432e-02 9.311808226196783070e-03 1.014052943152560747e-02 0.000000000000000000e+00 0.000000000000000000e+00
8.146214851812473567e-02 2.096844557376784449e-02 1.515365541127360050e-02 0.000000000000000000e+00 0.000000000000000000e+00
9.381255939790428267e-02 3.811011776964465247e-02 1.334388011859754218e-02 0.000000000000000000e+00 0.000000000000000000e+00
9.140075867333866122e-02 7.071110159927955496e-02 1.865443128037677992e-02 0.000000000000000000e+00 1.071186178168555904e-04
6.615635330800501146e-02 1.041847733369755113e-01 2.935127632331212960e-02 0.000000000000000000e+00 0.000000000000000000e+00
5.200413324991778885e-02 1.175910628884665882e-01 3.518350872254133455e-02 0.000000000000000000e+00 0.000000000000000000e+00
3.577288431094853560e-02 1.186005467395329360e-01 5.340813482878834645e-02 0.000000000000000000e+00 0.000000000000000000e+00
1.690404416499910814e-02 1.147001209522277715e-01 5.505382448347413693e-02 0.000000000000000000e+00 0.000000000000000000e+00
0.000000000000000000e+00 1.051938828821040589e-01 4.476491951195769176e-02 0.000000000000000000e+00 0.000000000000000000e+00
0.000000000000000000e+00 1.035785780686636626e-01 3.656932748712007908e-02 1.203712722230052164e-02 0.000000000000000000e+00
0.000000000000000000e+00 8.050996691728827537e-02 2.571766398664246736e-02 3.419411592746231937e-02 0.000000000000000000e+00
0.000000000000000000e+00 4.947312368215654732e-02 3.317089667933962455e-02 4.011341700629061230e-02 0.000000000000000000e+00
0.000000000000000000e+00 2.612408557880569610e-02 3.306691081199370635e-02 4.437090857755038309e-02 0.000000000000000000e+00
0.000000000000000000e+00 8.879158524536528638e-03 2.555147880713819208e-02 2.525198925642847467e-02 0.000000000000000000e+00
0.000000000000000000e+00 0.000000000000000000e+00 6.118613971678945815e-03 6.217615594415120545e-03 0.000000000000000000e+00
0.000000000000000000e+00 0.000000000000000000e+00 0.000000000000000000e+00 0.000000000000000000e+00 0.000000000000000000e+00
0.000000000000000000e+00 0.000000000000000000e+00 0.000000000000000000e+00 0.000000000000000000e+00 0.000000000000000000e+00
0.000000000000000000e+00 0.000000000000000000e+00 0.000000000000000000e+00 0.000000000000000000e+00 0.000000000000000000e+00
0.000000000000000000e+00 0.000000000000000000e+00 0.000000000000000000e+00 0.000000000000000000e+00 0.000000000000000000e+00
0.000000000000000000e+00 0.000000000000000000e+00 0.000000000000000000e+00 0.000000000000000000e+00 0.000000000000000000e+00
0.000000000000000000e+00 0.000000000000000000e+00 0.000000000000000000e+00 0.000000000000000000e+00 0.000000000000000000e+00
0.000000000000000000e+00 0.000000000000000000e+00 0.000000000000000000e+00 0.000000000000000000e+00 0.000000000000000000e+00
1.617443506861508803e-03 0.000000000000000000e+00 0.000000000000000000e+00 9.051683837510497406e-05 0.000000000000000000e+00
3.245689961922723632e-02 0.000000000000000000e+00 0.000000000000000000e+00 1.859791055600764839e-03 0.000000000000000000e+00
4.896695559927441432e-02 0.000000000000000000e+00 0.000000000000000000e+00 3.315309615170948260e-03 0.000000000000000000e+00
8.541984559978256508e-02 0.000000000000000000e+00 0.000000000000000000e+00 6.482794467533325479e-03 0.000000000000000000e+00
1.210419388585265432e-01 0.000000000000000000e+00 0.000000000000000000e+00 3.622216423275050143e-03 0.000000000000000000e+00
1.213014118664439422e-01 0.000000000000000000e+00 1.262092323095139954e-02 0.000000000000000000e+00 2.781589622728773172e-03
1.268797950008272724e-01 9.766877898882104364e-03 2.734117156776128335e-02 0.000000000000000000e+00 2.116941163355066241e-03
1.217452798072631848e-01 3.425590759501698918e-02 3.509565065745041956e-02 0.000000000000000000e+00 2.417006581501138229e-03
1.087454934064713413e-01 7.669940898942788354e-02 4.449335005085923445e-02 0.000000000000000000e+00 0.000000000000000000e+00
7.982594970154240077e-02 1.276396112866186594e-01 6.415678663554676142e-02 0.000000000000000000e+00 0.000000000000000000e+00
7.668839132321825236e-02 1.322230523854168449e-01 7.446081774662254016e-02 0.000000000000000000e+00 0.000000000000000000e+00
6.694815900039061130e-02 1.156260940456371317e-01 8.569039519548515837e-02 1.354834806045592671e-02 0.000000000000000000e+00
5.678097325349203139e-02 9.490845472634389102e-02 8.455649995678266029e-02 4.649904609050303783e-02 0.000000000000000000e+00
5.337395388404295171e-02 7.842824043142740398e-02 7.896370304921471184e-02 7.337364960657660751e-02 0.000000000000000000e+00
4.101590328653992312e-02 5.786466230519846793e-02 8.788979375425323703e-02 8.763399477625170853e-02 0.000000000000000000e+00
3.991141222626461670e-03 3.963794080026290800e-02 8.269625726159816892e-02 1.055499556132188654e-01 0.000000000000000000e+00
0.000000000000000000e+00 2.321903566973870792e-02 5.931248943939099877e-02 1.218026555123274540e-01 0.000000000000000000e+00
0.000000000000000000e+00 7.782364866318964430e-03 4.609407841826165114e-02 1.149663234537816880e-01 0.000000000000000000e+00
0.000000000000000000e+00 1.415902063617544742e-03 3.747528326868870135e-02 8.856416866626765083e-02 0.000000000000000000e+00
0.000000000000000000e+00 0.000000000000000000e+00 4.303935508627981799e-02 4.333341347792665776e-02 0.000000000000000000e+00
0.000000000000000000e+00 0.000000000000000000e+00 1.007725270536148979e-02 9.520479051938233322e-03 0.000000000000000000e+00
0.000000000000000000e+00 0.000000000000000000e+00 0.000000000000000000e+00 0.000000000000000000e+00 0.000000000000000000e+00
0.000000000000000000e+00 0.000000000000000000e+00 0.000000000000000000e+00 0.000000000000000000e+00 0.000000000000000000e+00
0.000000000000000000e+00 0.000000000000000000e+00 0.000000000000000000e+00 0.000000000000000000e+00 0.000000000000000000e+00
0.000000000000000000e+00 0.000000000000000000e+00 0.000000000000000000e+00 0.000000000000000000e+00 0.000000000000000000e+00
0.000000000000000000e+00 0.000000000000000000e+00 0.000000000000000000e+00 0.000000000000000000e+00 0.000000000000000000e+00
0.000000000000000000e+00 0.000000000000000000e+00 0.000000000000000000e+00 0.000000000000000000e+00 0.000000000000000000e+00
0.000000000000000000e+00 0.000000000000000000e+00 0.000000000000000000e+00 0.000000000000000000e+00 0.000000000000000000e+00
5.899140192007179886e-03 0.000000000000000000e+00 0.000000000000000000e+00 4.229096313371798134e-04 0.000000000000000000e+00
3.425657108931468020e-02 0.000000000000000000e+00 0.000000000000000000e+00 2.132977499650950699e-03 0.000000000000000000e+00
8.032080317260642532e-02 0.000000000000000000e+00 0.000000000000000000e+00 4.397570517167233468e-03 0.000000000000000000e+00
1.196826370270738377e-01 0.000000000000000000e+00 0.000000000000000000e+00 5.530248013413534801e-03 0.000000000000000000e+00
1.349874716943127995e-01 0.000000000000000000e+00 5.119626526655010786e-03 4.944578342141784478e-05 2.313324210956940676e-04
1.275271065505018397e-01 0.000000000000000000e+00 4.577333553167801938e-02 0.000000000000000000e+00 1.239503268941410464e-03
1.071926184086995637e-01 1.156955536191072928e-02 7.202424828485148867e-02 0.000000000000000000e+00 1.410615729389612123e-03
7.743221089492031972e-02 5.716812635080070065e-02 9.838869783079991216e-02 0.000000000000000000e+00 0.000000000000000000e+00
4.616538954283168350e-02 1.082446010132996905e-01 1.163752700981131039e-01 0.000000000000000000e+00 0.000000000000000000e+00
3.291863715536419432e-02 1.129634576120383815e-01 1.098909489005959333e-01 2.199345223400197072e-02 0.000000000000000000e+00
3.399586572071380819e-02 9.836953841630625972e-02 9.655183746882325946e-02 5.977899589046082457e-02 0.000000000000000000e+00
5.265737527822909186e-02 5.644359408990416022e-02 9.418561003049898128e-02 1.126721923692226290e-01 0.000000000000000000e+00
5.820298160896340139e-02 1.358093143646602052e-02 8.898401884487688873e-02 1.433457891530207085e-01 0.000000000000000000e+00
6.168663168264562624e-02 0.000000000000000000e+00 7.759864290494383754e-02 1.468663423657091682e-01 0.000000000000000000e+00
3.803100328510358730e-02 0.000000000000000000e+00 8.597074514780855825e-02 1.440886655590036813e-01 0.000000000000000000e+00
2.105821975237744115e-02 0.000000000000000000e+00 8.055554455630516142e-02 1.486331697782034278e-01 0.000000000000000000e+00
6.700624939012125511e-03 0.000000000000000000e+00 4.949945830665212348e-02 1.454518463116020732e-01 5.305742897464332461e-04
2.086131703524847936e-03 0.000000000000000000e+00 2.634307352645310144e-02 1.291149221428872507e-01 1.858401393536002200e-02
0.000000000000000000e+00 0.000000000000000000e+00 2.655223409862273246e-02 8.703641794920480290e-02 3.601440780501845990e-02
0.000000000000000000e+00 0.000000000000000000e+00 2.777755777830828374e-02 2.539101792976123165e-02 4.085760709526212175e-02
0.000000000000000000e+00 0.000000000000000000e+00 1.751803875876448841e-02 9.202840619305598449e-03 2.392694539881229723e-02
0.000000000000000000e+00 0.000000000000000000e+00 6.353347724053022907e-03 5.417841176590477981e-03 8.040887263058853381e-04
0.000000000000000000e+00 0.000000000000000000e+00 0.000000000000000000e+00 0.000000000000000000e+00 0.000000000000000000e+00
0.000000000000000000e+00 0.000000000000000000e+00 0.000000000000000000e+00 0.000000000000000000e+00 0.000000000000000000e+00
0.000000000000000000e+00 0.000000000000000000e+00 0.000000000000000000e+00 0.000000000000000000e+00 0.000000000000000000e+00
0.000000000000000000e+00 0.000000000000000000e+00 0.000000000000000000e+00 0.000000000000000000e+00 0.000000000000000000e+00
0.000000000000000000e+00 0.000000000000000000e+00 0.000000000000000000e+00 0.000000000000000000e+00 0.000000000000000000e+00
0.000000000000000000e+00 0.000000000000000000e+00 0.000000000000000000e+00 0.000000000000000000e+00 0.000000000000000000e+00
9.406737062930362395e-03 0.000000000000000000e+00 0.000000000000000000e+00 6.743694121322592761e-04 0.000000000000000000e+00
3.090160618343796781e-02 0.000000000000000000e+00 0.000000000000000000e+00 1.174220346443449791e-03 0.000000000000000000e+00
8.527680471705395560e-02 0.000000000000000000e+00 0.000000000000000000e+00 3.306696598576416325e-03 0.000000000000000000e+00
1.161853571883968289e-01 0.000000000000000000e+00 5.905621695629320426e-03 4.379674309073241893e-03 0.000000000000000000e+00
1.063964634150400962e-01 0.000000000000000000e+00 4.561309032724042423e-02 1.097092388653205788e-03 0.000000000000000000e+00
9.513136659902515779e-02 0.000000000000000000e+00 7.891352264173912001e-02 0.000000000000000000e+00 0.000000000000000000e+00
4.398602464300090109e-02 4.122534277367775890e-02 1.279922118404231146e-01 0.000000000000000000e+00 0.000000000000000000e+00
0.000000000000000000e+00 9.157162054211340219e-02 1.388818785890311991e-01 7.370253588954676048e-03 0.000000000000000000e+00
0.000000000000000000e+00 1.069490390383991268e-01 1.231598666838712303e-01 4.445488708180618531e-02 0.000000000000000000e+00
0.000000000000000000e+00 7.625458418794116289e-02 8.636966996431486021e-02 1.050610261184056066e-01 6.134531941805272150e-03
5.516298574401874363e-03 2.354848187938041529e-02 7.584544117467628688e-02 1.271032767667660546e-01 2.071000065075519550e-02
2.613246787708642035e-02 0.000000000000000000e+00 5.638561632558494741e-02 1.437047951078843366e-01 2.016841265396840041e-02
2.623074392853713341e-02 0.000000000000000000e+00 4.602462505174135382e-02 1.313479577486826588e-01 3.030426392681855735e-02
2.425167118442743408e-02 0.000000000000000000e+00 3.700466994038376090e-02 1.194737487435623274e-01 5.112418482416544036e-02
2.118127545948738158e-02 0.000000000000000000e+00 3.717318456823174438e-02 9.951250371654593585e-02 7.275963087517259287e-02
1.401352265075709799e-02 0.000000000000000000e+00 3.583440207483406387e-02 8.824848779105955165e-02 9.967018512713886336e-02
8.017270530797360444e-04 0.000000000000000000e+00 2.654155142609308793e-02 6.697410518618231168e-02 1.111517222751134959e-01
4.056697931082930975e-03 0.000000000000000000e+00 8.142157525313399244e-03 5.161409785780291665e-02 1.170995837680904178e-01
3.567369043337709645e-03 0.000000000000000000e+00 5.473790950407216548e-03 2.664634029674270432e-02 1.158932011819855945e-01
3.091766079093947236e-03 0.000000000000000000e+00 7.852896123062806308e-03 0.000000000000000000e+00 9.859579880301569399e-02
0.000000000000000000e+00 0.000000000000000000e+00 3.624480674923930348e-03 0.000000000000000000e+00 7.967465582521765510e-02
0.000000000000000000e+00 0.000000000000000000e+00 0.000000000000000000e+00 3.525889967235793128e-03 7.124872661155541749e-03
0.000000000000000000e+00 0.000000000000000000e+00 0.000000000000000000e+00 0.000000000000000000e+00 0.000000000000000000e+00
0.000000000000000000e+00 0.000000000000000000e+00 0.000000000000000000e+00 0.000000000000000000e+00 0.000000000000000000e+00
0.000000000000000000e+00 0.000000000000000000e+00 0.000000000000000000e+00 0.000000000000000000e+00 0.000000000000000000e+00
0.000000000000000000e+00 0.000000000000000000e+00 0.000000000000000000e+00 0.000000000000000000e+00 0.000000000000000000e+00
0.000000000000000000e+00 0.000000000000000000e+00 0.000000000000000000e+00 0.000000000000000000e+00 0.000000000000000000e+00
1.169198956974395326e-03 0.000000000000000000e+00 0.000000000000000000e+00 8.381992693169329879e-05 0.000000000000000000e+00
1.206400741969035177e-02 0.000000000000000000e+00 0.000000000000000000e+00 8.648692460679250314e-04 0.000000000000000000e+00
2.660759924840231522e-02 0.000000000000000000e+00 0.000000000000000000e+00 2.552818395365884121e-04 0.000000000000000000e+00
7.087090560975756182e-02 0.000000000000000000e+00 5.857328974066925396e-03 3.227598757923310843e-03 0.000000000000000000e+00
1.141215290945090943e-01 0.000000000000000000e+00 2.326438931246676764e-02 3.948406877397764476e-03 0.000000000000000000e+00
1.210088722770726738e-01 0.000000000000000000e+00 4.726813467647512229e-02 3.515664765842474015e-03 0.000000000000000000e+00
7.136648054584338041e-02 1.075702807161019875e-02 1.074932903317374067e-01 0.000000000000000000e+00 0.000000000000000000e+00
6.755459760006820615e-03 7.984260055566137770e-02 1.334006955941469952e-01 7.841853965333342100e-03 0.000000000000000000e+00
0.000000000000000000e+00 1.101148227324388745e-01 9.949071396825245883e-02 4.723766122857712274e-02 0.000000000000000000e+00
0.000000000000000000e+00 9.747424811032977254e-02 5.032753762126571107e-02 9.483437751023596207e-02 4.045091502501917818e-02
0.000000000000000000e+00 4.011362733313823120e-02 1.986899544216937791e-02 1.191809420325125463e-01 8.973343215344459223e-02
0.000000000000000000e+00 0.000000000000000000e+00 2.369695694236802208e-02 8.916007073437469399e-02 1.075309836030698268e-01
0.000000000000000000e+00 0.000000000000000000e+00 2.488720392931720315e-02 6.682392642694141849e-02 1.124739089412842841e-01
0.000000000000000000e+00 0.000000000000000000e+00 2.833971283305597444e-02 4.450800929207728018e-02 1.317869121728210968e-01
0.000000000000000000e+00 0.000000000000000000e+00 2.406824325120908784e-02 3.155091700207019595e-02 1.453706825674822567e-01
0.000000000000000000e+00 0.000000000000000000e+00 2.618524141233853630e-02 1.161998393479392148e-02 1.469470963950359199e-01
0.000000000000000000e+00 0.000000000000000000e+00 2.316424761496146609e-02 0.000000000000000000e+00 1.466951446662190794e-01
0.000000000000000000e+00 0.000000000000000000e+00 2.265105776162123705e-02 0.000000000000000000e+00 1.363555862367063776e-01
0.000000000000000000e+00 0.000000000000000000e+00 1.254817453237420596e-02 0.000000000000000000e+00 1.202956342819285207e-01
0.000000000000000000e+00 0.000000000000000000e+00 9.666272025003478513e-03 0.000000000000000000e+00 1.025467680029843176e-01
1.653912170372010123e-04 0.000000000000000000e+00 3.909546068278662960e-03 0.000000000000000000e+00 8.213401069906715868e-02
8.309926036245478221e-04 0.000000000000000000e+00 6.972089049658538240e-04 0.000000000000000000e+00 4.381684952007114386e-02
0.000000000000000000e+00 2.382026103457507811e-05 1.611099947417291651e-04 0.000000000000000000e+00 4.397661176575707806e-03
0.000000000000000000e+00 0.000000000000000000e+00 0.000000000000000000e+00 0.000000000000000000e+00 0.000000000000000000e+00
0.000000000000000000e+00 0.000000000000000000e+00 0.000000000000000000e+00 0.000000000000000000e+00 0.000000000000000000e+00
0.000000000000000000e+00 0.000000000000000000e+00 0.000000000000000000e+00 0.000000000000000000e+00 0.000000000000000000e+00
0.000000000000000000e+00 0.000000000000000000e+00 0.000000000000000000e+00 0.000000000000000000e+00 0.000000000000000000e+00
0.000000000000000000e+00 0.000000000000000000e+00 0.000000000000000000e+00 0.000000000000000000e+00 0.000000000000000000e+00
3.826469313734386871e-03 0.000000000000000000e+00 0.000000000000000000e+00 2.743197608673597046e-04 0.000000000000000000e+00
1.387671300649563622e-02 0.000000000000000000e+00 0.000000000000000000e+00 9.711004921204180072e-04 0.000000000000000000e+00
1.155933997444191959e-02 0.000000000000000000e+00 7.676179279670520238e-03 0.000000000000000000e+00 0.000000000000000000e+00
4.274240359056959149e-02 0.000000000000000000e+00 1.988081385408502905e-02 0.000000000000000000e+00 2.144544367339299351e-04
9.783557251068060456e-02 0.000000000000000000e+00 3.406572936218481978e-02 3.559299035076290106e-03 0.000000000000000000e+00
1.105242649614640443e-01 3.378783862819188279e-03 5.798084163658329127e-02 0.000000000000000000e+00 0.000000000000000000e+00
7.069741421739279830e-02 4.410667705711868170e-02 9.547476640731790420e-02 1.534834852153816806e-02 0.000000000000000000e+00
9.876693350076121494e-03 9.648604301149971141e-02 9.156180096701099780e-02 6.250765448804784796e-02 0.000000000000000000e+00
0.000000000000000000e+00 1.030698467066053364e-01 5.265308981768463542e-02 9.780523364115621676e-02 4.055680726637272276e-02
0.000000000000000000e+00 8.317997235122742694e-02 0.000000000000000000e+00 1.136671462318968595e-01 1.109209084689282143e-01
0.000000000000000000e+00 4.349993808579746823e-02 0.000000000000000000e+00 5.706140387285967008e-02 1.435824947228791781e-01
0.000000000000000000e+00 1.587420859558767369e-02 9.941818600398354133e-03 7.921105740043099183e-03 1.518087714305052516e-01
0.000000000000000000e+00 4.559862919404173917e-03 1.814158092960127533e-02 0.000000000000000000e+00 1.419470463275348260e-01
0.000000000000000000e+00 0.000000000000000000e+00 2.427838191075537902e-02 0.000000000000000000e+00 1.264661731917944842e-01
0.000000000000000000e+00 0.000000000000000000e+00 1.966207748548908299e-02 0.000000000000000000e+00 1.149261005567463884e-01
0.000000000000000000e+00 4.716891231843870240e-04 1.837761024925066433e-02 0.000000000000000000e+00 8.830225731639203268e-02
0.000000000000000000e+00 1.198246981198626505e-03 1.273270385570862348e-02 0.000000000000000000e+00 6.659687249620353799e-02
0.000000000000000000e+00 0.000000000000000000e+00 7.481509130899201103e-03 0.000000000000000000e+00 5.555067259823710801e-02
0.000000000000000000e+00 0.000000000000000000e+00 6.473704042984145153e-03 0.000000000000000000e+00 4.274679550948279338e-02
0.000000000000000000e+00 7.048631329541436971e-04 0.000000000000000000e+00 0.000000000000000000e+00 3.160595058329089546e-02
0.000000000000000000e+00 4.917372752522912406e-04 0.000000000000000000e+00 0.000000000000000000e+00 2.169091712279339404e-02
0.000000000000000000e+00 3.911847833592979346e-04 0.000000000000000000e+00 0.000000000000000000e+00 9.963496507498902782e-03
0.000000000000000000e+00 0.000000000000000000e+00 0.000000000000000000e+00 0.000000000000000000e+00 0.000000000000000000e+00
0.000000000000000000e+00 0.000000000000000000e+00 0.000000000000000000e+00 0.000000000000000000e+00 0.000000000000000000e+00
0.000000000000000000e+00 0.000000000000000000e+00 0.000000000000000000e+00 0.000000000000000000e+00 0.000000000000000000e+00
0.000000000000000000e+00 0.000000000000000000e+00 0.000000000000000000e+00 0.000000000000000000e+00 0.000000000000000000e+00
0.000000000000000000e+00 0.000000000000000000e+00 0.000000000000000000e+00 0.000000000000000000e+00 0.000000000000000000e+00
0.000000000000000000e+00 0.000000000000000000e+00 0.000000000000000000e+00 0.000000000000000000e+00 0.000000000000000000e+00
7.865520256009572025e-03 0.000000000000000000e+00 0.000000000000000000e+00 5.638795084495725786e-04 0.000000000000000000e+00
1.496536564133372875e-02 0.000000000000000000e+00 0.000000000000000000e+00 9.892175424091210079e-04 0.000000000000000000e+00
8.852589385060271113e-03 0.000000000000000000e+00 1.794120465168971140e-02 0.000000000000000000e+00 6.775682975093055230e-04
3.114248701309052167e-02 0.000000000000000000e+00 3.259251159841132506e-02 0.000000000000000000e+00 6.255869336407694293e-04
6.536357112830940008e-02 0.000000000000000000e+00 5.449807484062291901e-02 0.000000000000000000e+00 8.287268127573668404e-04
7.989412045814120455e-02 1.817840932319759323e-02 8.236626940407795749e-02 7.840642572832012824e-03 0.000000000000000000e+00
5.580973259216411020e-02 7.193647653447925172e-02 7.925853589731926552e-02 6.312294301615209435e-02 0.000000000000000000e+00
2.328298866779359919e-02 9.077063909506244421e-02 6.078264541013007199e-02 1.005478157160465541e-01 3.574287452888490896e-02
5.697352340668759840e-03 9.532676203123549574e-02 1.328662755536462285e-02 1.120600108442051795e-01 1.008678742437166542e-01
1.411164896172578155e-02 9.942741605598257038e-02 0.000000000000000000e+00 7.580910309723269680e-02 1.311329448077082072e-01
1.400763123744851874e-02 8.868587452281766204e-02 0.000000000000000000e+00 1.711820317496742794e-02 9.745138355500469751e-02
1.468473571317528009e-02 8.527299656083743573e-02 0.000000000000000000e+00 0.000000000000000000e+00 7.409715742849594389e-02
2.395614643248575662e-02 6.847397501003386899e-02 0.000000000000000000e+00 0.000000000000000000e+00 5.177618144326342348e-02
2.738776746905327228e-02 3.962302604148234403e-02 0.000000000000000000e+00 0.000000000000000000e+00 3.074327514099793254e-02
1.843806643795829758e-02 1.102276910985207532e-02 1.149109322071478929e-02 0.000000000000000000e+00 2.212055130910427908e-02
1.649453891315371193e-02 6.061536408246841895e-03 7.903469160899005697e-03 0.000000000000000000e+00 1.608852483432164290e-02
2.943818611321319910e-03 2.866137342143312318e-03 1.510124177453578745e-04 0.000000000000000000e+00 7.970497451203885017e-03
0.000000000000000000e+00 5.284913830840548945e-04 0.000000000000000000e+00 0.000000000000000000e+00 8.166066846059645556e-03
0.000000000000000000e+00 4.430684971172624688e-04 0.000000000000000000e+00 0.000000000000000000e+00 6.388969147168262371e-03
0.000000000000000000e+00 4.660676559122182245e-04 1.458647961041364689e-04 0.000000000000000000e+00 4.572543738851397692e-03
0.000000000000000000e+00 4.683017817263893643e-04 5.158257505262050157e-04 0.000000000000000000e+00 1.954902692925361736e-03
0.000000000000000000e+00 6.837674525912980821e-06 0.000000000000000000e+00 0.000000000000000000e+00 9.623226291969448913e-05
0.000000000000000000e+00 0.000000000000000000e+00 0.000000000000000000e+00 0.000000000000000000e+00 0.000000000000000000e+00
0.000000000000000000e+00 0.000000000000000000e+00 0.000000000000000000e+00 0.000000000000000000e+00 0.000000000000000000e+00
0.000000000000000000e+00 0.000000000000000000e+00 0.000000000000000000e+00 0.000000000000000000e+00 0.000000000000000000e+00
0.000000000000000000e+00 0.000000000000000000e+00 0.000000000000000000e+00 0.000000000000000000e+00 0.000000000000000000e+00
0.000000000000000000e+00 0.000000000000000000e+00 0.000000000000000000e+00 0.000000000000000000e+00 0.000000000000000000e+00
0.000000000000000000e+00 0.000000000000000000e+00 0.000000000000000000e+00 0.000000000000000000e+00 0.000000000000000000e+00
8.875282991578364519e-03 0.000000000000000000e+00 0.000000000000000000e+00 6.362694453451258648e-04 0.000000000000000000e+00
1.743817083527845688e-02 0.000000000000000000e+00 0.000000000000000000e+00 8.194142883780257489e-04 0.000000000000000000e+00
2.116357927963342239e-02 0.000000000000000000e+00 1.759278338359353613e-02 0.000000000000000000e+00 0.000000000000000000e+00
4.507748546586166916e-02 0.000000000000000000e+00 3.355534155561306492e-02 0.000000000000000000e+00 0.000000000000000000e+00
4.491435365334412594e-02 8.048882724620577342e-03 5.882227221712516690e-02 1.233422504988277617e-04 5.560264733691734629e-03
5.470610614181416892e-02 4.075186476287191717e-02 8.580477031571012714e-02 2.661125986227192222e-02 4.763633106999175769e-03
5.231270959508428631e-02 7.444773933272785804e-02 8.127563351600669561e-02 8.538482277026294975e-02 4.180842442622655086e-02
4.896939480530782679e-02 8.225588457085750149e-02 6.114118709524447859e-02 1.101830338818440974e-01 7.717554362551938552e-02
5.965606682758002599e-02 8.151991699463419228e-02 0.000000000000000000e+00 1.189503280604215230e-01 1.019098119960010068e-01
8.351352853327760617e-02 9.359353039941771535e-02 0.000000000000000000e+00 1.080165033796797874e-01 6.256107018989079394e-02
6.682972358214575581e-02 1.046523769789695912e-01 0.000000000000000000e+00 7.566055619336606308e-02 1.793161320572451284e-02
6.213341367925637182e-02 1.105826885418838418e-01 0.000000000000000000e+00 4.831246796122987824e-02 6.609826000349665678e-03
5.987774820673135573e-02 1.075657303292980177e-01 0.000000000000000000e+00 3.015795084626716679e-02 2.686840295701485234e-03
5.972845374328832752e-02 8.525441791930887803e-02 0.000000000000000000e+00 1.170054393964740057e-02 0.000000000000000000e+00
5.794522055503822239e-02 4.574103365511966723e-02 4.359446266015563204e-03 0.000000000000000000e+00 2.057844314433227256e-04
4.871513166023829638e-02 1.051170943925926020e-02 1.676692602563986667e-02 0.000000000000000000e+00 4.321390497458355365e-03
2.914609498247495295e-02 5.953699186750789976e-03 1.083498591433560733e-02 0.000000000000000000e+00 2.010238716348654135e-03
5.967118950553383823e-03 2.400948501730920236e-04 1.571428464254625342e-03 0.000000000000000000e+00 6.211037076826221581e-04
0.000000000000000000e+00 8.576287536801004618e-04 1.306710277754917580e-03 0.000000000000000000e+00 9.921339410738419778e-04
0.000000000000000000e+00 4.707636093570121880e-04 7.172703155067753234e-04 0.000000000000000000e+00 5.445952611329247855e-04
0.000000000000000000e+00 2.330512917608972093e-05 3.550843146073143387e-05 0.000000000000000000e+00 2.696016144222398211e-05
0.000000000000000000e+00 0.000000000000000000e+00 0.000000000000000000e+00 0.000000000000000000e+00 0.000000000000000000e+00
0.000000000000000000e+00 0.000000000000000000e+00 0.000000000000000000e+00 0.000000000000000000e+00 0.000000000000000000e+00
0.000000000000000000e+00 0.000000000000000000e+00 0.000000000000000000e+00 0.000000000000000000e+00 0.000000000000000000e+00
0.000000000000000000e+00 0.000000000000000000e+00 0.000000000000000000e+00 0.000000000000000000e+00 0.000000000000000000e+00
0.000000000000000000e+00 0.000000000000000000e+00 0.000000000000000000e+00 0.000000000000000000e+00 0.000000000000000000e+00
0.000000000000000000e+00 0.000000000000000000e+00 0.000000000000000000e+00 0.000000000000000000e+00 0.000000000000000000e+00
0.000000000000000000e+00 0.000000000000000000e+00 0.000000000000000000e+00 0.000000000000000000e+00 0.000000000000000000e+00
1.275489771244795335e-03 0.000000000000000000e+00 0.000000000000000000e+00 9.143992028911977505e-05 0.000000000000000000e+00
1.497903688381424861e-02 2.832662862518667279e-04 4.575120893783257378e-04 2.160158520245158661e-04 0.000000000000000000e+00
2.226084766449717978e-02 0.000000000000000000e+00 9.787953437284606373e-03 1.193691168275739459e-03 0.000000000000000000e+00
4.710878008223954444e-02 0.000000000000000000e+00 3.420124444100431510e-02 1.122117197525502631e-03 1.917537064774730042e-03
3.565407696045795605e-02 1.652061003036965625e-02 6.726611465263299117e-02 0.000000000000000000e+00 1.228952223966594919e-02
2.741931203230864658e-02 4.551738011027436914e-02 9.006204686243678148e-02 1.969825491158872649e-02 3.957475846253925844e-02
3.721097458222156346e-02 6.222361769986790858e-02 9.956761532439602214e-02 5.761057531554437255e-02 8.948454468282854291e-02
3.593208369892314513e-02 5.928736191161215058e-02 9.590059633070575906e-02 8.396253575949580439e-02 1.219723012865987083e-01
6.903300305287088379e-02 4.687775877743131925e-02 6.411444918608817656e-02 1.035875118193676503e-01 9.858719481222716352e-02
8.880725500047417786e-02 4.097463389484673479e-02 2.815398277991900886e-02 1.217940291827424026e-01 5.947894775277010049e-02
9.073531432121099971e-02 4.747089680550572316e-02 1.126662467284583746e-02 1.287138040559911156e-01 2.942737972246106323e-02
8.479038530015037267e-02 6.561871448243750127e-02 0.000000000000000000e+00 1.232898660747129282e-01 2.290976565474514559e-02
8.307475720920536044e-02 9.101718101665359772e-02 0.000000000000000000e+00 1.004502840821358961e-01 1.519561383208789355e-02
8.249925040211016081e-02 1.006158194493253499e-01 0.000000000000000000e+00 6.392446521952172001e-02 6.465084966144399141e-03
8.268778728834012826e-02 8.849300623885580919e-02 0.000000000000000000e+00 1.489740408030947733e-02 0.000000000000000000e+00
8.737806142015391853e-02 3.475743261571934140e-02 5.834303215335059564e-03 0.000000000000000000e+00 0.000000000000000000e+00
6.235391741842340185e-02 5.888184596186793809e-03 1.330698520593107809e-02 0.000000000000000000e+00 7.840449962053351466e-04
2.570097673942922656e-02 0.000000000000000000e+00 7.474406806348751070e-03 1.650470195986708652e-03 0.000000000000000000e+00
1.796435927628667979e-03 0.000000000000000000e+00 1.263466591265530333e-04 1.011073614378049006e-03 0.000000000000000000e+00
0.000000000000000000e+00 0.000000000000000000e+00 0.000000000000000000e+00 0.000000000000000000e+00 0.000000000000000000e+00
0.000000000000000000e+00 0.000000000000000000e+00 0.000000000000000000e+00 0.000000000000000000e+00 0.000000000000000000e+00
0.000000000000000000e+00 0.000000000000000000e+00 0.000000000000000000e+00 0.000000000000000000e+00 0.000000000000000000e+00
0.000000000000000000e+00 0.000000000000000000e+00 0.000000000000000000e+00 0.000000000000000000e+00 0.000000000000000000e+00
0.000000000000000000e+00 0.000000000000000000e+00 0.000000000000000000e+00 0.000000000000000000e+00 0.000000000000000000e+00
0.000000000000000000e+00 0.000000000000000000e+00 0.000000000000000000e+00 0.000000000000000000e+00 0.000000000000000000e+00
0.000000000000000000e+00 0.000000000000000000e+00 0.000000000000000000e+00 0.000000000000000000e+00 0.000000000000000000e+00
0.000000000000000000e+00 0.000000000000000000e+00 0.000000000000000000e+00 0.000000000000000000e+00 0.000000000000000000e+00
0.000000000000000000e+00 0.000000000000000000e+00 0.000000000000000000e+00 0.000000000000000000e+00 0.000000000000000000e+00
0.000000000000000000e+00 0.000000000000000000e+00 0.000000000000000000e+00 0.000000000000000000e+00 0.000000000000000000e+00
9.364055716868002928e-04 0.000000000000000000e+00 5.235329124057378457e-03 1.030266656847793555e-03 0.000000000000000000e+00
1.284239674165586591e-02 0.000000000000000000e+00 1.458397418209306066e-02 6.819066016577010093e-04 0.000000000000000000e+00
3.013165100033009247e-02 3.218401528403318571e-03 2.694744226568083698e-02 4.406769531086366341e-03 2.376047632978025084e-03
2.878406990884247590e-02 1.815632390852493783e-02 4.346337404687918710e-02 9.706490291165712977e-03 1.450855572665091242e-02
2.182014574559337089e-02 2.833262114897934156e-02 8.734281591545357826e-02 1.079544454104377528e-02 6.718657651545917320e-02
2.070725106112130884e-02 4.608453729537616977e-02 1.090637963048606135e-01 1.520499694813415813e-02 1.208815750885738199e-01
1.713395810107967016e-02 3.531624558276910686e-02 1.202501789607464816e-01 1.659943284888971277e-02 1.468881575869893652e-01
1.484334374012306022e-02 1.988790683907119827e-02 1.468515760753418831e-01 9.258312728851551474e-03 1.461866874484151479e-01
2.163769152129390097e-02 1.294520255541927248e-02 1.411220425070444651e-01 4.554708358211261195e-03 1.284381380283815544e-01
4.054985932631440665e-02 1.129659982419858877e-02 1.125511836447221498e-01 2.839514435863918843e-02 1.051480530287341869e-01
5.303548703187931090e-02 1.809121646174310927e-02 6.914774961390660057e-02 6.588610777111533756e-02 8.217369537148727643e-02
5.376551155140271016e-02 4.569598639644974897e-02 2.996009817199716749e-02 9.861438146269059513e-02 6.006643757965069580e-02
4.873604559240449219e-02 1.023007520923098213e-01 0.000000000000000000e+00 1.071091001578435287e-01 2.805491688184148444e-02
6.275533701669230857e-02 1.134680344195339169e-01 0.000000000000000000e+00 5.159750556824652806e-02 8.205230706838990973e-03
9.734856212723493052e-02 8.732197852565296015e-02 0.000000000000000000e+00 0.000000000000000000e+00 0.000000000000000000e+00
1.075252035110109000e-01 2.016616350076541261e-02 0.000000000000000000e+00 0.000000000000000000e+00 0.000000000000000000e+00
6.038158205886907243e-02 0.000000000000000000e+00 6.657359171757322620e-03 2.263078521756640028e-03 0.000000000000000000e+00
2.036505595554532685e-02 0.000000000000000000e+00 2.922882945042477344e-03 4.512062906527044247e-03 0.000000000000000000e+00
6.907309611980251129e-04 0.000000000000000000e+00 0.000000000000000000e+00 4.180853875723553460e-04 0.000000000000000000e+00
0.000000000000000000e+00 0.000000000000000000e+00 0.000000000000000000e+00 0.000000000000000000e+00 0.000000000000000000e+00
0.000000000000000000e+00 0.000000000000000000e+00 0.000000000000000000e+00 0.000000000000000000e+00 0.000000000000000000e+00
0.000000000000000000e+00 0.000000000000000000e+00 0.000000000000000000e+00 0.000000000000000000e+00 0.000000000000000000e+00
0.000000000000000000e+00 0.000000000000000000e+00 0.000000000000000000e+00 0.000000000000000000e+00 0.000000000000000000e+00
0.000000000000000000e+00 0.000000000000000000e+00 0.000000000000000000e+00 0.000000000000000000e+00 0.000000000000000000e+00
0.000000000000000000e+00 0.000000000000000000e+00 0.000000000000000000e+00 0.000000000000000000e+00 0.000000000000000000e+00
0.000000000000000000e+00 0.000000000000000000e+00 0.000000000000000000e+00 0.000000000000000000e+00 0.000000000000000000e+00
3.391219519658333729e-04 0.000000000000000000e+00 0.000000000000000000e+00 8.484168425421078838e-03 0.000000000000000000e+00
3.908464636166380048e-04 0.000000000000000000e+00 0.000000000000000000e+00 8.583164938898522195e-03 5.225389930326472315e-04
0.000000000000000000e+00 0.000000000000000000e+00 4.171618557131040288e-03 7.757529752842058646e-03 1.758870607509692343e-03
4.503171582421801149e-03 0.000000000000000000e+00 1.058992081108646802e-02 3.747118070986388445e-03 3.014687899576491692e-03
1.027162627119315198e-02 0.000000000000000000e+00 2.627368428228725461e-02 1.189591275141016783e-03 3.447141286172497078e-03
1.829001967300409801e-02 8.957840533543745543e-03 3.983631545671917351e-02 8.211926533022292571e-03 1.469353905729836769e-02
1.193595303171271840e-02 1.656200909990606512e-02 7.272129550631445394e-02 1.055931207349164111e-02 4.241353137290087422e-02
1.143409061774273983e-02 1.674294167828405816e-02 9.164889553120529608e-02 3.840697129586521322e-03 8.881883132935282366e-02
0.000000000000000000e+00 9.945412052970364902e-03 1.084345536741481986e-01 0.000000000000000000e+00 1.086643926150686196e-01
0.000000000000000000e+00 0.000000000000000000e+00 1.327823642501672341e-01 0.000000000000000000e+00 1.095731753690649818e-01
0.000000000000000000e+00 0.000000000000000000e+00 1.487747708478673048e-01 0.000000000000000000e+00 1.011599871436427434e-01
6.528583595688476540e-04 0.000000000000000000e+00 1.429509974438323006e-01 0.000000000000000000e+00 9.294129326691379089e-02
1.185856674134538533e-02 0.000000000000000000e+00 1.186071909922998824e-01 0.000000000000000000e+00 7.954644184346588986e-02
1.740911832612883695e-02 1.373385880513380841e-02 8.404900052677480304e-02 4.013707124054811254e-02 7.497036132026510535e-02
1.299195021309040680e-02 6.972487515279424120e-02 2.114095291172029406e-02 1.095049773479589567e-01 5.243245969000791956e-02
2.289347471645136051e-02 1.180303066634038889e-01 0.000000000000000000e+00 9.944391406246681775e-02 1.673907802838742881e-02
8.671179497621631094e-02 1.098319316809518026e-01 0.000000000000000000e+00 1.231693063436767842e-02 0.000000000000000000e+00
1.145513321165285703e-01 4.690477286986034777e-02 0.000000000000000000e+00 0.000000000000000000e+00 0.000000000000000000e+00
1.064863453043295022e-01 0.000000000000000000e+00 0.000000000000000000e+00 6.864298576804468352e-03 0.000000000000000000e+00
4.385828693394268341e-02 0.000000000000000000e+00 4.780062112356175973e-05 7.900657674479847140e-03 0.000000000000000000e+00
7.583808073471968135e-03 0.000000000000000000e+00 0.000000000000000000e+00 4.088311902864679576e-03 0.000000000000000000e+00
0.000000000000000000e+00 0.000000000000000000e+00 0.000000000000000000e+00 0.000000000000000000e+00 0.000000000000000000e+00
0.000000000000000000e+00 0.000000000000000000e+00 0.000000000000000000e+00 0.000000000000000000e+00 0.000000000000000000e+00
0.000000000000000000e+00 0.000000000000000000e+00 0.000000000000000000e+00 0.000000000000000000e+00 0.000000000000000000e+00
0.000000000000000000e+00 0.000000000000000000e+00 0.000000000000000000e+00 0.000000000000000000e+00 0.000000000000000000e+00
0.000000000000000000e+00 0.000000000000000000e+00 0.000000000000000000e+00 0.000000000000000000e+00 0.000000000000000000e+00
0.000000000000000000e+00 0.000000000000000000e+00 0.000000000000000000e+00 0.000000000000000000e+00 0.000000000000000000e+00
0.000000000000000000e+00 0.000000000000000000e+00 0.000000000000000000e+00 0.000000000000000000e+00 0.000000000000000000e+00
1.795206248896782399e-04 0.000000000000000000e+00 0.000000000000000000e+00 9.166219494423966802e-03 5.123866795080106061e-04
3.585392528088184039e-03 0.000000000000000000e+00 0.000000000000000000e+00 4.144714938502847001e-02 6.382423203787313763e-04
5.426174982552478369e-03 0.000000000000000000e+00 0.000000000000000000e+00 5.565857773852000978e-02 0.000000000000000000e+00
0.000000000000000000e+00 0.000000000000000000e+00 8.204665708104222702e-03 1.417800448883825559e-02 1.600264223950874365e-02
1.143564804188707932e-05 0.000000000000000000e+00 2.308404733830370092e-02 4.617270407484655101e-03 2.088402049463043003e-02
1.088363490684065259e-02 4.801833660277282645e-03 3.838704290067759123e-02 0.000000000000000000e+00 2.126383583720070636e-02
0.000000000000000000e+00 1.337090783775041897e-02 6.604950360600915504e-02 0.000000000000000000e+00 2.963800061891098611e-02
1.349562252607731071e-03 1.314291222154688292e-02 7.487319612540811742e-02 0.000000000000000000e+00 3.403663337434142955e-02
6.384814571550306156e-03 3.862285648249558657e-03 7.786547767079744775e-02 0.000000000000000000e+00 2.380663062252631745e-02
4.735384823790250025e-03 0.000000000000000000e+00 7.292445530016380961e-02 0.000000000000000000e+00 2.445189493525887908e-02
0.000000000000000000e+00 0.000000000000000000e+00 7.450806737156667747e-02 0.000000000000000000e+00 4.562022771474252836e-02
0.000000000000000000e+00 0.000000000000000000e+00 9.385050095658996339e-02 0.000000000000000000e+00 6.646952549307744151e-02
0.000000000000000000e+00 0.000000000000000000e+00 1.067907277107269515e-01 0.000000000000000000e+00 7.923713180521881061e-02
0.000000000000000000e+00 3.399940340768254493e-03 1.030919080149223926e-01 3.100121006560911316e-02 8.716477079116304039e-02
0.000000000000000000e+00 5.345243753116411117e-02 6.421649188099809447e-02 9.939554749812327950e-02 6.198734927652417570e-02
0.000000000000000000e+00 1.103484806393941614e-01 2.224632000255339845e-02 8.577692775194901975e-02 2.196454990295525905e-02
6.292945452260820249e-02 1.087181135477310323e-01 4.979247395391741063e-03 2.442779645356357027e-02 0.000000000000000000e+00
1.232453514944242545e-01 5.459507968572500231e-02 0.000000000000000000e+00 0.000000000000000000e+00 0.000000000000000000e+00
1.132311126922261463e-01 0.000000000000000000e+00 0.000000000000000000e+00 4.960122120773576004e-03 0.000000000000000000e+00
6.042446365212642695e-02 0.000000000000000000e+00 0.000000000000000000e+00 1.217046824980121122e-02 0.000000000000000000e+00
1.285885283254540983e-02 0.000000000000000000e+00 0.000000000000000000e+00 6.452620832380066840e-03 0.000000000000000000e+00
0.000000000000000000e+00 0.000000000000000000e+00 0.000000000000000000e+00 0.000000000000000000e+00 0.000000000000000000e+00
0.000000000000000000e+00 0.000000000000000000e+00 0.000000000000000000e+00 0.000000000000000000e+00 0.000000000000000000e+00
0.000000000000000000e+00 0.000000000000000000e+00 0.000000000000000000e+00 0.000000000000000000e+00 0.000000000000000000e+00
0.000000000000000000e+00 0.000000000000000000e+00 0.000000000000000000e+00 0.000000000000000000e+00 0.000000000000000000e+00
0.000000000000000000e+00 0.000000000000000000e+00 0.000000000000000000e+00 0.000000000000000000e+00 0.000000000000000000e+00
0.000000000000000000e+00 0.000000000000000000e+00 0.000000000000000000e+00 0.000000000000000000e+00 0.000000000000000000e+00
0.000000000000000000e+00 0.000000000000000000e+00 0.000000000000000000e+00 0.000000000000000000e+00 0.000000000000000000e+00
0.000000000000000000e+00 1.904233488096358817e-04 0.000000000000000000e+00 5.834896870190064977e-03 8.176587313972856963e-04
8.371774392145366755e-03 0.000000000000000000e+00 0.000000000000000000e+00 5.795758045993420343e-02 0.000000000000000000e+00
9.691120910159221544e-03 0.000000000000000000e+00 0.000000000000000000e+00 7.267136447955480083e-02 3.052112851700011678e-04
9.015157234823644242e-03 0.000000000000000000e+00 0.000000000000000000e+00 3.830031492087443423e-02 3.726994537539285446e-02
4.540795138880003232e-03 5.411822279033499591e-03 0.000000000000000000e+00 1.466451459660255731e-02 5.684310095201027674e-02
9.157270887023871361e-03 1.072773259766094528e-02 6.776807090006341065e-03 0.000000000000000000e+00 4.639537413596168947e-02
9.075257423527936448e-03 1.108799617781834786e-02 3.564352921401878899e-02 0.000000000000000000e+00 2.472741876685165610e-02
6.227271142488784161e-03 8.412652760228541207e-03 4.545238159678480216e-02 0.000000000000000000e+00 1.184575998304897640e-02
7.490112333513786191e-03 2.270251878302225260e-03 3.516302483420969544e-02 0.000000000000000000e+00 6.789393707823135511e-03
3.778272835663571815e-03 0.000000000000000000e+00 1.423300395988715689e-02 2.594589613488774114e-03 1.283628616165997938e-02
0.000000000000000000e+00 0.000000000000000000e+00 1.166403219201204641e-02 2.232662768040884638e-03 3.794368541006798434e-02
0.000000000000000000e+00 0.000000000000000000e+00 3.620076501267910363e-02 1.038281042652973614e-02 6.223358293515113271e-02
0.000000000000000000e+00 0.000000000000000000e+00 7.260011938745969395e-02 2.673887984032215573e-02 8.925772343807689135e-02
0.000000000000000000e+00 1.600745602679054524e-02 8.795501669139531298e-02 6.456285247100833347e-02 1.002714840654280459e-01
0.000000000000000000e+00 7.387096348003657775e-02 6.974475859305313830e-02 1.009784897045067770e-01 5.556261021412390450e-02
0.000000000000000000e+00 1.060362649433566895e-01 6.476427774011873917e-02 6.306973754163387735e-02 1.123039147201029472e-02
4.493588290687243469e-02 1.037160040181114434e-01 3.656127226546386499e-02 4.625536932586873148e-04 0.000000000000000000e+00
1.273373853273276624e-01 3.818984347127131473e-02 0.000000000000000000e+00 0.000000000000000000e+00 0.000000000000000000e+00
1.348004728403102148e-01 5.271534481346214652e-04 0.000000000000000000e+00 5.517634626287390431e-03 0.000000000000000000e+00
7.224358898782778926e-02 0.000000000000000000e+00 0.000000000000000000e+00 1.472673546048946201e-02 0.000000000000000000e+00
2.033574473397706597e-02 0.000000000000000000e+00 0.000000000000000000e+00 7.506495987868775678e-03 0.000000000000000000e+00
0.000000000000000000e+00 0.000000000000000000e+00 0.000000000000000000e+00 0.000000000000000000e+00 0.000000000000000000e+00
0.000000000000000000e+00 0.000000000000000000e+00 0.000000000000000000e+00 0.000000000000000000e+00 0.000000000000000000e+00
0.000000000000000000e+00 0.000000000000000000e+00 0.000000000000000000e+00 0.000000000000000000e+00 0.000000000000000000e+00
0.000000000000000000e+00 0.000000000000000000e+00 0.000000000000000000e+00 0.000000000000000000e+00 0.000000000000000000e+00
0.000000000000000000e+00 0.000000000000000000e+00 0.000000000000000000e+00 0.000000000000000000e+00 0.000000000000000000e+00
0.000000000000000000e+00 0.000000000000000000e+00 0.000000000000000000e+00 0.000000000000000000e+00 0.000000000000000000e+00
0.000000000000000000e+00 0.000000000000000000e+00 0.000000000000000000e+00 0.000000000000000000e+00 0.000000000000000000e+00
0.000000000000000000e+00 3.072480888819278152e-05 0.000000000000000000e+00 3.604698805129608638e-04 7.230314083946333067e-05
4.815147341305918080e-03 0.000000000000000000e+00 0.000000000000000000e+00 4.452889305284522120e-02 0.000000000000000000e+00
1.633446036109325802e-02 9.151585577834193963e-04 0.000000000000000000e+00 7.929081890627091844e-02 1.023327158659260994e-02
2.920315759396635916e-02 1.258276941503785537e-02 0.000000000000000000e+00 7.729231285668307361e-02 6.663728723221215566e-02
2.314811520625095764e-02 2.488985611049690169e-02 0.000000000000000000e+00 5.051983316102769822e-02 8.740232869732091070e-02
1.146605675084607853e-02 2.219357025258807820e-02 0.000000000000000000e+00 1.659921726337601836e-02 5.947164975311144963e-02
1.687392642429992595e-02 1.913290876770612839e-02 0.000000000000000000e+00 0.000000000000000000e+00 4.723051163907694000e-02
6.967757181346111509e-03 1.029185309659321097e-02 6.640790320187123924e-03 0.000000000000000000e+00 3.891560208242389463e-02
2.169123446906764323e-04 2.240209599521716076e-03 9.323750753962113669e-03 0.000000000000000000e+00 3.498160751058697338e-02
0.000000000000000000e+00 0.000000000000000000e+00 8.576995309414666216e-03 0.000000000000000000e+00 4.998305314237651981e-02
0.000000000000000000e+00 0.000000000000000000e+00 8.331270686156251604e-03 8.194247695653154862e-03 8.008521076278871109e-02
0.000000000000000000e+00 0.000000000000000000e+00 1.716252734178054865e-02 3.628540500328741175e-02 1.050077338990065418e-01
0.000000000000000000e+00 2.173166189642940921e-03 3.563417029796055180e-02 8.724902684740465375e-02 1.142005435107760480e-01
0.000000000000000000e+00 4.742039769648469932e-02 5.723938667516328266e-02 1.138171058027156457e-01 7.593641688869116890e-02
0.000000000000000000e+00 9.460453280820706190e-02 6.346869917492284352e-02 9.167759830843554003e-02 2.857943444176421627e-02
0.000000000000000000e+00 1.154641450030423067e-01 8.295316316537289236e-02 2.676624271229022245e-02 0.000000000000000000e+00
5.480381563227038760e-02 8.979945818572108995e-02 5.395604179920156923e-02 0.000000000000000000e+00 0.000000000000000000e+00
1.292501466044420622e-01 2.186346922547581853e-02 6.157314143278426119e-03 0.000000000000000000e+00 0.000000000000000000e+00
1.388291694532307052e-01 0.000000000000000000e+00 0.000000000000000000e+00 6.780760017381927754e-03 0.000000000000000000e+00
7.545688798975813683e-02 0.000000000000000000e+00 0.000000000000000000e+00 1.360250079543399472e-02 0.000000000000000000e+00
1.883369319594202854e-02 0.000000000000000000e+00 0.000000000000000000e+00 6.065325926783394703e-03 0.000000000000000000e+00
0.000000000000000000e+00 0.000000000000000000e+00 0.000000000000000000e+00 0.000000000000000000e+00 0.000000000000000000e+00
0.000000000000000000e+00 0.000000000000000000e+00 0.000000000000000000e+00 0.000000000000000000e+00 0.000000000000000000e+00
0.000000000000000000e+00 0.000000000000000000e+00 0.000000000000000000e+00 0.000000000000000000e+00 0.000000000000000000e+00
0.000000000000000000e+00 0.000000000000000000e+00 0.000000000000000000e+00 0.000000000000000000e+00 0.000000000000000000e+00
0.000000000000000000e+00 0.000000000000000000e+00 0.000000000000000000e+00 0.000000000000000000e+00 0.000000000000000000e+00
0.000000000000000000e+00 0.000000000000000000e+00 0.000000000000000000e+00 0.000000000000000000e+00 0.000000000000000000e+00
0.000000000000000000e+00 0.000000000000000000e+00 0.000000000000000000e+00 0.000000000000000000e+00 0.000000000000000000e+00
0.000000000000000000e+00 0.000000000000000000e+00 0.000000000000000000e+00 0.000000000000000000e+00 0.000000000000000000e+00
0.000000000000000000e+00 6.157675161066196445e-03 0.000000000000000000e+00 6.079545831291302722e-03 0.000000000000000000e+00
6.205817854613169052e-04 2.573063956307435063e-02 0.000000000000000000e+00 6.143818354412099864e-02 1.588037455224504402e-03
2.273364525076079778e-02 4.916330264444251918e-02 0.000000000000000000e+00 9.541708048389854757e-02 6.563410657571074058e-02
4.179791144891768784e-02 4.487019202673502016e-02 0.000000000000000000e+00 9.437010971966464101e-02 9.811267989411508184e-02
4.714516782588742266e-02 2.159911634130837893e-02 0.000000000000000000e+00 7.563356498131541816e-02 9.715305238288378387e-02
3.627700654996020291e-02 2.385724090726552143e-02 0.000000000000000000e+00 4.016494400095816514e-02 9.818202321996771786e-02
1.525642232652861877e-02 1.680654140182944595e-02 0.000000000000000000e+00 2.198414167658761104e-02 1.000249094241541931e-01
6.575974990290152887e-03 0.000000000000000000e+00 0.000000000000000000e+00 2.984497260925858889e-02 1.076014331960588183e-01
0.000000000000000000e+00 0.000000000000000000e+00 0.000000000000000000e+00 3.454185023542370031e-02 1.282439703760896721e-01
0.000000000000000000e+00 0.000000000000000000e+00 0.000000000000000000e+00 5.806509604061493163e-02 1.354768772438026958e-01
0.000000000000000000e+00 0.000000000000000000e+00 0.000000000000000000e+00 9.860948756115238412e-02 1.151986562159538069e-01
0.000000000000000000e+00 4.547318249093860315e-02 1.683626576857922413e-02 1.347982441930496433e-01 7.423966568999108839e-02
0.000000000000000000e+00 8.776005945319372004e-02 4.118022036525288698e-02 1.156294920540680837e-01 2.795089114077996956e-02
0.000000000000000000e+00 1.171912493524651655e-01 8.554389707329404513e-02 4.140442721973677104e-02 1.592018052979006547e-03
2.060092461830157623e-02 1.115694752411203333e-01 9.536572848818383741e-02 0.000000000000000000e+00 0.000000000000000000e+00
8.713557090739032507e-02 5.497633788671353605e-02 5.206794600497145070e-02 0.000000000000000000e+00 0.000000000000000000e+00
1.315572885191990671e-01 6.216901454114116474e-03 3.427881247604371712e-03 0.000000000000000000e+00 0.000000000000000000e+00
1.263245848168670638e-01 0.000000000000000000e+00 0.000000000000000000e+00 8.787012529814819048e-03 0.000000000000000000e+00
5.498297762551098561e-02 0.000000000000000000e+00 0.000000000000000000e+00 1.011554149832619501e-02 0.000000000000000000e+00
2.147318919237890464e-02 0.000000000000000000e+00 0.000000000000000000e+00 4.856224990564525501e-03 0.000000000000000000e+00
1.979620088127509708e-04 0.000000000000000000e+00 0.000000000000000000e+00 2.348312845925708180e-05 4.503363145579750410e-06
0.000000000000000000e+00 0.000000000000000000e+00 0.000000000000000000e+00 0.000000000000000000e+00 0.000000000000000000e+00
0.000000000000000000e+00 0.000000000000000000e+00 0.000000000000000000e+00 0.000000000000000000e+00 0.000000000000000000e+00
0.000000000000000000e+00 0.000000000000000000e+00 0.000000000000000000e+00 0.000000000000000000e+00 0.000000000000000000e+00
0.000000000000000000e+00 0.000000000000000000e+00 0.000000000000000000e+00 0.000000000000000000e+00 0.000000000000000000e+00
0.000000000000000000e+00 0.000000000000000000e+00 0.000000000000000000e+00 0.000000000000000000e+00 0.000000000000000000e+00
0.000000000000000000e+00 0.000000000000000000e+00 0.000000000000000000e+00 0.000000000000000000e+00 0.000000000000000000e+00
0.000000000000000000e+00 5.396183308603261577e-03 0.000000000000000000e+00 0.000000000000000000e+00 0.000000000000000000e+00
0.000000000000000000e+00 1.917990322530224723e-02 0.000000000000000000e+00 0.000000000000000000e+00 0.000000000000000000e+00
0.000000000000000000e+00 4.193548843625714145e-02 0.000000000000000000e+00 2.711589311976707328e-02 9.682233281566794345e-03
0.000000000000000000e+00 6.573885906065411733e-02 0.000000000000000000e+00 6.096938205809494804e-02 4.956971808991997991e-02
2.409723520352513235e-02 5.663920884393899846e-02 0.000000000000000000e+00 9.068321340973721501e-02 8.493706295439716614e-02
4.096966687051255968e-02 5.633390206693904972e-02 0.000000000000000000e+00 8.233610311640286727e-02 1.073198813140762847e-01
4.377891128675802379e-02 5.182445540185475624e-02 0.000000000000000000e+00 7.587164988279489208e-02 1.217410883740526195e-01
3.876220278066689479e-02 3.212212503012343290e-02 0.000000000000000000e+00 8.570875972120925446e-02 1.293174865745558288e-01
2.803088741956987623e-02 2.183364854031600091e-02 0.000000000000000000e+00 9.077892880440664725e-02 1.378399938437651351e-01
1.848465138389776899e-02 2.184035808582765470e-02 0.000000000000000000e+00 1.067089444640508950e-01 1.254137991478393721e-01
1.665900903844370982e-03 4.423724842201464530e-02 0.000000000000000000e+00 1.303134293427522239e-01 9.373508500057550763e-02
0.000000000000000000e+00 7.473944098502260935e-02 0.000000000000000000e+00 1.343127011726066578e-01 5.270293275745200484e-02
0.000000000000000000e+00 9.948178050298654707e-02 1.389883191833142170e-02 1.187926166184732485e-01 1.541022556275887731e-02
0.000000000000000000e+00 1.191695136334200711e-01 7.479962313226712345e-02 5.568941421751558152e-02 0.000000000000000000e+00
1.039433618735180996e-02 1.115064232327173110e-01 1.133561844080199360e-01 7.399539858026558774e-03 0.000000000000000000e+00
6.007376356075065649e-02 6.496739305567952871e-02 9.571652398620950075e-02 0.000000000000000000e+00 0.000000000000000000e+00
1.219316286977353836e-01 1.257567592895498729e-02 3.137364658112458404e-02 0.000000000000000000e+00 0.000000000000000000e+00
1.243537043838031236e-01 0.000000000000000000e+00 4.510002484962644630e-03 0.000000000000000000e+00 0.000000000000000000e+00
7.363760904984789635e-02 0.000000000000000000e+00 0.000000000000000000e+00 7.282772972932029937e-03 0.000000000000000000e+00
3.306862066470654671e-02 0.000000000000000000e+00 0.000000000000000000e+00 5.845173936469531643e-03 0.000000000000000000e+00
1.502102284610419385e-02 0.000000000000000000e+00 0.000000000000000000e+00 2.395656616166045617e-03 0.000000000000000000e+00
5.443955242350651154e-03 0.000000000000000000e+00 0.000000000000000000e+00 6.457860326295697005e-04 1.238424865034429842e-04
0.000000000000000000e+00 0.000000000000000000e+00 0.000000000000000000e+00 0.000000000000000000e+00 0.000000000000000000e+00
0.000000000000000000e+00 0.000000000000000000e+00 0.000000000000000000e+00 0.000000000000000000e+00 0.000000000000000000e+00
0.000000000000000000e+00 0.000000000000000000e+00 0.000000000000000000e+00 0.000000000000000000e+00 0.000000000000000000e+00
0.000000000000000000e+00 0.000000000000000000e+00 0.000000000000000000e+00 0.000000000000000000e+00 0.000000000000000000e+00
0.000000000000000000e+00 0.000000000000000000e+00 0.000000000000000000e+00 0.000000000000000000e+00 0.000000000000000000e+00
0.000000000000000000e+00 0.000000000000000000e+00 0.000000000000000000e+00 0.000000000000000000e+00 0.000000000000000000e+00
0.000000000000000000e+00 5.851283105714381351e-03 0.000000000000000000e+00 0.000000000000000000e+00 0.000000000000000000e+00
0.000000000000000000e+00 1.373948167851803646e-02 0.000000000000000000e+00 0.000000000000000000e+00 0.000000000000000000e+00
4.715632192639678877e-05 3.684638700728195410e-02 0.000000000000000000e+00 1.417158835061770039e-02 2.300110952306103074e-03
0.000000000000000000e+00 6.338953378647693704e-02 3.899766513622116015e-03 5.217703972971905052e-02 1.841542217415106800e-03
5.338828054543686731e-03 7.810119749740633555e-02 0.000000000000000000e+00 7.126654391204467753e-02 3.435597102680896381e-02
3.847610791570024030e-02 8.791355430385953962e-02 2.158728143639758023e-03 7.449180188194484686e-02 5.656565459667286383e-02
4.307416737282688396e-02 1.035219476024243634e-01 9.302723740976463068e-03 6.916336960304984849e-02 6.637794999244343852e-02
4.870375967152250352e-02 9.277019350669420128e-02 9.715134264070569500e-03 8.421797526356285257e-02 6.325869659155462787e-02
5.983871212046359273e-02 8.587795830948806441e-02 0.000000000000000000e+00 1.019518655186665013e-01 5.072783447990954903e-02
4.698913604236003988e-02 9.298922456495427313e-02 6.186665317520521424e-04 1.090405472930221636e-01 3.266226726604053859e-02
2.674868050493325530e-02 1.096150618661479725e-01 1.771080798396107089e-02 1.088752078186708966e-01 1.209304209606220509e-02
2.085808343419964447e-02 1.200679131334188299e-01 4.435648230406013387e-02 8.105718228498996758e-02 0.000000000000000000e+00
2.595497490439240343e-02 1.279990320510000501e-01 8.452384753645919568e-02 2.966326800727845867e-02 0.000000000000000000e+00
3.684370559567668596e-02 1.083173568614074767e-01 1.112646126119310741e-01 0.000000000000000000e+00 0.000000000000000000e+00
6.522118987614382302e-02 5.691356511227125409e-02 1.151806343306919223e-01 0.000000000000000000e+00 0.000000000000000000e+00
1.154108123638990652e-01 1.214984288162258320e-02 5.307252701190755262e-02 0.000000000000000000e+00 0.000000000000000000e+00
1.323271403219674902e-01 0.000000000000000000e+00 1.707662685757519588e-02 0.000000000000000000e+00 0.000000000000000000e+00
9.333685272802058619e-02 0.000000000000000000e+00 0.000000000000000000e+00 4.871394000561670747e-03 0.000000000000000000e+00
4.234430488761321137e-02 0.000000000000000000e+00 0.000000000000000000e+00 2.660947751328794630e-03 0.000000000000000000e+00
2.068817509244759781e-02 0.000000000000000000e+00 0.000000000000000000e+00 2.062023323154848868e-03 0.000000000000000000e+00
1.247160655520330140e-02 0.000000000000000000e+00 0.000000000000000000e+00 1.479437092933197926e-03 2.837118781715240192e-04
6.483255788617590769e-03 0.000000000000000000e+00 0.000000000000000000e+00 7.690724570406691843e-04 1.474851430177370184e-04
0.000000000000000000e+00 0.000000000000000000e+00 0.000000000000000000e+00 0.000000000000000000e+00 0.000000000000000000e+00
0.000000000000000000e+00 0.000000000000000000e+00 0.000000000000000000e+00 0.000000000000000000e+00 0.000000000000000000e+00
0.000000000000000000e+00 0.000000000000000000e+00 0.000000000000000000e+00 0.000000000000000000e+00 0.000000000000000000e+00
0.000000000000000000e+00 0.000000000000000000e+00 0.000000000000000000e+00 0.000000000000000000e+00 0.000000000000000000e+00
0.000000000000000000e+00 0.000000000000000000e+00 0.000000000000000000e+00 0.000000000000000000e+00 0.000000000000000000e+00
0.000000000000000000e+00 0.000000000000000000e+00 0.000000000000000000e+00 0.000000000000000000e+00 0.000000000000000000e+00
0.000000000000000000e+00 3.900855403809586519e-04 0.000000000000000000e+00 0.000000000000000000e+00 0.000000000000000000e+00
3.895092164706522898e-03 4.315936089575478363e-03 0.000000000000000000e+00 1.802393164907237395e-03 0.000000000000000000e+00
1.153855969603968107e-02 1.402295257706352022e-02 0.000000000000000000e+00 5.220709051758320313e-03 0.000000000000000000e+00
5.349794887361560697e-03 3.379238422399944569e-02 1.155501143949649173e-02 3.608494266591538713e-02 0.000000000000000000e+00
0.000000000000000000e+00 6.241661290736050249e-02 2.455422595123909688e-02 5.214149273407138463e-02 0.000000000000000000e+00
4.261835475040051842e-03 8.412381157078208105e-02 2.829075989080650361e-02 5.136493994772879657e-02 0.000000000000000000e+00
2.463471534105498087e-02 9.356903044134182168e-02 5.531847304267632770e-02 5.218689032686422286e-02 0.000000000000000000e+00
2.750851636184103305e-02 1.002610565334831894e-01 7.526781383227813815e-02 6.116900665374171153e-02 0.000000000000000000e+00
5.082614235819796211e-02 1.056911234702647556e-01 7.863969048966916453e-02 6.262237928247509078e-02 0.000000000000000000e+00
5.768844815817551069e-02 1.157656534287354599e-01 8.801356204516970483e-02 4.729403237937892385e-02 0.000000000000000000e+00
5.812533399716520582e-02 1.139240788716695540e-01 9.461758269117012676e-02 3.129801673744535273e-02 0.000000000000000000e+00
4.910515129023696607e-02 1.112006109681041716e-01 1.102440510486739217e-01 0.000000000000000000e+00 0.000000000000000000e+00
5.883642057817234372e-02 8.101099296724020848e-02 1.169935350322264533e-01 0.000000000000000000e+00 0.000000000000000000e+00
8.702137122537627334e-02 4.051442271477172924e-02 1.036550245325429664e-01 0.000000000000000000e+00 0.000000000000000000e+00
1.229350902195741613e-01 0.000000000000000000e+00 6.617544722717019767e-02 0.000000000000000000e+00 0.000000000000000000e+00
1.254223226396510016e-01 0.000000000000000000e+00 3.600740778645279694e-02 0.000000000000000000e+00 0.000000000000000000e+00
1.033443232253506983e-01 0.000000000000000000e+00 1.147158611632630295e-03 1.543746350574049528e-03 0.000000000000000000e+00
5.957340035003886453e-02 0.000000000000000000e+00 0.000000000000000000e+00 1.577605523063203797e-03 6.249216075493844611e-04
2.979050548167239479e-02 0.000000000000000000e+00 0.000000000000000000e+00 1.299964178299532497e-03 5.415579813703891602e-04
1.385338714071850282e-02 0.000000000000000000e+00 0.000000000000000000e+00 1.578497006579745532e-03 2.155993004823551101e-04
1.014555295165348384e-02 0.000000000000000000e+00 0.000000000000000000e+00 1.203510333536925592e-03 2.307973612109621888e-04
3.761278167442264758e-03 0.000000000000000000e+00 0.000000000000000000e+00 4.461794407258845509e-04 8.556389976601510617e-05
0.000000000000000000e+00 0.000000000000000000e+00 0.000000000000000000e+00 0.000000000000000000e+00 0.000000000000000000e+00
0.000000000000000000e+00 0.000000000000000000e+00 0.000000000000000000e+00 0.000000000000000000e+00 0.000000000000000000e+00
0.000000000000000000e+00 0.000000000000000000e+00 0.000000000000000000e+00 0.000000000000000000e+00 0.000000000000000000e+00
0.000000000000000000e+00 0.000000000000000000e+00 0.000000000000000000e+00 0.000000000000000000e+00 0.000000000000000000e+00
0.000000000000000000e+00 0.000000000000000000e+00 0.000000000000000000e+00 0.000000000000000000e+00 0.000000000000000000e+00
0.000000000000000000e+00 0.000000000000000000e+00 0.000000000000000000e+00 0.000000000000000000e+00 0.000000000000000000e+00
0.000000000000000000e+00 0.000000000000000000e+00 0.000000000000000000e+00 0.000000000000000000e+00 0.000000000000000000e+00
2.744504907208933017e-03 6.003040557245318317e-04 0.000000000000000000e+00 2.801766046209599754e-03 0.000000000000000000e+00
7.115070910162951331e-03 2.307677474115026918e-03 0.000000000000000000e+00 7.643306966979348041e-03 0.000000000000000000e+00
2.550810456334973424e-03 9.160731449439976637e-03 7.974702845486937586e-03 2.111746500644384392e-02 0.000000000000000000e+00
4.276948885755768245e-03 1.952205450116123106e-02 2.919107586765572887e-02 3.836337644691893700e-02 0.000000000000000000e+00
0.000000000000000000e+00 3.506777390673167238e-02 4.510618731845880691e-02 4.423151495853481358e-02 0.000000000000000000e+00
0.000000000000000000e+00 5.205124677463083410e-02 7.041657960895096602e-02 2.934906704549701539e-02 0.000000000000000000e+00
4.411435854912826304e-03 5.672643191510894078e-02 9.900323939098452930e-02 1.896975107386839401e-02 0.000000000000000000e+00
2.473373783604927365e-02 6.281031439070262901e-02 1.142528770326755594e-01 8.381943109123686855e-03 0.000000000000000000e+00
5.008087048562982063e-02 6.708556416957783819e-02 1.110501899450626884e-01 0.000000000000000000e+00 0.000000000000000000e+00
6.590984390270443471e-02 4.693498561775725358e-02 1.068299280785189875e-01 0.000000000000000000e+00 0.000000000000000000e+00
9.309000620599325315e-02 2.854348379573936473e-02 9.625680981403431091e-02 0.000000000000000000e+00 0.000000000000000000e+00
1.049827070366799869e-01 5.580864496590002242e-03 8.225419649012361001e-02 0.000000000000000000e+00 9.975794076862128709e-04
1.147172985773757814e-01 0.000000000000000000e+00 5.848814970409782488e-02 0.000000000000000000e+00 9.857389955276281077e-04
9.626406431724927881e-02 0.000000000000000000e+00 3.503448609102774447e-02 0.000000000000000000e+00 0.000000000000000000e+00
6.864581627666757613e-02 0.000000000000000000e+00 7.148399246009758297e-03 2.972260561894265931e-03 0.000000000000000000e+00
4.156116500713299966e-02 0.000000000000000000e+00 0.000000000000000000e+00 1.717671576624990419e-03 8.516567117520343778e-04
2.689299884466168911e-02 0.000000000000000000e+00 0.000000000000000000e+00 8.510524754867951564e-04 1.003422962925333128e-03
1.263807073873080521e-02 0.000000000000000000e+00 0.000000000000000000e+00 1.455155724342505974e-03 3.112226787434962992e-04
1.019504345385666838e-02 0.000000000000000000e+00 0.000000000000000000e+00 1.209381115651741046e-03 2.319232019973567840e-04
3.761278167442264758e-03 0.000000000000000000e+00 0.000000000000000000e+00 4.461794407258845509e-04 8.556389976601510617e-05
0.000000000000000000e+00 0.000000000000000000e+00 0.000000000000000000e+00 0.000000000000000000e+00 0.000000000000000000e+00
0.000000000000000000e+00 0.000000000000000000e+00 0.000000000000000000e+00 0.000000000000000000e+00 0.000000000000000000e+00
0.000000000000000000e+00 0.000000000000000000e+00 0.000000000000000000e+00 0.000000000000000000e+00 0.000000000000000000e+00
0.000000000000000000e+00 0.000000000000000000e+00 0.000000000000000000e+00 0.000000000000000000e+00 0.000000000000000000e+00
0.000000000000000000e+00 0.000000000000000000e+00 0.000000000000000000e+00 0.000000000000000000e+00 0.000000000000000000e+00
0.000000000000000000e+00 0.000000000000000000e+00 0.000000000000000000e+00 0.000000000000000000e+00 0.000000000000000000e+00
0.000000000000000000e+00 0.000000000000000000e+00 0.000000000000000000e+00 0.000000000000000000e+00 0.000000000000000000e+00
0.000000000000000000e+00 0.000000000000000000e+00 0.000000000000000000e+00 0.000000000000000000e+00 0.000000000000000000e+00
0.000000000000000000e+00 7.764265988517291472e-04 1.527503010730362713e-03 1.987559535252243857e-03 0.000000000000000000e+00
0.000000000000000000e+00 1.444381834628584351e-03 2.841604865549865466e-03 3.697445311903071238e-03 0.000000000000000000e+00
0.000000000000000000e+00 5.260531654251042379e-04 5.689158406288311737e-03 7.469228665470061500e-03 0.000000000000000000e+00
0.000000000000000000e+00 0.000000000000000000e+00 1.392283691090323051e-02 1.569746262380915941e-02 0.000000000000000000e+00
0.000000000000000000e+00 0.000000000000000000e+00 2.411363603100575084e-02 2.229780804443526679e-02 0.000000000000000000e+00
0.000000000000000000e+00 1.723934821717086618e-03 4.048844780634563989e-02 2.177699568455405618e-02 0.000000000000000000e+00
0.000000000000000000e+00 3.273652036901850658e-03 6.316437286518267191e-02 9.323612704715005320e-03 0.000000000000000000e+00
1.863513950056615645e-03 9.974255623671855059e-04 8.313196932555914909e-02 0.000000000000000000e+00 0.000000000000000000e+00
1.570485806875230456e-02 0.000000000000000000e+00 8.905857859302861168e-02 0.000000000000000000e+00 0.000000000000000000e+00
3.544359330029606125e-02 0.000000000000000000e+00 8.067586928978190408e-02 0.000000000000000000e+00 1.085800186823002644e-03
5.409334764877293811e-02 0.000000000000000000e+00 5.340615068416749989e-02 0.000000000000000000e+00 8.420537293276617909e-04
6.353817862475658051e-02 0.000000000000000000e+00 2.469630690577950469e-02 0.000000000000000000e+00 0.000000000000000000e+00
5.198600866946117421e-02 0.000000000000000000e+00 4.450237623627255855e-03 3.884200489838800577e-03 0.000000000000000000e+00
2.876762893753009864e-02 0.000000000000000000e+00 7.405928804700704499e-03 7.328566625043338167e-03 0.000000000000000000e+00
9.573613226342562663e-03 0.000000000000000000e+00 1.141071449501923803e-02 5.247327177909086315e-03 9.332805771498696261e-05
6.340842493987754527e-03 0.000000000000000000e+00 2.135252107416505622e-03 5.830933985689321130e-04 1.059613840634380513e-03
4.352255072558224372e-03 0.000000000000000000e+00 0.000000000000000000e+00 9.017287558332636767e-04 1.029846775189017637e-03
4.245693057034343349e-05 0.000000000000000000e+00 0.000000000000000000e+00 6.767280170518444500e-04 1.450472459644503137e-04
1.724812804420202642e-05 0.000000000000000000e+00 0.000000000000000000e+00 2.749207569273117943e-04 5.892544367305795094e-05
0.000000000000000000e+00 0.000000000000000000e+00 0.000000000000000000e+00 0.000000000000000000e+00 0.000000000000000000e+00
0.000000000000000000e+00 0.000000000000000000e+00 0.000000000000000000e+00 0.000000000000000000e+00 0.000000000000000000e+00
0.000000000000000000e+00 0.000000000000000000e+00 0.000000000000000000e+00 0.000000000000000000e+00 0.000000000000000000e+00
0.000000000000000000e+00 0.000000000000000000e+00 0.000000000000000000e+00 0.000000000000000000e+00 0.000000000000000000e+00
0.000000000000000000e+00 0.000000000000000000e+00 0.000000000000000000e+00 0.000000000000000000e+00 0.000000000000000000e+00
0.000000000000000000e+00 0.000000000000000000e+00 0.000000000000000000e+00 0.000000000000000000e+00 0.000000000000000000e+00
0.000000000000000000e+00 0.000000000000000000e+00 0.000000000000000000e+00 0.000000000000000000e+00 0.000000000000000000e+00
0.000000000000000000e+00 0.000000000000000000e+00 0.000000000000000000e+00 0.000000000000000000e+00 0.000000000000000000e+00
0.000000000000000000e+00 0.000000000000000000e+00 0.000000000000000000e+00 0.000000000000000000e+00 0.000000000000000000e+00
0.000000000000000000e+00 0.000000000000000000e+00 0.000000000000000000e+00 0.000000000000000000e+00 0.000000000000000000e+00
0.000000000000000000e+00 0.000000000000000000e+00 0.000000000000000000e+00 0.000000000000000000e+00 0.000000000000000000e+00
0.000000000000000000e+00 0.000000000000000000e+00 0.000000000000000000e+00 0.000000000000000000e+00 0.000000000000000000e+00
0.000000000000000000e+00 0.000000000000000000e+00 0.000000000000000000e+00 0.000000000000000000e+00 0.000000000000000000e+00
0.000000000000000000e+00 0.000000000000000000e+00 0.000000000000000000e+00 0.000000000000000000e+00 0.000000000000000000e+00
2.678524549091930180e-03 0.000000000000000000e+00 3.164996558662713094e-03 3.566873076261663569e-03 0.000000000000000000e+00
6.920808222710106081e-03 0.000000000000000000e+00 2.591069836545866530e-03 3.014110353889930781e-03 0.000000000000000000e+00
8.703993390397743793e-03 0.000000000000000000e+00 2.542610688043728164e-03 2.995780847284595320e-03 0.000000000000000000e+00
9.570585592909767667e-03 0.000000000000000000e+00 1.337073174472780878e-03 1.674698409299097291e-03 0.000000000000000000e+00
9.707867525980976020e-03 0.000000000000000000e+00 1.146096934699166901e-03 1.465418023083573263e-03 0.000000000000000000e+00
7.252122381068796045e-03 0.000000000000000000e+00 8.561751804669648662e-04 1.094719392738321539e-03 0.000000000000000000e+00
4.005154534570583465e-03 0.000000000000000000e+00 6.582222297710820175e-04 6.382001632865767597e-04 0.000000000000000000e+00
0.000000000000000000e+00 0.000000000000000000e+00 8.057926924595200727e-03 1.648751690696006415e-03 0.000000000000000000e+00
0.000000000000000000e+00 0.000000000000000000e+00 1.429300759165585272e-02 3.400246153737333625e-03 0.000000000000000000e+00
0.000000000000000000e+00 0.000000000000000000e+00 7.992599903904858485e-03 1.671204974153189023e-03 0.000000000000000000e+00
0.000000000000000000e+00 0.000000000000000000e+00 0.000000000000000000e+00 0.000000000000000000e+00 0.000000000000000000e+00
0.000000000000000000e+00 0.000000000000000000e+00 0.000000000000000000e+00 0.000000000000000000e+00 0.000000000000000000e+00
0.000000000000000000e+00 0.000000000000000000e+00 0.000000000000000000e+00 0.000000000000000000e+00 0.000000000000000000e+00
0.000000000000000000e+00 0.000000000000000000e+00 0.000000000000000000e+00 0.000000000000000000e+00 0.000000000000000000e+00
0.000000000000000000e+00 0.000000000000000000e+00 0.000000000000000000e+00 0.000000000000000000e+00 0.000000000000000000e+00
0.000000000000000000e+00 0.000000000000000000e+00 0.000000000000000000e+00 0.000000000000000000e+00 0.000000000000000000e+00
0.000000000000000000e+00 0.000000000000000000e+00 0.000000000000000000e+00 0.000000000000000000e+00 0.000000000000000000e+00
0.000000000000000000e+00 0.000000000000000000e+00 0.000000000000000000e+00 0.000000000000000000e+00 0.000000000000000000e+00
0.000000000000000000e+00 0.000000000000000000e+00 0.000000000000000000e+00 0.000000000000000000e+00 0.000000000000000000e+00
0.000000000000000000e+00 0.000000000000000000e+00 0.000000000000000000e+00 0.000000000000000000e+00 0.000000000000000000e+00
0.000000000000000000e+00 0.000000000000000000e+00 0.000000000000000000e+00 0.000000000000000000e+00 0.000000000000000000e+00
0.000000000000000000e+00 0.000000000000000000e+00 0.000000000000000000e+00 0.000000000000000000e+00 0.000000000000000000e+00
0.000000000000000000e+00 0.000000000000000000e+00 0.000000000000000000e+00 0.000000000000000000e+00 0.000000000000000000e+00
0.000000000000000000e+00 0.000000000000000000e+00 0.000000000000000000e+00 0.000000000000000000e+00 0.000000000000000000e+00
0.000000000000000000e+00 0.000000000000000000e+00 0.000000000000000000e+00 0.000000000000000000e+00 0.000000000000000000e+00
0.000000000000000000e+00 0.000000000000000000e+00 0.000000000000000000e+00 0.000000000000000000e+00 0.000000000000000000e+00
0.000000000000000000e+00 0.000000000000000000e+00 0.000000000000000000e+00 0.000000000000000000e+00 0.000000000000000000e+00
0.000000000000000000e+00 0.000000000000000000e+00 0.000000000000000000e+00 0.000000000000000000e+00 0.000000000000000000e+00
0.000000000000000000e+00 0.000000000000000000e+00 0.000000000000000000e+00 0.000000000000000000e+00 0.000000000000000000e+00
0.000000000000000000e+00 0.000000000000000000e+00 0.000000000000000000e+00 0.000000000000000000e+00 0.000000000000000000e+00
0.000000000000000000e+00 0.000000000000000000e+00 0.000000000000000000e+00 0.000000000000000000e+00 0.000000000000000000e+00
0.000000000000000000e+00 0.000000000000000000e+00 0.000000000000000000e+00 0.000000000000000000e+00 0.000000000000000000e+00
0.000000000000000000e+00 0.000000000000000000e+00 0.000000000000000000e+00 0.000000000000000000e+00 0.000000000000000000e+00
0.000000000000000000e+00 0.000000000000000000e+00 0.000000000000000000e+00 0.000000000000000000e+00 0.000000000000000000e+00
0.000000000000000000e+00 0.000000000000000000e+00 6.146501508373930153e-03 1.010765003505425391e-03 0.000000000000000000e+00
0.000000000000000000e+00 0.000000000000000000e+00 7.698340998111904455e-03 1.265958147954815687e-03 0.000000000000000000e+00
0.000000000000000000e+00 0.000000000000000000e+00 7.302774069355159360e-03 1.200908915055951248e-03 0.000000000000000000e+00
0.000000000000000000e+00 0.000000000000000000e+00 1.064987885114294886e-03 1.751325501123262597e-04 0.000000000000000000e+00
0.000000000000000000e+00 0.000000000000000000e+00 0.000000000000000000e+00 0.000000000000000000e+00 0.000000000000000000e+00
0.000000000000000000e+00 0.000000000000000000e+00 0.000000000000000000e+00 0.000000000000000000e+00 0.000000000000000000e+00
0.000000000000000000e+00 0.000000000000000000e+00 0.000000000000000000e+00 0.000000000000000000e+00 0.000000000000000000e+00
0.000000000000000000e+00 0.000000000000000000e+00 0.000000000000000000e+00 0.000000000000000000e+00 0.000000000000000000e+00
0.000000000000000000e+00 0.000000000000000000e+00 0.000000000000000000e+00 0.000000000000000000e+00 0.000000000000000000e+00
0.000000000000000000e+00 0.000000000000000000e+00 0.000000000000000000e+00 0.000000000000000000e+00 0.000000000000000000e+00
0.000000000000000000e+00 0.000000000000000000e+00 0.000000000000000000e+00 0.000000000000000000e+00 0.000000000000000000e+00
0.000000000000000000e+00 0.000000000000000000e+00 0.000000000000000000e+00 0.000000000000000000e+00 0.000000000000000000e+00
0.000000000000000000e+00 0.000000000000000000e+00 0.000000000000000000e+00 0.000000000000000000e+00 0.000000000000000000e+00
0.000000000000000000e+00 0.000000000000000000e+00 0.000000000000000000e+00 0.000000000000000000e+00 0.000000000000000000e+00
0.000000000000000000e+00 0.000000000000000000e+00 0.000000000000000000e+00 0.000000000000000000e+00 0.000000000000000000e+00
0.000000000000000000e+00 0.000000000000000000e+00 0.000000000000000000e+00 0.000000000000000000e+00 0.000000000000000000e+00
0.000000000000000000e+00 0.000000000000000000e+00 0.000000000000000000e+00 0.000000000000000000e+00 0.000000000000000000e+00
0.000000000000000000e+00 0.000000000000000000e+00 0.000000000000000000e+00 0.000000000000000000e+00 0.000000000000000000e+00
0.000000000000000000e+00 0.000000000000000000e+00 0.000000000000000000e+00 0.000000000000000000e+00 0.000000000000000000e+00
0.000000000000000000e+00 0.000000000000000000e+00 0.000000000000000000e+00 0.000000000000000000e+00 0.000000000000000000e+00
0.000000000000000000e+00 0.000000000000000000e+00 0.000000000000000000e+00 0.000000000000000000e+00 0.000000000000000000e+00
0.000000000000000000e+00 0.000000000000000000e+00 0.000000000000000000e+00 0.000000000000000000e+00 0.000000000000000000e+00
0.000000000000000000e+00 0.000000000000000000e+00 0.000000000000000000e+00 0.000000000000000000e+00 0.000000000000000000e+00
0.000000000000000000e+00 0.000000000000000000e+00 0.000000000000000000e+00 0.000000000000000000e+00 0.000000000000000000e+00
0.000000000000000000e+00 0.000000000000000000e+00 0.000000000000000000e+00 0.000000000000000000e+00 0.000000000000000000e+00
0.000000000000000000e+00 0.000000000000000000e+00 0.000000000000000000e+00 0.000000000000000000e+00 0.000000000000000000e+00
0.000000000000000000e+00 0.000000000000000000e+00 0.000000000000000000e+00 0.000000000000000000e+00 0.000000000000000000e+00
0.000000000000000000e+00 0.000000000000000000e+00 0.000000000000000000e+00 0.000000000000000000e+00 0.000000000000000000e+00
0.000000000000000000e+00 0.000000000000000000e+00 0.000000000000000000e+00 0.000000000000000000e+00 0.000000000000000000e+00
0.000000000000000000e+00 0.000000000000000000e+00 0.000000000000000000e+00 0.000000000000000000e+00 0.000000000000000000e+00
0.000000000000000000e+00 0.000000000000000000e+00 0.000000000000000000e+00 0.000000000000000000e+00 0.000000000000000000e+00
0.000000000000000000e+00 0.000000000000000000e+00 0.000000000000000000e+00 0.000000000000000000e+00 0.000000000000000000e+00
0.000000000000000000e+00 0.000000000000000000e+00 0.000000000000000000e+00 0.000000000000000000e+00 0.000000000000000000e+00
0.000000000000000000e+00 0.000000000000000000e+00 0.000000000000000000e+00 0.000000000000000000e+00 0.000000000000000000e+00
0.000000000000000000e+00 0.000000000000000000e+00 0.000000000000000000e+00 0.000000000000000000e+00 0.000000000000000000e+00
0.000000000000000000e+00 0.000000000000000000e+00 0.000000000000000000e+00 0.000000000000000000e+00 0.000000000000000000e+00
0.000000000000000000e+00 0.000000000000000000e+00 0.000000000000000000e+00 0.000000000000000000e+00 0.000000000000000000e+00
0.000000000000000000e+00 0.000000000000000000e+00 0.000000000000000000e+00 0.000000000000000000e+00 0.000000000000000000e+00
0.000000000000000000e+00 0.000000000000000000e+00 0.000000000000000000e+00 0.000000000000000000e+00 0.000000000000000000e+00
0.000000000000000000e+00 0.000000000000000000e+00 0.000000000000000000e+00 0.000000000000000000e+00 0.000000000000000000e+00
0.000000000000000000e+00 0.000000000000000000e+00 0.000000000000000000e+00 0.000000000000000000e+00 0.000000000000000000e+00
