0.000000000000000000e+00 0.000000000000000000e+00 0.000000000000000000e+00 0.000000000000000000e+00 0.000000000000000000e+00
0.000000000000000000e+00 0.000000000000000000e+00 0.000000000000000000e+00 0.000000000000000000e+00 0.000000000000000000e+00
0.000000000000000000e+00 0.000000000000000000e+00 0.000000000000000000e+00 0.000000000000000000e+00 0.000000000000000000e+00
0.000000000000000000e+00 0.000000000000000000e+00 0.000000000000000000e+00 0.000000000000000000e+00 0.000000000000000000e+00
0.000000000000000000e+00 0.000000000000000000e+00 0.000000000000000000e+00 0.000000000000000000e+00 0.000000000000000000e+00
0.000000000000000000e+00 0.000000000000000000e+00 0.000000000000000000e+00 0.000000000000000000e+00 0.000000000000000000e+00
0.000000000000000000e+00 0.000000000000000000e+00 0.000000000000000000e+00 0.000000000000000000e+00 0.000000000000000000e+00
0.000000000000000000e+00 0.000000000000000000e+00 0.000000000000000000e+00 0.000000000000000000e+00 0.000000000000000000e+00
0.000000000000000000e+00 0.000000000000000000e+00 0.000000000000000000e+00 0.000000000000000000e+00 0.000000000000000000e+00
0.000000000000000000e+00 0.000000000000000000e+00 0.000000000000000000e+00 0.000000000000000000e+00 0.000000000000000000e+00
0.000000000000000000e+00 0.000000000000000000e+00 0.000000000000000000e+00 0.000000000000000000e+00 0.000000000000000000e+00
0.000000000000000000e+00 0.000000000000000000e+00 0.000000000000000000e+00 0.000000000000000000e+00 0.000000000000000000e+00
0.000000000000000000e+00 0.000000000000000000e+00 0.000000000000000000e+00 0.000000000000000000e+00 0.000000000000000000e+00
0.000000000000000000e+00 0.000000000000000000e+00 0.000000000000000000e+00 0.000000000000000000e+00 0.000000000000000000e+00
0.000000000000000000e+00 0.000000000000000000e+00 0.000000000000000000e+00 0.000000000000000000e+00 0.000000000000000000e+00
0.000000000000000000e+00 0.000000000000000000e+00 0.000000000000000000e+00 0.000000000000000000e+00 0.000000000000000000e+00
0.000000000000000000e+00 0.000000000000000000e+00 0.000000000000000000e+00 0.000000000000000000e+00 0.000000000000000000e+00
0.000000000000000000e+00 0.000000000000000000e+00 0.000000000000000000e+00 0.000000000000000000e+00 0.000000000000000000e+00
0.000000000000000000e+00 0.000000000000000000e+00 0.000000000000000000e+00 0.000000000000000000e+00 0.000000000000000000e+00
0.000000000000000000e+00 0.000000000000000000e+00 0.000000000000000000e+00 0.000000000000000000e+00 0.000000000000000000e+00
0.000000000000000000e+00 0.000000000000000000e+00 0.000000000000000000e+00 0.000000000000000000e+00 0.000000000000000000e+00
0.000000000000000000e+00 0.000000000000000000e+00 0.000000000000000000e+00 0.000000000000000000e+00 0.000000000000000000e+00
0.000000000000000000e+00 0.000000000000000000e+00 0.000000000000000000e+00 0.000000000000000000e+00 0.000000000000000000e+00
0.000000000000000000e+00 0.000000000000000000e+00 0.000000000000000000e+00 0.000000000000000000e+00 0.000000000000000000e+00
0.000000000000000000e+00 0.000000000000000000e+00 0.000000000000000000e+00 0.000000000000000000e+00 0.000000000000000000e+00
0.000000000000000000e+00 0.000000000000000000e+00 0.000000000000000000e+00 0.000000000000000000e+00 0.000000000000000000e+00
0.000000000000000000e+00 0.000000000000000000e+00 0.000000000000000000e+00 0.000000000000000000e+00 0.000000000000000000e+00
0.000000000000000000e+00 0.000000000000000000e+00 0.000000000000000000e+00 0.000000000000000000e+00 0.000000000000000000e+00
0.000000000000000000e+00 0.000000000000000000e+00 0.000000000000000000e+00 0.000000000000000000e+00 0.000000000000000000e+00
0.000000000000000000e+00 0.000000000000000000e+00 0.000000000000000000e+00 0.000000000000000000e+00 0.000000000000000000e+00
0.000000000000000000e+00 0.000000000000000000e+00 0.000000000000000000e+00 0.000000000000000000e+00 0.000000000000000000e+00
0.000000000000000000e+00 0.000000000000000000e+00 0.000000000000000000e+00 0.000000000000000000e+00 0.000000000000000000e+00
0.000000000000000000e+00 0.000000000000000000e+00 0.000000000000000000e+00 0.000000000000000000e+00 0.000000000000000000e+00
0.000000000000000000e+00 0.000000000000000000e+00 0.000000000000000000e+00 0.000000000000000000e+00 0.000000000000000000e+00
0.000000000000000000e+00 0.000000000000000000e+00 0.000000000000000000e+00 0.000000000000000000e+00 0.000000000000000000e+00
0.000000000000000000e+00 0.000000000000000000e+00 0.000000000000000000e+00 0.000000000000000000e+00 0.000000000000000000e+00
0.000000000000000000e+00 0.000000000000000000e+00 0.000000000000000000e+00 0.000000000000000000e+00 0.000000000000000000e+00
0.000000000000000000e+00 0.000000000000000000e+00 0.000000000000000000e+00 0.000000000000000000e+00 0.000000000000000000e+00
6.801266381920709940e-04 2.415573600095266029e-04 5.013699547725674753e-05 0.000000000000000000e+00 0.000000000000000000e+00
4.216785156790843134e-03 1.497655632059064672e-03 3.108493719589916883e-04 0.000000000000000000e+00 0.000000000000000000e+00
0.000000000000000000e+00 0.000000000000000000e+00 0.000000000000000000e+00 0.000000000000000000e+00 0.000000000000000000e+00
4.688513490531516503e-03 0.000000000000000000e+00 0.000000000000000000e+00 0.000000000000000000e+00 3.006171547091184611e-03
1.079315211146005503e-02 0.000000000000000000e+00 1.909604353793042898e-03 0.000000000000000000e+00 5.326954994033761617e-03
5.483641567698910486e-03 0.000000000000000000e+00 6.857828203260813403e-03 0.000000000000000000e+00 2.149629687953349359e-03
7.598499540932063777e-03 0.000000000000000000e+00 5.642188720195433042e-03 0.000000000000000000e+00 9.399647163750173701e-03
1.437814236505566973e-02 1.128348588405734664e-03 2.853727115821016319e-03 0.000000000000000000e+00 0.000000000000000000e+00
7.105390173888893358e-03 9.779486795447678640e-04 1.056394666222000523e-03 0.000000000000000000e+00 0.000000000000000000e+00
2.124919241426008595e-04 3.423046926052466382e-03 0.000000000000000000e+00 0.000000000000000000e+00 4.057296567408092899e-03
2.450965050957001142e-04 3.948276348568451576e-03 0.000000000000000000e+00 0.000000000000000000e+00 4.679844717962774146e-03
1.461584663414722562e-05 2.354476721623392267e-04 0.000000000000000000e+00 0.000000000000000000e+00 2.790733088693397347e-04
0.000000000000000000e+00 0.000000000000000000e+00 0.000000000000000000e+00 0.000000000000000000e+00 0.000000000000000000e+00
0.000000000000000000e+00 0.000000000000000000e+00 0.000000000000000000e+00 0.000000000000000000e+00 0.000000000000000000e+00
0.000000000000000000e+00 0.000000000000000000e+00 0.000000000000000000e+00 0.000000000000000000e+00 0.000000000000000000e+00
0.000000000000000000e+00 0.000000000000000000e+00 0.000000000000000000e+00 0.000000000000000000e+00 0.000000000000000000e+00
0.000000000000000000e+00 0.000000000000000000e+00 0.000000000000000000e+00 0.000000000000000000e+00 0.000000000000000000e+00
0.000000000000000000e+00 0.000000000000000000e+00 0.000000000000000000e+00 0.000000000000000000e+00 0.000000000000000000e+00
0.000000000000000000e+00 0.000000000000000000e+00 0.000000000000000000e+00 0.000000000000000000e+00 0.000000000000000000e+00
0.000000000000000000e+00 0.000000000000000000e+00 0.000000000000000000e+00 0.000000000000000000e+00 0.000000000000000000e+00
0.000000000000000000e+00 0.000000000000000000e+00 0.000000000000000000e+00 0.000000000000000000e+00 0.000000000000000000e+00
0.000000000000000000e+00 0.000000000000000000e+00 0.000000000000000000e+00 0.000000000000000000e+00 0.000000000000000000e+00
0.000000000000000000e+00 0.000000000000000000e+00 0.000000000000000000e+00 0.000000000000000000e+00 0.000000000000000000e+00
0.000000000000000000e+00 0.000000000000000000e+00 0.000000000000000000e+00 0.000000000000000000e+00 0.000000000000000000e+00
0.000000000000000000e+00 0.000000000000000000e+00 0.000000000000000000e+00 0.000000000000000000e+00 0.000000000000000000e+00
0.000000000000000000e+00 0.000000000000000000e+00 0.000000000000000000e+00 0.000000000000000000e+00 0.000000000000000000e+00
0.000000000000000000e+00 0.000000000000000000e+00 0.000000000000000000e+00 0.000000000000000000e+00 0.000000000000000000e+00
0.000000000000000000e+00 0.000000000000000000e+00 0.000000000000000000e+00 0.000000000000000000e+00 0.000000000000000000e+00
9.031829585176284064e-03 1.837921631735876023e-03 5.382447101205389828e-04 0.000000000000000000e+00 0.000000000000000000e+00
3.113365310249872203e-02 4.885571455354319366e-03 9.266316998978839240e-04 0.000000000000000000e+00 0.000000000000000000e+00
1.962032967679229467e-02 2.727288069891076021e-03 1.333074152633505509e-04 0.000000000000000000e+00 0.000000000000000000e+00
1.724308063552908513e-02 4.605218346036975448e-04 9.693123490838558487e-04 0.000000000000000000e+00 0.000000000000000000e+00
2.487713671293472970e-02 2.423186679368553517e-03 1.373409762683715576e-02 0.000000000000000000e+00 0.000000000000000000e+00
8.717998494048417868e-03 0.000000000000000000e+00 3.496231713508597683e-02 0.000000000000000000e+00 0.000000000000000000e+00
0.000000000000000000e+00 0.000000000000000000e+00 7.105845572099685203e-02 0.000000000000000000e+00 0.000000000000000000e+00
0.000000000000000000e+00 7.880038808843220499e-03 7.271663247159074195e-02 4.108066674851866724e-03 0.000000000000000000e+00
0.000000000000000000e+00 1.326013816874827347e-02 5.003568680593200452e-02 8.690140821739745320e-04 1.973051350723790259e-02
0.000000000000000000e+00 7.466119287162460705e-03 1.886038102839004277e-02 7.151681666207508441e-03 6.236024819516067935e-02
0.000000000000000000e+00 0.000000000000000000e+00 0.000000000000000000e+00 5.486707538230510030e-03 5.759001941395010954e-02
0.000000000000000000e+00 4.952122846165701517e-03 0.000000000000000000e+00 2.028092299689649618e-04 3.105125742356127511e-02
3.658651894525696748e-04 5.887408390025342271e-05 0.000000000000000000e+00 3.878540259432318709e-03 2.081487318455197549e-02
1.285493885992120726e-04 0.000000000000000000e+00 0.000000000000000000e+00 1.090518753270436434e-03 2.604902719751101253e-03
0.000000000000000000e+00 0.000000000000000000e+00 0.000000000000000000e+00 0.000000000000000000e+00 0.000000000000000000e+00
0.000000000000000000e+00 0.000000000000000000e+00 0.000000000000000000e+00 0.000000000000000000e+00 0.000000000000000000e+00
0.000000000000000000e+00 0.000000000000000000e+00 0.000000000000000000e+00 0.000000000000000000e+00 0.000000000000000000e+00
0.000000000000000000e+00 0.000000000000000000e+00 0.000000000000000000e+00 0.000000000000000000e+00 0.000000000000000000e+00
0.000000000000000000e+00 0.000000000000000000e+00 0.000000000000000000e+00 0.000000000000000000e+00 0.000000000000000000e+00
0.000000000000000000e+00 0.000000000000000000e+00 0.000000000000000000e+00 0.000000000000000000e+00 0.000000000000000000e+00
0.000000000000000000e+00 0.000000000000000000e+00 0.000000000000000000e+00 0.000000000000000000e+00 0.000000000000000000e+00
0.000000000000000000e+00 0.000000000000000000e+00 0.000000000000000000e+00 0.000000000000000000e+00 0.000000000000000000e+00
0.000000000000000000e+00 0.000000000000000000e+00 0.000000000000000000e+00 0.000000000000000000e+00 0.000000000000000000e+00
0.000000000000000000e+00 0.000000000000000000e+00 0.000000000000000000e+00 0.000000000000000000e+00 0.000000000000000000e+00
0.000000000000000000e+00 0.000000000000000000e+00 0.000000000000000000e+00 0.000000000000000000e+00 0.000000000000000000e+00
0.000000000000000000e+00 0.000000000000000000e+00 1.444090523138460101e-04 0.000000000000000000e+00 6.930520086166546898e-04
0.000000000000000000e+00 0.000000000000000000e+00 5.663100090739059271e-06 0.000000000000000000e+00 2.717851014182959355e-05
4.665084946473706706e-04 9.470484991010925707e-05 0.000000000000000000e+00 0.000000000000000000e+00 0.000000000000000000e+00
2.880134455061463331e-02 6.059804835416820155e-03 0.000000000000000000e+00 0.000000000000000000e+00 0.000000000000000000e+00
5.347322221390639341e-02 3.800211731103837580e-03 0.000000000000000000e+00 0.000000000000000000e+00 0.000000000000000000e+00
7.094782162754828536e-02 1.903356831162612622e-03 0.000000000000000000e+00 0.000000000000000000e+00 4.118263682598133878e-03
5.982238565747441394e-02 8.128408443805051897e-03 9.970975039270362980e-03 0.000000000000000000e+00 0.000000000000000000e+00
4.697406592743335468e-02 1.380745925996762144e-02 3.360674747868455658e-02 8.504815078910659895e-03 0.000000000000000000e+00
1.842238625954604678e-02 4.509274205290823151e-03 7.735933120272213415e-02 3.300640168200295183e-02 0.000000000000000000e+00
0.000000000000000000e+00 0.000000000000000000e+00 1.035009448320341197e-01 5.544412585970160540e-02 0.000000000000000000e+00
0.000000000000000000e+00 1.983885081370008810e-02 7.710357568111872451e-02 7.153037151887027545e-02 0.000000000000000000e+00
0.000000000000000000e+00 3.593450041177703724e-02 3.358491845129814302e-02 4.009851042479044975e-02 7.491070475734427914e-02
0.000000000000000000e+00 3.722468157872161482e-02 4.169577109778742352e-03 1.372962300491034626e-02 1.339149192430648672e-01
0.000000000000000000e+00 1.883494495510277048e-02 0.000000000000000000e+00 3.333316315721738914e-03 1.148774939022648295e-01
0.000000000000000000e+00 1.588881840055947001e-02 0.000000000000000000e+00 0.000000000000000000e+00 6.047139660020565272e-02
0.000000000000000000e+00 4.519670490893515878e-03 0.000000000000000000e+00 9.570357592058824749e-04 2.179448998183232053e-02
1.033984212645839006e-04 0.000000000000000000e+00 0.000000000000000000e+00 8.771563885001332434e-04 2.095247839799799314e-03
0.000000000000000000e+00 0.000000000000000000e+00 0.000000000000000000e+00 0.000000000000000000e+00 0.000000000000000000e+00
0.000000000000000000e+00 0.000000000000000000e+00 0.000000000000000000e+00 0.000000000000000000e+00 0.000000000000000000e+00
0.000000000000000000e+00 0.000000000000000000e+00 0.000000000000000000e+00 0.000000000000000000e+00 0.000000000000000000e+00
0.000000000000000000e+00 0.000000000000000000e+00 0.000000000000000000e+00 0.000000000000000000e+00 0.000000000000000000e+00
0.000000000000000000e+00 0.000000000000000000e+00 0.000000000000000000e+00 0.000000000000000000e+00 0.000000000000000000e+00
0.000000000000000000e+00 0.000000000000000000e+00 0.000000000000000000e+00 0.000000000000000000e+00 0.000000000000000000e+00
0.000000000000000000e+00 0.000000000000000000e+00 0.000000000000000000e+00 0.000000000000000000e+00 0.000000000000000000e+00
0.000000000000000000e+00 0.000000000000000000e+00 0.000000000000000000e+00 0.000000000000000000e+00 0.000000000000000000e+00
0.000000000000000000e+00 0.000000000000000000e+00 0.000000000000000000e+00 0.000000000000000000e+00 0.000000000000000000e+00
0.000000000000000000e+00 0.000000000000000000e+00 0.000000000000000000e+00 0.000000000000000000e+00 0.000000000000000000e+00
0.000000000000000000e+00 0.000000000000000000e+00 1.755561028129106350e-04 0.000000000000000000e+00 8.425338143967172917e-04
0.000000000000000000e+00 0.000000000000000000e+00 5.068474581211446922e-04 0.000000000000000000e+00 2.432476657693749111e-03
0.000000000000000000e+00 0.000000000000000000e+00 2.831550045369529636e-06 0.000000000000000000e+00 1.358925507091479678e-05
7.868152426692637605e-03 8.853590957205467824e-04 0.000000000000000000e+00 0.000000000000000000e+00 7.856639941296493447e-05
5.768459962998877949e-02 4.495115016071214720e-03 0.000000000000000000e+00 0.000000000000000000e+00 1.675643120652776713e-03
7.900680297705715838e-02 4.074519074927128275e-03 0.000000000000000000e+00 0.000000000000000000e+00 2.038984464740418653e-03
1.023020520829533708e-01 4.194592563363784901e-03 2.569429584898363927e-03 0.000000000000000000e+00 0.000000000000000000e+00
9.999979721838579694e-02 8.225608549935332220e-03 2.762824040262911937e-02 0.000000000000000000e+00 0.000000000000000000e+00
5.670328627357271167e-02 0.000000000000000000e+00 6.619311319408735517e-02 5.532700243562874848e-02 0.000000000000000000e+00
7.936879130920865277e-03 9.751076180048541195e-04 1.010638077168077437e-01 1.048641855961081892e-01 0.000000000000000000e+00
0.000000000000000000e+00 1.601834881271003638e-02 9.833914354916814538e-02 1.225782212331054388e-01 0.000000000000000000e+00
0.000000000000000000e+00 4.904228678549914927e-02 4.678878759722021607e-02 9.390634591348089033e-02 6.867392516543401049e-02
0.000000000000000000e+00 4.694418064411273739e-02 0.000000000000000000e+00 5.357664474008946159e-02 1.579719211985712024e-01
0.000000000000000000e+00 4.609018987744640389e-02 0.000000000000000000e+00 1.172016045442444976e-02 1.631611791652945176e-01
0.000000000000000000e+00 3.032175591271110346e-02 0.000000000000000000e+00 4.096587012694865616e-03 9.940068479845140526e-02
0.000000000000000000e+00 1.647945845438684304e-02 0.000000000000000000e+00 0.000000000000000000e+00 3.224675583501597498e-02
0.000000000000000000e+00 1.500534120540939625e-03 0.000000000000000000e+00 2.739607882605263095e-04 4.402274640267500767e-03
0.000000000000000000e+00 0.000000000000000000e+00 0.000000000000000000e+00 0.000000000000000000e+00 0.000000000000000000e+00
0.000000000000000000e+00 0.000000000000000000e+00 0.000000000000000000e+00 0.000000000000000000e+00 0.000000000000000000e+00
0.000000000000000000e+00 0.000000000000000000e+00 0.000000000000000000e+00 0.000000000000000000e+00 0.000000000000000000e+00
0.000000000000000000e+00 0.000000000000000000e+00 0.000000000000000000e+00 0.000000000000000000e+00 0.000000000000000000e+00
0.000000000000000000e+00 0.000000000000000000e+00 0.000000000000000000e+00 0.000000000000000000e+00 0.000000000000000000e+00
0.000000000000000000e+00 0.000000000000000000e+00 0.000000000000000000e+00 0.000000000000000000e+00 0.000000000000000000e+00
0.000000000000000000e+00 0.000000000000000000e+00 0.000000000000000000e+00 0.000000000000000000e+00 0.000000000000000000e+00
0.000000000000000000e+00 0.000000000000000000e+00 0.000000000000000000e+00 0.000000000000000000e+00 0.000000000000000000e+00
0.000000000000000000e+00 0.000000000000000000e+00 0.000000000000000000e+00 0.000000000000000000e+00 0.000000000000000000e+00
0.000000000000000000e+00 0.000000000000000000e+00 0.000000000000000000e+00 0.000000000000000000e+00 0.000000000000000000e+00
0.000000000000000000e+00 0.000000000000000000e+00 0.000000000000000000e+00 0.000000000000000000e+00 0.000000000000000000e+00
0.000000000000000000e+00 0.000000000000000000e+00 4.926897078942976899e-04 0.000000000000000000e+00 2.364530382339173013e-03
0.000000000000000000e+00 0.000000000000000000e+00 3.737646059887773410e-04 0.000000000000000000e+00 1.793781669360753391e-03
9.330169892947413413e-04 1.894096998202185141e-04 0.000000000000000000e+00 0.000000000000000000e+00 0.000000000000000000e+00
2.260578406551741470e-02 2.906790436897633331e-03 0.000000000000000000e+00 0.000000000000000000e+00 0.000000000000000000e+00
8.904123852599303557e-02 5.657338669733738556e-03 0.000000000000000000e+00 0.000000000000000000e+00 4.653060254397170309e-04
1.184075325901844111e-01 4.556038736984175178e-03 0.000000000000000000e+00 0.000000000000000000e+00 0.000000000000000000e+00
1.393037874906877804e-01 0.000000000000000000e+00 1.274230618045736445e-02 3.590705445381506874e-03 0.000000000000000000e+00
1.076555403132069683e-01 0.000000000000000000e+00 5.055135206084035437e-02 4.992936832098412991e-02 0.000000000000000000e+00
2.289543745023044086e-02 0.000000000000000000e+00 9.584125335758426900e-02 1.078189122568426750e-01 0.000000000000000000e+00
0.000000000000000000e+00 2.162441536641185671e-02 1.050490185235588292e-01 1.339305377989329637e-01 0.000000000000000000e+00
0.000000000000000000e+00 5.143329087218651008e-02 6.673717828815504960e-02 1.043521629510068133e-01 5.028794246285997471e-02
0.000000000000000000e+00 5.202367336819833932e-02 4.268726861197725576e-03 8.417731801929731472e-02 1.445322284239272947e-01
2.591496888825692291e-03 4.748701628939153152e-02 0.000000000000000000e+00 4.963674483455696174e-02 1.732140037674592126e-01
1.376777717653184093e-03 4.944959893403988449e-02 0.000000000000000000e+00 1.102615921759967678e-02 1.075867238168178308e-01
0.000000000000000000e+00 2.510394543100919959e-02 0.000000000000000000e+00 0.000000000000000000e+00 4.497885040160171100e-02
7.984100410810531857e-05 2.848930371597453715e-03 0.000000000000000000e+00 0.000000000000000000e+00 2.492288752309586210e-03
1.004887583395082068e-06 4.300567911161210486e-05 0.000000000000000000e+00 0.000000000000000000e+00 1.402977844461134694e-05
0.000000000000000000e+00 0.000000000000000000e+00 0.000000000000000000e+00 0.000000000000000000e+00 0.000000000000000000e+00
0.000000000000000000e+00 0.000000000000000000e+00 0.000000000000000000e+00 0.000000000000000000e+00 0.000000000000000000e+00
0.000000000000000000e+00 0.000000000000000000e+00 0.000000000000000000e+00 0.000000000000000000e+00 0.000000000000000000e+00
0.000000000000000000e+00 0.000000000000000000e+00 0.000000000000000000e+00 0.000000000000000000e+00 0.000000000000000000e+00
0.000000000000000000e+00 0.000000000000000000e+00 0.000000000000000000e+00 0.000000000000000000e+00 0.000000000000000000e+00
0.000000000000000000e+00 0.000000000000000000e+00 0.000000000000000000e+00 0.000000000000000000e+00 0.000000000000000000e+00
0.000000000000000000e+00 0.000000000000000000e+00 0.000000000000000000e+00 0.000000000000000000e+00 0.000000000000000000e+00
0.000000000000000000e+00 0.000000000000000000e+00 0.000000000000000000e+00 0.000000000000000000e+00 0.000000000000000000e+00
0.000000000000000000e+00 0.000000000000000000e+00 0.000000000000000000e+00 0.000000000000000000e+00 0.000000000000000000e+00
0.000000000000000000e+00 0.000000000000000000e+00 0.000000000000000000e+00 0.000000000000000000e+00 0.000000000000000000e+00
0.000000000000000000e+00 0.000000000000000000e+00 1.132620018147811854e-05 0.000000000000000000e+00 5.435702028365918710e-05
0.000000000000000000e+00 1.013227644364761426e-03 8.558553735894451706e-04 0.000000000000000000e+00 6.112244877844245612e-04
0.000000000000000000e+00 0.000000000000000000e+00 1.387459522231067755e-04 0.000000000000000000e+00 6.658734984748245541e-04
7.186120019079418435e-03 7.066346000465653166e-04 0.000000000000000000e+00 0.000000000000000000e+00 0.000000000000000000e+00
5.964302746001165501e-02 2.754491528470014248e-03 0.000000000000000000e+00 0.000000000000000000e+00 0.000000000000000000e+00
1.140599097991955857e-01 7.694664305083018241e-03 0.000000000000000000e+00 0.000000000000000000e+00 0.000000000000000000e+00
1.593822416909051465e-01 0.000000000000000000e+00 1.503478185503707596e-03 1.459272089314803556e-03 9.370726876142361148e-03
1.305497323259480202e-01 0.000000000000000000e+00 3.225406561167466768e-02 3.709899456342237445e-02 0.000000000000000000e+00
3.935539659968609327e-02 0.000000000000000000e+00 8.940122997410313022e-02 1.018895123531738528e-01 0.000000000000000000e+00
0.000000000000000000e+00 3.144640198746731508e-02 1.073819108267630440e-01 1.406812582432844516e-01 0.000000000000000000e+00
0.000000000000000000e+00 6.657011735666251706e-02 8.704700381772444151e-02 1.087312521257953746e-01 6.691880695482242854e-03
0.000000000000000000e+00 7.300381486008165888e-02 2.077648777965281773e-02 5.785380745447769174e-02 1.123412623367692070e-01
0.000000000000000000e+00 5.648492122361804813e-02 0.000000000000000000e+00 2.900517166465846688e-02 1.683050609228865513e-01
7.268222290193903160e-03 4.452472598711072760e-02 0.000000000000000000e+00 1.463311748517854075e-02 1.190818793902001099e-01
7.482601713518700036e-03 1.664772440914369378e-02 0.000000000000000000e+00 1.584215378184396575e-02 3.877954520067591199e-02
6.104237411958781528e-03 4.721974321762081156e-04 0.000000000000000000e+00 1.017047624179267910e-02 1.216898706717679975e-02
2.576251105406002825e-03 0.000000000000000000e+00 0.000000000000000000e+00 2.712027795239835455e-03 2.694286058439863789e-03
0.000000000000000000e+00 0.000000000000000000e+00 0.000000000000000000e+00 0.000000000000000000e+00 0.000000000000000000e+00
0.000000000000000000e+00 0.000000000000000000e+00 0.000000000000000000e+00 0.000000000000000000e+00 0.000000000000000000e+00
0.000000000000000000e+00 0.000000000000000000e+00 0.000000000000000000e+00 0.000000000000000000e+00 0.000000000000000000e+00
0.000000000000000000e+00 0.000000000000000000e+00 0.000000000000000000e+00 0.000000000000000000e+00 0.000000000000000000e+00
0.000000000000000000e+00 0.000000000000000000e+00 0.000000000000000000e+00 0.000000000000000000e+00 0.000000000000000000e+00
0.000000000000000000e+00 0.000000000000000000e+00 0.000000000000000000e+00 0.000000000000000000e+00 0.000000000000000000e+00
0.000000000000000000e+00 0.000000000000000000e+00 0.000000000000000000e+00 0.000000000000000000e+00 0.000000000000000000e+00
0.000000000000000000e+00 0.000000000000000000e+00 0.000000000000000000e+00 0.000000000000000000e+00 0.000000000000000000e+00
0.000000000000000000e+00 0.000000000000000000e+00 0.000000000000000000e+00 0.000000000000000000e+00 0.000000000000000000e+00
0.000000000000000000e+00 0.000000000000000000e+00 0.000000000000000000e+00 0.000000000000000000e+00 0.000000000000000000e+00
0.000000000000000000e+00 0.000000000000000000e+00 0.000000000000000000e+00 0.000000000000000000e+00 0.000000000000000000e+00
0.000000000000000000e+00 0.000000000000000000e+00 2.520079540378879169e-04 0.000000000000000000e+00 1.209443701311416859e-03
0.000000000000000000e+00 0.000000000000000000e+00 6.852351109794255950e-04 0.000000000000000000e+00 3.288599727161377675e-03
0.000000000000000000e+00 0.000000000000000000e+00 6.512565104349912445e-05 0.000000000000000000e+00 3.125528666310406511e-04
1.640261424818917693e-02 4.023526265097514937e-04 0.000000000000000000e+00 0.000000000000000000e+00 0.000000000000000000e+00
8.121524571697258388e-02 2.959911234012546286e-03 0.000000000000000000e+00 0.000000000000000000e+00 1.127953863007535558e-03
1.575032185437229559e-01 0.000000000000000000e+00 0.000000000000000000e+00 0.000000000000000000e+00 1.383647260703377464e-02
1.678238802096259363e-01 0.000000000000000000e+00 1.732999238865098879e-02 2.334077514499982922e-02 3.048871938005261878e-04
5.025422065934519872e-02 0.000000000000000000e+00 7.601012802642433119e-02 7.275434241958510240e-02 0.000000000000000000e+00
0.000000000000000000e+00 5.873632398270064656e-03 1.123476969098685385e-01 1.275389816727581505e-01 0.000000000000000000e+00
0.000000000000000000e+00 6.690256399845470603e-02 9.587734734672088976e-02 1.143067948670301315e-01 0.000000000000000000e+00
0.000000000000000000e+00 8.597034419141869055e-02 4.809580873221474401e-02 5.322941759371058873e-02 8.567141286427071289e-02
0.000000000000000000e+00 7.559261758154520172e-02 0.000000000000000000e+00 1.346609920153858490e-02 1.501106107236984399e-01
1.161671182999207338e-03 5.392025267669248167e-02 0.000000000000000000e+00 0.000000000000000000e+00 9.953137205543055588e-02
9.141245533711097118e-03 2.077428555832301627e-02 0.000000000000000000e+00 3.330823093786999551e-03 3.761184219606897305e-02
7.446445936378966006e-03 3.748757031160693731e-04 0.000000000000000000e+00 1.183921029168710608e-02 1.237032497794049099e-02
7.097547591235203214e-03 0.000000000000000000e+00 0.000000000000000000e+00 6.683354151632576144e-03 8.587623483465263441e-03
7.625996560182474529e-03 0.000000000000000000e+00 0.000000000000000000e+00 7.774908038068076982e-03 7.919640817333168520e-03
5.083997706788315196e-03 0.000000000000000000e+00 0.000000000000000000e+00 5.183272025378711338e-03 5.279760544888776989e-03
0.000000000000000000e+00 0.000000000000000000e+00 0.000000000000000000e+00 0.000000000000000000e+00 0.000000000000000000e+00
0.000000000000000000e+00 0.000000000000000000e+00 0.000000000000000000e+00 0.000000000000000000e+00 0.000000000000000000e+00
0.000000000000000000e+00 0.000000000000000000e+00 0.000000000000000000e+00 0.000000000000000000e+00 0.000000000000000000e+00
0.000000000000000000e+00 0.000000000000000000e+00 0.000000000000000000e+00 0.000000000000000000e+00 0.000000000000000000e+00
0.000000000000000000e+00 0.000000000000000000e+00 0.000000000000000000e+00 0.000000000000000000e+00 0.000000000000000000e+00
0.000000000000000000e+00 0.000000000000000000e+00 0.000000000000000000e+00 0.000000000000000000e+00 0.000000000000000000e+00
0.000000000000000000e+00 0.000000000000000000e+00 0.000000000000000000e+00 0.000000000000000000e+00 0.000000000000000000e+00
0.000000000000000000e+00 0.000000000000000000e+00 0.000000000000000000e+00 0.000000000000000000e+00 0.000000000000000000e+00
0.000000000000000000e+00 0.000000000000000000e+00 0.000000000000000000e+00 0.000000000000000000e+00 0.000000000000000000e+00
0.000000000000000000e+00 0.000000000000000000e+00 0.000000000000000000e+00 0.000000000000000000e+00 0.000000000000000000e+00
0.000000000000000000e+00 0.000000000000000000e+00 4.219009567600592631e-04 0.000000000000000000e+00 2.024799005566305533e-03
0.000000000000000000e+00 0.000000000000000000e+00 5.861308593914930009e-04 0.000000000000000000e+00 2.812975799679364505e-03
4.599917428708478681e-03 0.000000000000000000e+00 0.000000000000000000e+00 0.000000000000000000e+00 0.000000000000000000e+00
3.870288061569622517e-02 0.000000000000000000e+00 0.000000000000000000e+00 0.000000000000000000e+00 2.510282958764490074e-03
1.300740601256767104e-01 0.000000000000000000e+00 0.000000000000000000e+00 0.000000000000000000e+00 1.305965277580978245e-02
1.811850042780066838e-01 0.000000000000000000e+00 7.268521772808679039e-03 1.182600801194297856e-02 2.562380689439600415e-03
1.107310331460363284e-01 0.000000000000000000e+00 4.926562399317337138e-02 5.103627118102348204e-02 0.000000000000000000e+00
0.000000000000000000e+00 0.000000000000000000e+00 9.996312945635806024e-02 1.215548844133645667e-01 0.000000000000000000e+00
0.000000000000000000e+00 4.908354041252648015e-02 9.918338411336284632e-02 1.268355529612725519e-01 4.418866577098497922e-03
0.000000000000000000e+00 9.072298901901690305e-02 5.734028173742946460e-02 7.470116900377990476e-02 6.553017193733953749e-02
0.000000000000000000e+00 8.033439578546468229e-02 0.000000000000000000e+00 2.442280650132473002e-02 1.486679950844528308e-01
9.678510689430310995e-03 5.292076140128565420e-02 0.000000000000000000e+00 0.000000000000000000e+00 1.352984056233803301e-01
2.545875991407986483e-02 2.205835766557188299e-02 0.000000000000000000e+00 0.000000000000000000e+00 3.900328487824972906e-02
2.455239178215944812e-02 5.351864453870875359e-03 0.000000000000000000e+00 0.000000000000000000e+00 4.102901761984775568e-03
1.799520452781115665e-02 2.980609501044974123e-03 0.000000000000000000e+00 5.973178099922446098e-06 0.000000000000000000e+00
6.908082760289797550e-03 0.000000000000000000e+00 0.000000000000000000e+00 3.150228126382684408e-03 2.921880516840021699e-03
6.757330032623465321e-03 0.000000000000000000e+00 0.000000000000000000e+00 6.884083367666317572e-03 7.086922058559660433e-03
7.602258941365459301e-03 0.000000000000000000e+00 0.000000000000000000e+00 7.662377514836552460e-03 9.074727498360931829e-03
4.204439801183852687e-03 0.000000000000000000e+00 0.000000000000000000e+00 4.240815703141325756e-03 4.977022733880943212e-03
0.000000000000000000e+00 0.000000000000000000e+00 0.000000000000000000e+00 0.000000000000000000e+00 0.000000000000000000e+00
0.000000000000000000e+00 0.000000000000000000e+00 0.000000000000000000e+00 0.000000000000000000e+00 0.000000000000000000e+00
0.000000000000000000e+00 0.000000000000000000e+00 0.000000000000000000e+00 0.000000000000000000e+00 0.000000000000000000e+00
0.000000000000000000e+00 0.000000000000000000e+00 0.000000000000000000e+00 0.000000000000000000e+00 0.000000000000000000e+00
0.000000000000000000e+00 0.000000000000000000e+00 0.000000000000000000e+00 0.000000000000000000e+00 0.000000000000000000e+00
0.000000000000000000e+00 0.000000000000000000e+00 0.000000000000000000e+00 0.000000000000000000e+00 0.000000000000000000e+00
0.000000000000000000e+00 0.000000000000000000e+00 0.000000000000000000e+00 0.000000000000000000e+00 0.000000000000000000e+00
0.000000000000000000e+00 0.000000000000000000e+00 0.000000000000000000e+00 0.000000000000000000e+00 0.000000000000000000e+00
0.000000000000000000e+00 0.000000000000000000e+00 0.000000000000000000e+00 0.000000000000000000e+00 0.000000000000000000e+00
0.000000000000000000e+00 0.000000000000000000e+00 5.011843580304055660e-04 0.000000000000000000e+00 2.405298147551917023e-03
0.000000000000000000e+00 0.000000000000000000e+00 4.926897078942976899e-04 0.000000000000000000e+00 2.364530382339173013e-03
2.448043345298692511e-02 0.000000000000000000e+00 5.588928543290417163e-04 0.000000000000000000e+00 0.000000000000000000e+00
8.540995187210619066e-02 0.000000000000000000e+00 0.000000000000000000e+00 0.000000000000000000e+00 9.711700970034155625e-03
1.534241977511701105e-01 0.000000000000000000e+00 0.000000000000000000e+00 0.000000000000000000e+00 1.947942682056135605e-02
1.562205152320322588e-01 0.000000000000000000e+00 3.296889638424171931e-02 2.425275965385326193e-02 1.301256806799505877e-03
3.085706737602664229e-02 0.000000000000000000e+00 9.253599615779364851e-02 8.670911041519081819e-02 0.000000000000000000e+00
0.000000000000000000e+00 2.569792035910425237e-02 1.056802378137485093e-01 1.259521549332340007e-01 3.213125369508879059e-03
0.000000000000000000e+00 7.983817498122026957e-02 7.373945011987324827e-02 9.970271643813338747e-02 4.191008762443849955e-02
0.000000000000000000e+00 9.843113743975470675e-02 8.936811660345263947e-03 4.818340200044658739e-02 1.050866882340979608e-01
1.182412935598311718e-02 6.755189717850731967e-02 0.000000000000000000e+00 0.000000000000000000e+00 1.349243456715026601e-01
3.484048552870423754e-02 2.639947158719945647e-02 0.000000000000000000e+00 0.000000000000000000e+00 5.938690187100647416e-02
3.619890122715110903e-02 3.212117030745794376e-03 0.000000000000000000e+00 0.000000000000000000e+00 1.433203604214915508e-02
3.487603755996226962e-02 4.056560468734045789e-04 0.000000000000000000e+00 0.000000000000000000e+00 9.882653740224239466e-03
3.304151432439189628e-02 1.254013942654768048e-03 0.000000000000000000e+00 0.000000000000000000e+00 8.767239236159138707e-03
2.793739861212217804e-02 1.487144987307679545e-03 0.000000000000000000e+00 0.000000000000000000e+00 6.073912615866678723e-03
6.484378747061913043e-03 4.735215850049003384e-04 0.000000000000000000e+00 0.000000000000000000e+00 2.011874824639160210e-03
2.504880857362512710e-03 0.000000000000000000e+00 0.000000000000000000e+00 2.304392606067298503e-03 5.932358904433878040e-03
0.000000000000000000e+00 0.000000000000000000e+00 6.314356601174039504e-04 0.000000000000000000e+00 3.030403880813997784e-03
0.000000000000000000e+00 0.000000000000000000e+00 3.256282552174953647e-04 0.000000000000000000e+00 1.562764333155200382e-03
0.000000000000000000e+00 0.000000000000000000e+00 0.000000000000000000e+00 0.000000000000000000e+00 0.000000000000000000e+00
0.000000000000000000e+00 0.000000000000000000e+00 0.000000000000000000e+00 0.000000000000000000e+00 0.000000000000000000e+00
0.000000000000000000e+00 0.000000000000000000e+00 0.000000000000000000e+00 0.000000000000000000e+00 0.000000000000000000e+00
0.000000000000000000e+00 0.000000000000000000e+00 0.000000000000000000e+00 0.000000000000000000e+00 0.000000000000000000e+00
0.000000000000000000e+00 0.000000000000000000e+00 0.000000000000000000e+00 0.000000000000000000e+00 0.000000000000000000e+00
0.000000000000000000e+00 0.000000000000000000e+00 0.000000000000000000e+00 0.000000000000000000e+00 0.000000000000000000e+00
0.000000000000000000e+00 0.000000000000000000e+00 0.000000000000000000e+00 0.000000000000000000e+00 0.000000000000000000e+00
0.000000000000000000e+00 0.000000000000000000e+00 0.000000000000000000e+00 0.000000000000000000e+00 0.000000000000000000e+00
0.000000000000000000e+00 0.000000000000000000e+00 5.011843580304055660e-04 0.000000000000000000e+00 2.405298147551917023e-03
5.297763588855169958e-03 0.000000000000000000e+00 5.555862131871867112e-04 0.000000000000000000e+00 7.916157003970618160e-04
4.736159696576994899e-02 2.298871430591499650e-04 2.150197906070811654e-03 0.000000000000000000e+00 0.000000000000000000e+00
1.086200276933799724e-01 0.000000000000000000e+00 2.192584673051234563e-03 0.000000000000000000e+00 1.851621800300730369e-02
1.527075481976292171e-01 0.000000000000000000e+00 2.001889088742226860e-02 7.429663934937935643e-03 2.247776492455038841e-02
1.062249148160425288e-01 0.000000000000000000e+00 6.832303362258691781e-02 4.642017004027480104e-02 1.480773195190599259e-02
0.000000000000000000e+00 9.999316479386913259e-03 1.117044561776290024e-01 1.096767677453121398e-01 6.180672184787975622e-03
0.000000000000000000e+00 6.594980517114443219e-02 8.551453024319281837e-02 1.135819809183226392e-01 2.892530106000307938e-02
0.000000000000000000e+00 1.018620096078903525e-01 3.150967386287625155e-02 8.202836832226886865e-02 6.845122900788057352e-02
0.000000000000000000e+00 8.280833799311167198e-02 0.000000000000000000e+00 1.936378185689159592e-02 1.070313740440271000e-01
2.903204098516451101e-02 4.352588883631386407e-02 0.000000000000000000e+00 0.000000000000000000e+00 5.289568402960858479e-02
2.445500375185030717e-02 1.462295528305851584e-02 0.000000000000000000e+00 0.000000000000000000e+00 1.638769349974295020e-02
2.802918341430248733e-02 1.124057621120040824e-02 0.000000000000000000e+00 0.000000000000000000e+00 1.314664746394013893e-02
2.560015288713346493e-02 1.157327140045174424e-02 0.000000000000000000e+00 0.000000000000000000e+00 1.203145552697561932e-02
2.478085505695914667e-02 1.144672760337716449e-02 2.296536551254903333e-03 0.000000000000000000e+00 1.250722112296074121e-02
3.029314629316977661e-02 1.011777576774075711e-02 0.000000000000000000e+00 0.000000000000000000e+00 1.882851603709716909e-02
2.454895027459395168e-02 4.696643320619922450e-03 0.000000000000000000e+00 0.000000000000000000e+00 1.246976221770976223e-02
6.684265158945953402e-04 1.544227776547318649e-03 1.478606469144849202e-03 0.000000000000000000e+00 4.132370760456842256e-03
0.000000000000000000e+00 3.684431228855637405e-04 1.002402135592404602e-03 0.000000000000000000e+00 2.022381546624955114e-03
0.000000000000000000e+00 0.000000000000000000e+00 6.654142606618382739e-04 0.000000000000000000e+00 3.193474941664975995e-03
0.000000000000000000e+00 0.000000000000000000e+00 0.000000000000000000e+00 0.000000000000000000e+00 0.000000000000000000e+00
0.000000000000000000e+00 0.000000000000000000e+00 0.000000000000000000e+00 0.000000000000000000e+00 0.000000000000000000e+00
0.000000000000000000e+00 0.000000000000000000e+00 0.000000000000000000e+00 0.000000000000000000e+00 0.000000000000000000e+00
0.000000000000000000e+00 0.000000000000000000e+00 0.000000000000000000e+00 0.000000000000000000e+00 0.000000000000000000e+00
0.000000000000000000e+00 0.000000000000000000e+00 0.000000000000000000e+00 0.000000000000000000e+00 0.000000000000000000e+00
0.000000000000000000e+00 0.000000000000000000e+00 0.000000000000000000e+00 0.000000000000000000e+00 0.000000000000000000e+00
0.000000000000000000e+00 0.000000000000000000e+00 0.000000000000000000e+00 0.000000000000000000e+00 0.000000000000000000e+00
0.000000000000000000e+00 0.000000000000000000e+00 0.000000000000000000e+00 0.000000000000000000e+00 0.000000000000000000e+00
0.000000000000000000e+00 0.000000000000000000e+00 6.342672101627741098e-04 0.000000000000000000e+00 3.043993135884913610e-03
1.703219149466131746e-02 4.497397608978795868e-04 1.366427394306603997e-03 0.000000000000000000e+00 0.000000000000000000e+00
6.652279834938212844e-02 0.000000000000000000e+00 9.629830092301032733e-04 0.000000000000000000e+00 5.582453273630709478e-03
1.155493555877775136e-01 0.000000000000000000e+00 8.778651233236971566e-03 0.000000000000000000e+00 3.672881829009747717e-02
1.239093752299122164e-01 0.000000000000000000e+00 4.245129206346972411e-02 2.358719205229358254e-02 4.967111787110869286e-02
2.393043266726574761e-02 0.000000000000000000e+00 1.037907613556604131e-01 6.721523996313762128e-02 1.990350057223456634e-02
0.000000000000000000e+00 5.136545174398129271e-02 1.066558271801872071e-01 1.095015648655052881e-01 1.335375521789466773e-02
0.000000000000000000e+00 1.012351257212588673e-01 5.530914480140636941e-02 1.030521480884258184e-01 3.681840369871694496e-02
0.000000000000000000e+00 1.098257882223200033e-01 0.000000000000000000e+00 5.395836961362711348e-02 6.418011297025101591e-02
2.470528097841815859e-02 6.755539238272142977e-02 0.000000000000000000e+00 7.124877851643311374e-03 5.101959719872503629e-02
3.635937904514482261e-02 1.837233827773731079e-02 0.000000000000000000e+00 9.688018383519484897e-03 4.609801406124894307e-03
3.189924072783463516e-02 3.374268836414159173e-02 1.222171330867674816e-03 0.000000000000000000e+00 0.000000000000000000e+00
2.763619532198931597e-02 5.749649976339679669e-02 2.134316706684102546e-02 0.000000000000000000e+00 0.000000000000000000e+00
1.428232871433024812e-02 6.646263595916383771e-02 3.907718186049604497e-02 0.000000000000000000e+00 0.000000000000000000e+00
9.233308627198179644e-03 7.146452850888029840e-02 3.695157421407200410e-02 0.000000000000000000e+00 0.000000000000000000e+00
2.584051353483838437e-02 5.216118894880832774e-02 1.686220609745555168e-02 0.000000000000000000e+00 8.613863460960675261e-03
3.704864977320555114e-02 2.519533691054149163e-02 6.351909387916257477e-03 0.000000000000000000e+00 3.044249490013298254e-02
1.211629826055410884e-02 4.438586933956480303e-03 9.053084313576802199e-04 0.000000000000000000e+00 1.850540982677495797e-02
3.890130056380313502e-03 1.965772231225272181e-03 2.697425371366996873e-03 0.000000000000000000e+00 2.743436048995310551e-03
1.492132119041479979e-03 0.000000000000000000e+00 9.072837204186349515e-04 0.000000000000000000e+00 3.053825137557643690e-03
0.000000000000000000e+00 0.000000000000000000e+00 0.000000000000000000e+00 0.000000000000000000e+00 0.000000000000000000e+00
0.000000000000000000e+00 0.000000000000000000e+00 0.000000000000000000e+00 0.000000000000000000e+00 0.000000000000000000e+00
0.000000000000000000e+00 0.000000000000000000e+00 0.000000000000000000e+00 0.000000000000000000e+00 0.000000000000000000e+00
0.000000000000000000e+00 0.000000000000000000e+00 0.000000000000000000e+00 0.000000000000000000e+00 0.000000000000000000e+00
0.000000000000000000e+00 0.000000000000000000e+00 0.000000000000000000e+00 0.000000000000000000e+00 0.000000000000000000e+00
0.000000000000000000e+00 0.000000000000000000e+00 0.000000000000000000e+00 0.000000000000000000e+00 0.000000000000000000e+00
0.000000000000000000e+00 0.000000000000000000e+00 0.000000000000000000e+00 0.000000000000000000e+00 0.000000000000000000e+00
0.000000000000000000e+00 0.000000000000000000e+00 0.000000000000000000e+00 0.000000000000000000e+00 0.000000000000000000e+00
0.000000000000000000e+00 0.000000000000000000e+00 7.220452615692289937e-04 0.000000000000000000e+00 3.465260043083271714e-03
3.167225582986117616e-02 0.000000000000000000e+00 1.616293820438600938e-03 0.000000000000000000e+00 2.187743755832364980e-04
7.992476418160755769e-02 0.000000000000000000e+00 3.635901549273061039e-03 0.000000000000000000e+00 1.775560326991725349e-02
1.096440662842030761e-01 0.000000000000000000e+00 2.227271362060287765e-02 3.586880868190433364e-03 5.268696361566020669e-02
7.882703456835306322e-02 0.000000000000000000e+00 7.237651384651258568e-02 3.709942587486041166e-02 6.499281066171394561e-02
0.000000000000000000e+00 2.983640548394045702e-02 1.096122250405310999e-01 7.881177156763674585e-02 2.644470915903543787e-02
0.000000000000000000e+00 8.872690611154257501e-02 8.351181446957814392e-02 1.037009395461784972e-01 2.373012844749970360e-02
0.000000000000000000e+00 1.142121251678685917e-01 1.103630184035873582e-02 8.954794766925998351e-02 4.323899457749080105e-02
1.627950469250850560e-02 9.370573190585440582e-02 0.000000000000000000e+00 3.145150735057149205e-02 3.182653304038711439e-02
5.778950792798515090e-02 5.935935798506206812e-02 0.000000000000000000e+00 9.868985247935151833e-03 0.000000000000000000e+00
6.490366377893523608e-02 6.049077002804108261e-02 1.185346790703112503e-02 0.000000000000000000e+00 0.000000000000000000e+00
7.226729490759765950e-02 1.038356991003350355e-01 3.444974512655606114e-02 0.000000000000000000e+00 0.000000000000000000e+00
4.689665623464896183e-02 1.265930815732687342e-01 5.910705823634507944e-02 0.000000000000000000e+00 0.000000000000000000e+00
7.587966171033074664e-03 1.302259238491731419e-01 8.534708550106781533e-02 0.000000000000000000e+00 0.000000000000000000e+00
0.000000000000000000e+00 1.072649719429464299e-01 9.766352141733743164e-02 0.000000000000000000e+00 0.000000000000000000e+00
8.135889145279256187e-07 8.077988285645872069e-02 8.452599733986809749e-02 0.000000000000000000e+00 0.000000000000000000e+00
5.113374261835088030e-02 3.288868875366252054e-02 3.396839512368828029e-02 0.000000000000000000e+00 5.516716949418071225e-02
3.246732664890184666e-02 2.575678517694311980e-03 1.140052308526954758e-02 0.000000000000000000e+00 5.525709703400162598e-02
9.942752405668621105e-03 0.000000000000000000e+00 2.873626377358849682e-03 0.000000000000000000e+00 1.228640802117028120e-02
1.089572120965702842e-02 0.000000000000000000e+00 1.186379729864327605e-03 0.000000000000000000e+00 1.214903501124735058e-03
4.866798575830430518e-03 5.050380829091496776e-04 2.303377504614345325e-04 0.000000000000000000e+00 0.000000000000000000e+00
0.000000000000000000e+00 0.000000000000000000e+00 0.000000000000000000e+00 0.000000000000000000e+00 0.000000000000000000e+00
0.000000000000000000e+00 0.000000000000000000e+00 0.000000000000000000e+00 0.000000000000000000e+00 0.000000000000000000e+00
0.000000000000000000e+00 0.000000000000000000e+00 0.000000000000000000e+00 0.000000000000000000e+00 0.000000000000000000e+00
0.000000000000000000e+00 0.000000000000000000e+00 0.000000000000000000e+00 0.000000000000000000e+00 0.000000000000000000e+00
0.000000000000000000e+00 0.000000000000000000e+00 0.000000000000000000e+00 0.000000000000000000e+00 0.000000000000000000e+00
0.000000000000000000e+00 0.000000000000000000e+00 0.000000000000000000e+00 0.000000000000000000e+00 0.000000000000000000e+00
0.000000000000000000e+00 0.000000000000000000e+00 0.000000000000000000e+00 0.000000000000000000e+00 0.000000000000000000e+00
4.325207092778184624e-03 0.000000000000000000e+00 1.372810411488551699e-03 0.000000000000000000e+00 2.134231913213330799e-03
4.235167583824735182e-02 0.000000000000000000e+00 2.762521998883497171e-03 0.000000000000000000e+00 4.427352966648779101e-03
7.876487437545501291e-02 0.000000000000000000e+00 1.600541613816718403e-02 0.000000000000000000e+00 3.919344812451991400e-02
8.290736696836499553e-02 0.000000000000000000e+00 4.585035179972760805e-02 1.414270290457896907e-02 8.424564289985207732e-02
4.595209373967493877e-02 0.000000000000000000e+00 9.655286959875766795e-02 4.614561268090962981e-02 6.549949141547622977e-02
0.000000000000000000e+00 7.968917632763565517e-02 1.026747606269396429e-01 7.891572858239694066e-02 1.436690792779730767e-02
0.000000000000000000e+00 1.138600698573085934e-01 4.466086541890804118e-02 9.786970472848616209e-02 2.388722116552510072e-02
5.871890711728540956e-03 1.150028284305584236e-01 0.000000000000000000e+00 7.316001800470875449e-02 2.313931104085789267e-02
6.866391440986124861e-02 7.823762775226977828e-02 0.000000000000000000e+00 4.726429231979750040e-02 0.000000000000000000e+00
9.178702486463884147e-02 8.990317843433311140e-02 0.000000000000000000e+00 3.291671081768120927e-02 0.000000000000000000e+00
9.574757039993427032e-02 1.370912489504037823e-01 2.362696522713763139e-02 1.362299527528007016e-02 0.000000000000000000e+00
6.713270156988608572e-02 1.566081996411239907e-01 5.648786712834286822e-02 0.000000000000000000e+00 0.000000000000000000e+00
2.669294198709144458e-02 1.383340385741944623e-01 8.257769757913538400e-02 0.000000000000000000e+00 0.000000000000000000e+00
1.122881852039323350e-02 1.311751464760375629e-01 1.079126603978450977e-01 0.000000000000000000e+00 0.000000000000000000e+00
1.456517597190283174e-03 1.209200795682718460e-01 1.198490923236355671e-01 0.000000000000000000e+00 0.000000000000000000e+00
0.000000000000000000e+00 8.694591391286474180e-02 1.267706858395852010e-01 0.000000000000000000e+00 0.000000000000000000e+00
2.662897880106662729e-02 2.990476630116453011e-02 7.494876198559331792e-02 0.000000000000000000e+00 5.741666519354873127e-02
4.265763356411402668e-02 0.000000000000000000e+00 2.531242793173822669e-02 0.000000000000000000e+00 8.013579633381719136e-02
2.307419147565317394e-02 0.000000000000000000e+00 5.027045914990173857e-03 0.000000000000000000e+00 4.824875719559506421e-02
8.876136829841663883e-03 0.000000000000000000e+00 1.367520621464355345e-03 0.000000000000000000e+00 9.725026652814607389e-03
1.008122562136303836e-02 1.046150314597523627e-03 4.771281973843994099e-04 0.000000000000000000e+00 0.000000000000000000e+00
0.000000000000000000e+00 0.000000000000000000e+00 0.000000000000000000e+00 0.000000000000000000e+00 0.000000000000000000e+00
0.000000000000000000e+00 0.000000000000000000e+00 0.000000000000000000e+00 0.000000000000000000e+00 0.000000000000000000e+00
0.000000000000000000e+00 0.000000000000000000e+00 0.000000000000000000e+00 0.000000000000000000e+00 0.000000000000000000e+00
0.000000000000000000e+00 0.000000000000000000e+00 0.000000000000000000e+00 0.000000000000000000e+00 0.000000000000000000e+00
0.000000000000000000e+00 0.000000000000000000e+00 0.000000000000000000e+00 0.000000000000000000e+00 0.000000000000000000e+00
0.000000000000000000e+00 0.000000000000000000e+00 0.000000000000000000e+00 0.000000000000000000e+00 0.000000000000000000e+00
0.000000000000000000e+00 0.000000000000000000e+00 0.000000000000000000e+00 0.000000000000000000e+00 0.000000000000000000e+00
4.274089177858120606e-03 0.000000000000000000e+00 1.365210449861053955e-03 0.000000000000000000e+00 2.149550969897040791e-03
4.710124737792704269e-02 0.000000000000000000e+00 6.207875808528375179e-03 0.000000000000000000e+00 1.514012438016571621e-02
6.860486611725825912e-02 0.000000000000000000e+00 2.524517813673202160e-02 0.000000000000000000e+00 7.770130660665650058e-02
4.435656766090712022e-02 0.000000000000000000e+00 6.765426780568523091e-02 1.558384484868782435e-02 1.326849200446910404e-01
1.190619159560483455e-02 3.850066544914258065e-02 1.037456173098567080e-01 5.329155479228018383e-02 5.575165349883628302e-02
3.348755546549979454e-03 1.032642014042008533e-01 8.279119433189006949e-02 8.085786915244864981e-02 4.610114745155174769e-03
1.852628212254769577e-02 1.185837290661088950e-01 7.610794227610077206e-03 9.560080093222614317e-02 4.114072086209718052e-03
4.344196297132355694e-02 8.841658960267374801e-02 0.000000000000000000e+00 7.487632312612400864e-02 0.000000000000000000e+00
8.766165324991279095e-02 8.151070804164937955e-02 0.000000000000000000e+00 5.852370664702285369e-02 0.000000000000000000e+00
1.012395373567605283e-01 1.328318543197704593e-01 9.685436366504042785e-03 3.560860276722806195e-02 0.000000000000000000e+00
7.561965099832063109e-02 1.561963341073530354e-01 4.565565006483974370e-02 2.516949494747622307e-02 0.000000000000000000e+00
2.010174893384628764e-02 1.181828012123057048e-01 7.511080084338166152e-02 4.424776197809483086e-02 0.000000000000000000e+00
1.137460918548044257e-02 6.611340310704356960e-02 9.016650736755807416e-02 5.759314427065717612e-02 9.469140796193540807e-03
1.912441452158459426e-02 5.223319222345009644e-02 8.245825228982620048e-02 5.850842306216778865e-02 3.107851589708412673e-02
1.003082236033295098e-02 9.461561856202448106e-02 9.706941530140669738e-02 6.956333035350567399e-03 1.957304669792592558e-02
3.089486873360264979e-03 8.343610895166952979e-02 1.257450376601804698e-01 0.000000000000000000e+00 5.697197470623890534e-04
5.259695626393288970e-02 2.279567449161792186e-02 8.687871868795037089e-02 0.000000000000000000e+00 5.698799662991867881e-02
5.648840360149481182e-02 0.000000000000000000e+00 2.942415456969824442e-02 0.000000000000000000e+00 8.489966928095830923e-02
4.198374973396321042e-02 0.000000000000000000e+00 2.151237485044755083e-03 0.000000000000000000e+00 4.675807091979908292e-02
1.034327262377697856e-02 0.000000000000000000e+00 1.116168127110198300e-03 0.000000000000000000e+00 9.363299220492478717e-03
6.561487365628531319e-03 6.808995582078710947e-04 3.105446457113980878e-04 0.000000000000000000e+00 0.000000000000000000e+00
0.000000000000000000e+00 0.000000000000000000e+00 0.000000000000000000e+00 0.000000000000000000e+00 0.000000000000000000e+00
0.000000000000000000e+00 0.000000000000000000e+00 0.000000000000000000e+00 0.000000000000000000e+00 0.000000000000000000e+00
0.000000000000000000e+00 0.000000000000000000e+00 0.000000000000000000e+00 0.000000000000000000e+00 0.000000000000000000e+00
0.000000000000000000e+00 0.000000000000000000e+00 0.000000000000000000e+00 0.000000000000000000e+00 0.000000000000000000e+00
0.000000000000000000e+00 0.000000000000000000e+00 0.000000000000000000e+00 0.000000000000000000e+00 0.000000000000000000e+00
0.000000000000000000e+00 0.000000000000000000e+00 0.000000000000000000e+00 0.000000000000000000e+00 0.000000000000000000e+00
0.000000000000000000e+00 0.000000000000000000e+00 0.000000000000000000e+00 0.000000000000000000e+00 0.000000000000000000e+00
4.134839406956449838e-03 0.000000000000000000e+00 1.227869846745349974e-03 0.000000000000000000e+00 2.684131555650404351e-03
4.620838903185892077e-02 0.000000000000000000e+00 6.334494977846705059e-03 0.000000000000000000e+00 2.900469260653955675e-02
5.325679002392363914e-02 0.000000000000000000e+00 4.309190963857102707e-02 0.000000000000000000e+00 1.043236904888141248e-01
2.694640655728225073e-02 0.000000000000000000e+00 8.312703943057571376e-02 5.747199640442924966e-03 1.341839566587268440e-01
2.834346146452698667e-03 6.679120143953776179e-02 1.012243174174881633e-01 5.278290128754404426e-02 5.523611408752935464e-02
2.263351341528578586e-02 1.100887856432258560e-01 5.307287008485832985e-02 9.104333476606159270e-02 0.000000000000000000e+00
5.988048338229119694e-02 1.008249166052213874e-01 0.000000000000000000e+00 1.075564249223758539e-01 0.000000000000000000e+00
7.745892241267238187e-02 7.243741940981721084e-02 0.000000000000000000e+00 1.038253610047704251e-01 0.000000000000000000e+00
9.426935598393741678e-02 1.140546460005770757e-01 0.000000000000000000e+00 6.563871039134892837e-02 0.000000000000000000e+00
7.302808287846798696e-02 1.360512086574076351e-01 2.813856314429913352e-02 5.189071122375702588e-02 0.000000000000000000e+00
2.244820633468939952e-02 1.063348751479591264e-01 7.379103282945896625e-02 6.828627935503156499e-02 9.765783083239826592e-03
2.847391313235934484e-03 1.871522487080280045e-02 7.364313129693102200e-02 1.122539136823153400e-01 8.959036904890155251e-02
1.749345759887533866e-02 0.000000000000000000e+00 5.318043620531427013e-02 1.297629033358293771e-01 1.142607631759161579e-01
1.924151277576140531e-02 1.888010472148533847e-02 3.952167295214607107e-02 1.053723980663382603e-01 9.639484750222834797e-02
0.000000000000000000e+00 8.266532545688359823e-02 8.467236485248275102e-02 4.396673188070730071e-02 2.741279878095695052e-02
0.000000000000000000e+00 7.105757170183243931e-02 1.234509381306493347e-01 0.000000000000000000e+00 0.000000000000000000e+00
6.186931304036638601e-02 0.000000000000000000e+00 8.245789666923543371e-02 0.000000000000000000e+00 6.682197031738879023e-02
8.765903390214797863e-02 0.000000000000000000e+00 2.050867969179190689e-02 0.000000000000000000e+00 9.170778022163482424e-02
5.357052723640637337e-02 0.000000000000000000e+00 0.000000000000000000e+00 0.000000000000000000e+00 3.632184167857554352e-02
2.157493440399168086e-02 0.000000000000000000e+00 0.000000000000000000e+00 0.000000000000000000e+00 2.760735155337377348e-03
7.157428473316665776e-03 0.000000000000000000e+00 0.000000000000000000e+00 0.000000000000000000e+00 0.000000000000000000e+00
0.000000000000000000e+00 0.000000000000000000e+00 0.000000000000000000e+00 0.000000000000000000e+00 0.000000000000000000e+00
0.000000000000000000e+00 0.000000000000000000e+00 0.000000000000000000e+00 0.000000000000000000e+00 0.000000000000000000e+00
0.000000000000000000e+00 0.000000000000000000e+00 0.000000000000000000e+00 0.000000000000000000e+00 0.000000000000000000e+00
0.000000000000000000e+00 0.000000000000000000e+00 0.000000000000000000e+00 0.000000000000000000e+00 0.000000000000000000e+00
0.000000000000000000e+00 0.000000000000000000e+00 0.000000000000000000e+00 0.000000000000000000e+00 0.000000000000000000e+00
0.000000000000000000e+00 0.000000000000000000e+00 0.000000000000000000e+00 0.000000000000000000e+00 0.000000000000000000e+00
2.724256822514928881e-06 4.987204617634998828e-05 0.000000000000000000e+00 0.000000000000000000e+00 1.499087748647728250e-04
1.047067347583595121e-04 8.844284782875721281e-04 0.000000000000000000e+00 0.000000000000000000e+00 1.453324299419320523e-02
1.731781187548280670e-02 0.000000000000000000e+00 1.147427001015751541e-02 0.000000000000000000e+00 6.348838836015287257e-02
3.314552813853107599e-02 0.000000000000000000e+00 5.086487434784243977e-02 0.000000000000000000e+00 1.398708212371229387e-01
1.854819341276529518e-02 1.539303318081698332e-02 9.083561928734210089e-02 0.000000000000000000e+00 1.414929726602646154e-01
1.087124556427087815e-02 7.602107141172695370e-02 9.423576278973991305e-02 5.717750222735756144e-02 4.863437113125630706e-02
5.194618658685107304e-02 1.141889857803498887e-01 3.514229760363899585e-02 1.002977672926163022e-01 0.000000000000000000e+00
9.910616786915144028e-02 7.677276678836493506e-02 0.000000000000000000e+00 1.279543271035226970e-01 0.000000000000000000e+00
7.819504346792621741e-02 1.022951032076331868e-01 0.000000000000000000e+00 9.597849851004378041e-02 0.000000000000000000e+00
6.172458064232465985e-02 1.221653297522951875e-01 1.325676200380709532e-02 4.785118323044736111e-02 4.534926837182081359e-03
1.502029787105508239e-02 1.013644410886514469e-01 7.484887479535315413e-02 2.812886067781896274e-02 3.336076562711511734e-02
0.000000000000000000e+00 4.159406228847490478e-02 9.636829301435659301e-02 5.087208085234661004e-02 5.648015003946191964e-02
0.000000000000000000e+00 0.000000000000000000e+00 6.959462192989258889e-02 9.260839737979797981e-02 1.065030120958949528e-01
1.380411593066003563e-02 1.445806714166160759e-02 2.527864441836969941e-02 8.658536158182686404e-02 1.031498994715801254e-01
2.750059747498942529e-03 5.884342961400230998e-02 3.135868234073961591e-02 9.111791415608483380e-02 8.432456032160952353e-02
0.000000000000000000e+00 6.214691975789875256e-02 8.654917992776187119e-02 7.956161723216403914e-02 4.529388983184025330e-02
8.206187813920353194e-03 3.508419579974356162e-02 1.154138365784371373e-01 2.918276889449394895e-02 9.832168683024153366e-03
9.267258883290041549e-02 0.000000000000000000e+00 6.328722093352824596e-02 0.000000000000000000e+00 6.333341837106361283e-02
9.116456186381835525e-02 0.000000000000000000e+00 1.073486741633602158e-02 0.000000000000000000e+00 6.991993156599675407e-02
4.647378204141049129e-02 0.000000000000000000e+00 0.000000000000000000e+00 0.000000000000000000e+00 2.109264525547410035e-02
1.780147904137860740e-02 0.000000000000000000e+00 0.000000000000000000e+00 0.000000000000000000e+00 1.266227534302876876e-03
7.187314728745140824e-03 0.000000000000000000e+00 0.000000000000000000e+00 0.000000000000000000e+00 2.541257727805293571e-04
0.000000000000000000e+00 0.000000000000000000e+00 0.000000000000000000e+00 0.000000000000000000e+00 0.000000000000000000e+00
0.000000000000000000e+00 0.000000000000000000e+00 0.000000000000000000e+00 0.000000000000000000e+00 0.000000000000000000e+00
0.000000000000000000e+00 0.000000000000000000e+00 0.000000000000000000e+00 0.000000000000000000e+00 0.000000000000000000e+00
0.000000000000000000e+00 0.000000000000000000e+00 0.000000000000000000e+00 0.000000000000000000e+00 0.000000000000000000e+00
0.000000000000000000e+00 0.000000000000000000e+00 0.000000000000000000e+00 0.000000000000000000e+00 0.000000000000000000e+00
0.000000000000000000e+00 0.000000000000000000e+00 0.000000000000000000e+00 0.000000000000000000e+00 0.000000000000000000e+00
9.080856075049811642e-07 1.662401539211666050e-05 0.000000000000000000e+00 0.000000000000000000e+00 4.996959162159090554e-05
0.000000000000000000e+00 0.000000000000000000e+00 0.000000000000000000e+00 0.000000000000000000e+00 2.043484560364966854e-02
0.000000000000000000e+00 0.000000000000000000e+00 1.432166478843555080e-02 0.000000000000000000e+00 7.418194821033034791e-02
9.081739327700099826e-03 0.000000000000000000e+00 4.936716129936892516e-02 0.000000000000000000e+00 1.550624750150445541e-01
6.785548739346228091e-03 4.063157787882486910e-02 8.976617806935319188e-02 0.000000000000000000e+00 1.402751573572368626e-01
2.179298246035405937e-02 7.050854930852390456e-02 8.403393310431969687e-02 6.353049042024810911e-02 5.451977991232542092e-02
8.440976564089439083e-02 9.205328696077948181e-02 3.982821763160689782e-02 1.130863104433542099e-01 0.000000000000000000e+00
1.060817648457322016e-01 9.164515647503539142e-02 0.000000000000000000e+00 1.144788582705748015e-01 0.000000000000000000e+00
7.441548739370335008e-02 1.235008507443402098e-01 4.792693075304327657e-03 5.924593078727147244e-02 0.000000000000000000e+00
1.350065919664450963e-02 1.156007454485045022e-01 5.552065989911311034e-02 5.731638318634209132e-03 2.682757697371858721e-02
0.000000000000000000e+00 6.495558163527187512e-02 1.114857164078747881e-01 3.991918165033611458e-03 3.088656849213849628e-02
0.000000000000000000e+00 2.760920167899024932e-02 9.736634412592595766e-02 2.608442716646941148e-02 4.393758949613898318e-02
1.023197577456900950e-04 4.295205975379492308e-02 5.983951149148102749e-02 2.874957771103759524e-02 8.444971635042346214e-02
5.818716974707688512e-03 8.687947477365695614e-02 5.067698461544376670e-02 2.885983132542280574e-02 6.183112307963226778e-02
0.000000000000000000e+00 7.139310224747046074e-02 7.988777596375444545e-02 7.415622442524211211e-02 4.459859707167625198e-02
0.000000000000000000e+00 2.495320401607849237e-02 1.053463528165336643e-01 9.298225456780226383e-02 3.682955519064675526e-02
5.758073224535164431e-02 0.000000000000000000e+00 8.663692655960854305e-02 6.010060301634887608e-02 3.723186139976748105e-02
1.258302577152033974e-01 0.000000000000000000e+00 2.168944983450916963e-02 5.756278953489711754e-03 4.635546260298725046e-02
8.518876808115394272e-02 0.000000000000000000e+00 0.000000000000000000e+00 0.000000000000000000e+00 3.589826314382189160e-02
2.589705787848062268e-02 0.000000000000000000e+00 0.000000000000000000e+00 1.755546536246956968e-03 1.628798574847447472e-02
1.114225140521021319e-02 0.000000000000000000e+00 5.476249492241575282e-04 1.995501874465270380e-03 7.942262090060863561e-03
2.077748520600611586e-03 0.000000000000000000e+00 1.203515120164329143e-04 4.060749628145209566e-04 1.583123974389355959e-03
0.000000000000000000e+00 0.000000000000000000e+00 0.000000000000000000e+00 0.000000000000000000e+00 0.000000000000000000e+00
0.000000000000000000e+00 0.000000000000000000e+00 0.000000000000000000e+00 0.000000000000000000e+00 0.000000000000000000e+00
0.000000000000000000e+00 0.000000000000000000e+00 0.000000000000000000e+00 0.000000000000000000e+00 0.000000000000000000e+00
0.000000000000000000e+00 0.000000000000000000e+00 0.000000000000000000e+00 0.000000000000000000e+00 0.000000000000000000e+00
0.000000000000000000e+00 0.000000000000000000e+00 0.000000000000000000e+00 0.000000000000000000e+00 0.000000000000000000e+00
0.000000000000000000e+00 0.000000000000000000e+00 0.000000000000000000e+00 0.000000000000000000e+00 0.000000000000000000e+00
5.448513645029857762e-06 9.974409235269997656e-05 0.000000000000000000e+00 0.000000000000000000e+00 2.998175497295456501e-04
0.000000000000000000e+00 1.439834069876407474e-03 0.000000000000000000e+00 0.000000000000000000e+00 2.570737811630822989e-02
0.000000000000000000e+00 0.000000000000000000e+00 1.044751071008024473e-02 0.000000000000000000e+00 7.060902345162953231e-02
0.000000000000000000e+00 6.304903042765551240e-03 4.099897928014007570e-02 0.000000000000000000e+00 1.660299843155200183e-01
0.000000000000000000e+00 4.545915525637372889e-02 8.189522445351093971e-02 0.000000000000000000e+00 1.575056205875663973e-01
1.564580551237699721e-02 5.208303399099652869e-02 8.542787828401028627e-02 6.262777222014415113e-02 7.730176522775970838e-02
8.688613534203623590e-02 5.831228887784936643e-02 6.091149352765604097e-02 1.188074205022611740e-01 0.000000000000000000e+00
1.027228136477831982e-01 1.010808195623913580e-01 3.677888441280089543e-02 8.177993293627765226e-02 0.000000000000000000e+00
7.226055112988971629e-02 1.114958907710303232e-01 4.804755360959837851e-02 2.641442137625600942e-02 1.003127579738527161e-02
1.817882394983394087e-02 8.841233285129224129e-02 8.810905764425656927e-02 0.000000000000000000e+00 2.811462661030930330e-02
0.000000000000000000e+00 7.790861919986480366e-02 1.208501398557542544e-01 0.000000000000000000e+00 4.248727936936120587e-03
0.000000000000000000e+00 1.020242947476302231e-01 1.089635204337878749e-01 0.000000000000000000e+00 0.000000000000000000e+00
0.000000000000000000e+00 1.025409738960661871e-01 9.669996044887177455e-02 0.000000000000000000e+00 8.245290399014825258e-03
0.000000000000000000e+00 8.238958028417914248e-02 1.042127159482807985e-01 4.259915649852661496e-02 9.064209019014536628e-03
0.000000000000000000e+00 3.653971424103505394e-02 1.089254221382788962e-01 9.424734105227584868e-02 1.238199013329566688e-02
3.771233019994904567e-02 0.000000000000000000e+00 8.429763396224096428e-02 1.043027266112730028e-01 3.533144440740874914e-02
1.219485396713860942e-01 0.000000000000000000e+00 2.456957049489797915e-02 6.113026846348814519e-02 4.670376497656963943e-02
1.203668033341544069e-01 0.000000000000000000e+00 0.000000000000000000e+00 2.483086222720407715e-02 3.667242426021578849e-02
6.409650035953184943e-02 0.000000000000000000e+00 0.000000000000000000e+00 3.562719350700727355e-03 2.595967379622945298e-02
2.102104225537229990e-02 0.000000000000000000e+00 0.000000000000000000e+00 6.601047265094727064e-04 1.215421219922330556e-02
2.204870096710056463e-03 0.000000000000000000e+00 7.176264850991588844e-05 3.266939240157032778e-04 1.366692842161262465e-03
0.000000000000000000e+00 0.000000000000000000e+00 7.404136086239875123e-05 1.278308416381145898e-04 3.641342227024718680e-04
0.000000000000000000e+00 0.000000000000000000e+00 0.000000000000000000e+00 0.000000000000000000e+00 0.000000000000000000e+00
0.000000000000000000e+00 0.000000000000000000e+00 0.000000000000000000e+00 0.000000000000000000e+00 0.000000000000000000e+00
0.000000000000000000e+00 0.000000000000000000e+00 0.000000000000000000e+00 0.000000000000000000e+00 0.000000000000000000e+00
0.000000000000000000e+00 0.000000000000000000e+00 0.000000000000000000e+00 0.000000000000000000e+00 0.000000000000000000e+00
0.000000000000000000e+00 0.000000000000000000e+00 0.000000000000000000e+00 0.000000000000000000e+00 0.000000000000000000e+00
0.000000000000000000e+00 0.000000000000000000e+00 0.000000000000000000e+00 0.000000000000000000e+00 0.000000000000000000e+00
9.080856075049811642e-07 1.662401539211666050e-05 0.000000000000000000e+00 0.000000000000000000e+00 4.996959162159090554e-05
0.000000000000000000e+00 3.067934234670011313e-04 0.000000000000000000e+00 0.000000000000000000e+00 1.262773837013868999e-02
0.000000000000000000e+00 0.000000000000000000e+00 7.901519705873915819e-03 0.000000000000000000e+00 6.818707160890069563e-02
0.000000000000000000e+00 2.070549213188549800e-02 2.852859742202328366e-02 0.000000000000000000e+00 1.511003650844625901e-01
0.000000000000000000e+00 4.806849740458962045e-02 6.326767282913661750e-02 0.000000000000000000e+00 1.730272658042311951e-01
0.000000000000000000e+00 3.368025506719953682e-02 8.868388961897656630e-02 4.754940457905874884e-02 1.173439975497338750e-01
1.174509298067066658e-02 3.379813473488021275e-02 8.720806845348659520e-02 1.027593223593319671e-01 6.810547095118080207e-02
4.441749161724740935e-02 8.773185068212560611e-02 8.188294306602032779e-02 7.975683023125811066e-02 3.122704396653675982e-02
5.200650298307821912e-02 1.035648161272167550e-01 9.169421533592073126e-02 4.402675247012650256e-02 2.180150236918150866e-02
3.298435141527621128e-02 9.676990593668458041e-02 1.108230437773470717e-01 1.415518083717976112e-02 2.058204752906884344e-02
1.235230786785350421e-02 1.104523927518560183e-01 1.206212060174353534e-01 0.000000000000000000e+00 9.798240482262519577e-03
0.000000000000000000e+00 1.099106857837799378e-01 1.240985910825591204e-01 0.000000000000000000e+00 2.925848570669260101e-03
0.000000000000000000e+00 8.621323001850876577e-02 1.210525362279643857e-01 3.731102232314250505e-02 0.000000000000000000e+00
2.256569899731532963e-02 3.851915972714468200e-02 1.063783753744245580e-01 9.114225963313199452e-02 1.196407492084104827e-03
6.620211933670881732e-02 0.000000000000000000e+00 7.009609899053906301e-02 1.305871642153493273e-01 1.920662917241365911e-02
1.195702250253297544e-01 0.000000000000000000e+00 1.812428744775272660e-02 9.862912807445115004e-02 4.230163725138452735e-02
1.355595290730269853e-01 0.000000000000000000e+00 0.000000000000000000e+00 4.869087914481110696e-02 4.708353779652693638e-02
9.274740093403528729e-02 0.000000000000000000e+00 0.000000000000000000e+00 2.298497668253868254e-02 3.147866051426379680e-02
3.185948498783228167e-02 0.000000000000000000e+00 0.000000000000000000e+00 4.674566769941317958e-03 2.282935445749593312e-02
1.183810567436140680e-02 0.000000000000000000e+00 0.000000000000000000e+00 9.533411268368928958e-04 1.128408724066160690e-02
0.000000000000000000e+00 0.000000000000000000e+00 0.000000000000000000e+00 0.000000000000000000e+00 0.000000000000000000e+00
0.000000000000000000e+00 0.000000000000000000e+00 0.000000000000000000e+00 0.000000000000000000e+00 0.000000000000000000e+00
0.000000000000000000e+00 0.000000000000000000e+00 0.000000000000000000e+00 0.000000000000000000e+00 0.000000000000000000e+00
0.000000000000000000e+00 0.000000000000000000e+00 0.000000000000000000e+00 0.000000000000000000e+00 0.000000000000000000e+00
0.000000000000000000e+00 0.000000000000000000e+00 0.000000000000000000e+00 0.000000000000000000e+00 0.000000000000000000e+00
0.000000000000000000e+00 0.000000000000000000e+00 0.000000000000000000e+00 0.000000000000000000e+00 0.000000000000000000e+00
0.000000000000000000e+00 0.000000000000000000e+00 0.000000000000000000e+00 0.000000000000000000e+00 0.000000000000000000e+00
0.000000000000000000e+00 0.000000000000000000e+00 0.000000000000000000e+00 0.000000000000000000e+00 0.000000000000000000e+00
0.000000000000000000e+00 0.000000000000000000e+00 0.000000000000000000e+00 0.000000000000000000e+00 0.000000000000000000e+00
0.000000000000000000e+00 1.035211517112897064e-03 3.258632902993643748e-04 0.000000000000000000e+00 5.586844627738800275e-04
0.000000000000000000e+00 7.844984602613291891e-03 2.609308217618707629e-03 0.000000000000000000e+00 2.272318980500045993e-02
0.000000000000000000e+00 2.889311282447506665e-02 8.855213558058579182e-03 0.000000000000000000e+00 1.007635088578338750e-01
0.000000000000000000e+00 6.105695254982793085e-02 3.644581402352063682e-02 0.000000000000000000e+00 1.446159930430693796e-01
0.000000000000000000e+00 5.654770665858993572e-02 6.743337538840381284e-02 0.000000000000000000e+00 1.361173907796051352e-01
0.000000000000000000e+00 5.789466501554284966e-02 8.412881095293275879e-02 5.563601356624832406e-02 1.055182356769512053e-01
2.524762985625895843e-03 7.547210624829607528e-02 9.455596736914136102e-02 7.513833810508958877e-02 5.850517991640172277e-02
4.269997000263563158e-02 8.912536158300635170e-02 9.974839812729530131e-02 7.957289701699951645e-02 2.299908894328075298e-02
4.681543537989270309e-02 9.189933721563631197e-02 1.109149628224537221e-01 5.869237089131614654e-02 4.564945801626746694e-03
4.483203414007693594e-02 8.589221113926023832e-02 1.113586214678349007e-01 5.199849810455122595e-02 4.408101068246725318e-03
4.270547809932077887e-02 6.706541065015361736e-02 1.089125918635129725e-01 6.934537397444755225e-02 0.000000000000000000e+00
5.798575445349547774e-02 2.754547580414041380e-02 9.510288935579970515e-02 9.951260279171147971e-02 0.000000000000000000e+00
9.038102436623306202e-02 0.000000000000000000e+00 4.709376463583535288e-02 1.330427876682984123e-01 2.798517357050969885e-03
1.278266098733326361e-01 0.000000000000000000e+00 0.000000000000000000e+00 1.331702879634739933e-01 4.270525004385465617e-02
1.248883048235170795e-01 0.000000000000000000e+00 0.000000000000000000e+00 6.729891152532850584e-02 3.478274409540412643e-02
9.562248796159246444e-02 0.000000000000000000e+00 0.000000000000000000e+00 3.339157129695369958e-02 2.933860125054020551e-02
5.505223690736450737e-02 0.000000000000000000e+00 0.000000000000000000e+00 1.471091001799836560e-02 2.770336907416078714e-02
1.991238835441765456e-02 0.000000000000000000e+00 0.000000000000000000e+00 2.542444895210561970e-03 2.209146130735271940e-02
1.074425300293754826e-02 0.000000000000000000e+00 0.000000000000000000e+00 2.036905193097098520e-03 1.439389316027816362e-02
4.848312773477742380e-03 0.000000000000000000e+00 0.000000000000000000e+00 9.710132990118885542e-04 6.679020137362579566e-03
9.414199560150953014e-04 0.000000000000000000e+00 0.000000000000000000e+00 1.885462716527940572e-04 1.296897114050988252e-03
0.000000000000000000e+00 0.000000000000000000e+00 0.000000000000000000e+00 0.000000000000000000e+00 0.000000000000000000e+00
0.000000000000000000e+00 0.000000000000000000e+00 0.000000000000000000e+00 0.000000000000000000e+00 0.000000000000000000e+00
0.000000000000000000e+00 0.000000000000000000e+00 0.000000000000000000e+00 0.000000000000000000e+00 0.000000000000000000e+00
0.000000000000000000e+00 0.000000000000000000e+00 0.000000000000000000e+00 0.000000000000000000e+00 0.000000000000000000e+00
0.000000000000000000e+00 0.000000000000000000e+00 0.000000000000000000e+00 0.000000000000000000e+00 0.000000000000000000e+00
0.000000000000000000e+00 0.000000000000000000e+00 0.000000000000000000e+00 0.000000000000000000e+00 0.000000000000000000e+00
0.000000000000000000e+00 0.000000000000000000e+00 0.000000000000000000e+00 0.000000000000000000e+00 0.000000000000000000e+00
0.000000000000000000e+00 1.551542235700732525e-03 3.546678761116989469e-04 3.097502158958056757e-05 5.919423776620450070e-04
0.000000000000000000e+00 8.384118442824221168e-03 3.136219646597560311e-04 0.000000000000000000e+00 1.354156255158042938e-03
0.000000000000000000e+00 2.625887404783246171e-02 0.000000000000000000e+00 0.000000000000000000e+00 2.671250967571920515e-02
0.000000000000000000e+00 5.823744433212711680e-02 0.000000000000000000e+00 0.000000000000000000e+00 8.174917100895986999e-02
0.000000000000000000e+00 7.490054241028487603e-02 2.482784959023574822e-02 0.000000000000000000e+00 1.032327754954907861e-01
0.000000000000000000e+00 8.021834300273304741e-02 4.506489747043659205e-02 3.405904891094481586e-03 1.062065578435873459e-01
0.000000000000000000e+00 7.144527109610376847e-02 6.028443635194073724e-02 5.461128380901802276e-02 7.520406049652300640e-02
0.000000000000000000e+00 6.835722437575167398e-02 7.408782211157592668e-02 9.313075753087637909e-02 1.651185126178971938e-02
4.559774096462122089e-02 5.761627710968165311e-02 7.301263222215530202e-02 1.107802104161225848e-01 0.000000000000000000e+00
5.525542476051953367e-02 3.098146592249718251e-02 6.812293600830227058e-02 1.231559614336230069e-01 0.000000000000000000e+00
6.931579762687506419e-02 8.236572456425814842e-03 4.507364717374118951e-02 1.326988881793155772e-01 0.000000000000000000e+00
9.705014724182277341e-02 0.000000000000000000e+00 1.233123401582550405e-02 1.416742610465047125e-01 0.000000000000000000e+00
1.158966470414018735e-01 0.000000000000000000e+00 0.000000000000000000e+00 1.210191991012352641e-01 2.834267018411438036e-02
1.080958004270673456e-01 0.000000000000000000e+00 0.000000000000000000e+00 8.421692516864107136e-02 3.629799308737668984e-02
9.149706147897483655e-02 0.000000000000000000e+00 0.000000000000000000e+00 4.372815734419324696e-02 2.157229915861297309e-02
4.967495904293486864e-02 0.000000000000000000e+00 0.000000000000000000e+00 2.091015033662932399e-02 1.807481586406071636e-02
8.780718949927698858e-03 0.000000000000000000e+00 0.000000000000000000e+00 1.960604078446047307e-03 3.162674601072224846e-03
5.739011018831501705e-04 0.000000000000000000e+00 0.000000000000000000e+00 2.873603518311089786e-05 4.850878135032724351e-04
0.000000000000000000e+00 0.000000000000000000e+00 0.000000000000000000e+00 0.000000000000000000e+00 0.000000000000000000e+00
0.000000000000000000e+00 0.000000000000000000e+00 0.000000000000000000e+00 0.000000000000000000e+00 0.000000000000000000e+00
0.000000000000000000e+00 0.000000000000000000e+00 0.000000000000000000e+00 0.000000000000000000e+00 0.000000000000000000e+00
0.000000000000000000e+00 0.000000000000000000e+00 0.000000000000000000e+00 0.000000000000000000e+00 0.000000000000000000e+00
0.000000000000000000e+00 0.000000000000000000e+00 0.000000000000000000e+00 0.000000000000000000e+00 0.000000000000000000e+00
0.000000000000000000e+00 0.000000000000000000e+00 0.000000000000000000e+00 0.000000000000000000e+00 0.000000000000000000e+00
0.000000000000000000e+00 0.000000000000000000e+00 0.000000000000000000e+00 0.000000000000000000e+00 0.000000000000000000e+00
0.000000000000000000e+00 0.000000000000000000e+00 0.000000000000000000e+00 0.000000000000000000e+00 0.000000000000000000e+00
0.000000000000000000e+00 0.000000000000000000e+00 0.000000000000000000e+00 0.000000000000000000e+00 0.000000000000000000e+00
0.000000000000000000e+00 0.000000000000000000e+00 0.000000000000000000e+00 0.000000000000000000e+00 0.000000000000000000e+00
0.000000000000000000e+00 0.000000000000000000e+00 0.000000000000000000e+00 0.000000000000000000e+00 0.000000000000000000e+00
5.974293067779863305e-06 7.987564778894225542e-04 0.000000000000000000e+00 0.000000000000000000e+00 0.000000000000000000e+00
0.000000000000000000e+00 1.343615693897177825e-02 0.000000000000000000e+00 0.000000000000000000e+00 1.083355518482484979e-02
0.000000000000000000e+00 2.706129464591891173e-02 0.000000000000000000e+00 0.000000000000000000e+00 1.965209476821605863e-02
0.000000000000000000e+00 3.973933209803594269e-02 0.000000000000000000e+00 0.000000000000000000e+00 2.377162940759912357e-02
0.000000000000000000e+00 5.886451659258938596e-02 0.000000000000000000e+00 0.000000000000000000e+00 2.201910580047149527e-02
9.113105540882520880e-03 3.804925573823848134e-02 0.000000000000000000e+00 1.892143801496558309e-02 2.603661377943237987e-02
3.722117636216237119e-02 1.315824882158649588e-02 0.000000000000000000e+00 6.923516521995616568e-02 2.071737086690478638e-02
6.509393575503111262e-02 7.243693565249772169e-03 0.000000000000000000e+00 1.038509790450087289e-01 0.000000000000000000e+00
9.057504572257350783e-02 0.000000000000000000e+00 0.000000000000000000e+00 1.279446252725695565e-01 2.382159911411377371e-03
9.998070268777926872e-02 0.000000000000000000e+00 0.000000000000000000e+00 1.255699831158133550e-01 2.303258795177391682e-02
8.602026281580699152e-02 0.000000000000000000e+00 0.000000000000000000e+00 1.008959004903797613e-01 2.602363819259560784e-02
6.325776076795004699e-02 0.000000000000000000e+00 0.000000000000000000e+00 6.998409645350214814e-02 2.059309484230804552e-02
4.792750522667822005e-02 0.000000000000000000e+00 0.000000000000000000e+00 4.048353289043290365e-02 1.752512731672061300e-02
2.508610070219551361e-02 0.000000000000000000e+00 0.000000000000000000e+00 1.830668353508944565e-02 1.022286396795058123e-02
1.944540529808528023e-03 0.000000000000000000e+00 0.000000000000000000e+00 4.402030344934013129e-03 0.000000000000000000e+00
0.000000000000000000e+00 0.000000000000000000e+00 0.000000000000000000e+00 0.000000000000000000e+00 0.000000000000000000e+00
0.000000000000000000e+00 0.000000000000000000e+00 0.000000000000000000e+00 0.000000000000000000e+00 0.000000000000000000e+00
0.000000000000000000e+00 0.000000000000000000e+00 0.000000000000000000e+00 0.000000000000000000e+00 0.000000000000000000e+00
0.000000000000000000e+00 0.000000000000000000e+00 0.000000000000000000e+00 0.000000000000000000e+00 0.000000000000000000e+00
0.000000000000000000e+00 0.000000000000000000e+00 0.000000000000000000e+00 0.000000000000000000e+00 0.000000000000000000e+00
0.000000000000000000e+00 0.000000000000000000e+00 0.000000000000000000e+00 0.000000000000000000e+00 0.000000000000000000e+00
0.000000000000000000e+00 0.000000000000000000e+00 0.000000000000000000e+00 0.000000000000000000e+00 0.000000000000000000e+00
0.000000000000000000e+00 0.000000000000000000e+00 0.000000000000000000e+00 0.000000000000000000e+00 0.000000000000000000e+00
0.000000000000000000e+00 0.000000000000000000e+00 0.000000000000000000e+00 0.000000000000000000e+00 0.000000000000000000e+00
0.000000000000000000e+00 0.000000000000000000e+00 0.000000000000000000e+00 0.000000000000000000e+00 0.000000000000000000e+00
0.000000000000000000e+00 0.000000000000000000e+00 0.000000000000000000e+00 0.000000000000000000e+00 0.000000000000000000e+00
0.000000000000000000e+00 0.000000000000000000e+00 0.000000000000000000e+00 0.000000000000000000e+00 0.000000000000000000e+00
0.000000000000000000e+00 0.000000000000000000e+00 0.000000000000000000e+00 0.000000000000000000e+00 0.000000000000000000e+00
0.000000000000000000e+00 0.000000000000000000e+00 0.000000000000000000e+00 0.000000000000000000e+00 0.000000000000000000e+00
0.000000000000000000e+00 1.095268652171266363e-03 0.000000000000000000e+00 0.000000000000000000e+00 8.858587975724861382e-04
0.000000000000000000e+00 3.918627844434970781e-03 0.000000000000000000e+00 0.000000000000000000e+00 3.169405920203784404e-03
0.000000000000000000e+00 9.444963495703628115e-03 0.000000000000000000e+00 0.000000000000000000e+00 1.384616636875338246e-03
0.000000000000000000e+00 8.038661977227513217e-03 0.000000000000000000e+00 0.000000000000000000e+00 0.000000000000000000e+00
0.000000000000000000e+00 0.000000000000000000e+00 0.000000000000000000e+00 0.000000000000000000e+00 0.000000000000000000e+00
1.478632810940943643e-03 1.327002295689497929e-03 0.000000000000000000e+00 3.383865652042628014e-03 0.000000000000000000e+00
8.563094163510720849e-03 7.782346674721983245e-04 0.000000000000000000e+00 1.883667459199337563e-02 0.000000000000000000e+00
1.183913132053313055e-02 2.832797788177431199e-06 0.000000000000000000e+00 2.138631083367413185e-02 0.000000000000000000e+00
8.676118889716361374e-03 0.000000000000000000e+00 0.000000000000000000e+00 1.749216716106719721e-02 5.606576557440668546e-03
7.803660853071828912e-03 0.000000000000000000e+00 0.000000000000000000e+00 1.617748218518250472e-02 6.840737964467160162e-03
7.194858139944780746e-03 0.000000000000000000e+00 0.000000000000000000e+00 1.174478444973126555e-02 7.594190168799583480e-03
6.875273017251107115e-03 0.000000000000000000e+00 0.000000000000000000e+00 1.468749004159351432e-02 7.352947030725719146e-03
1.014210062039412434e-03 0.000000000000000000e+00 0.000000000000000000e+00 8.095275153636793258e-03 1.249096439900274080e-03
0.000000000000000000e+00 0.000000000000000000e+00 0.000000000000000000e+00 2.609569109764622689e-03 0.000000000000000000e+00
0.000000000000000000e+00 0.000000000000000000e+00 0.000000000000000000e+00 0.000000000000000000e+00 0.000000000000000000e+00
0.000000000000000000e+00 0.000000000000000000e+00 0.000000000000000000e+00 0.000000000000000000e+00 0.000000000000000000e+00
0.000000000000000000e+00 0.000000000000000000e+00 0.000000000000000000e+00 0.000000000000000000e+00 0.000000000000000000e+00
0.000000000000000000e+00 0.000000000000000000e+00 0.000000000000000000e+00 0.000000000000000000e+00 0.000000000000000000e+00
0.000000000000000000e+00 0.000000000000000000e+00 0.000000000000000000e+00 0.000000000000000000e+00 0.000000000000000000e+00
0.000000000000000000e+00 0.000000000000000000e+00 0.000000000000000000e+00 0.000000000000000000e+00 0.000000000000000000e+00
0.000000000000000000e+00 0.000000000000000000e+00 0.000000000000000000e+00 0.000000000000000000e+00 0.000000000000000000e+00
0.000000000000000000e+00 0.000000000000000000e+00 0.000000000000000000e+00 0.000000000000000000e+00 0.000000000000000000e+00
0.000000000000000000e+00 0.000000000000000000e+00 0.000000000000000000e+00 0.000000000000000000e+00 0.000000000000000000e+00
0.000000000000000000e+00 0.000000000000000000e+00 0.000000000000000000e+00 0.000000000000000000e+00 0.000000000000000000e+00
0.000000000000000000e+00 0.000000000000000000e+00 0.000000000000000000e+00 0.000000000000000000e+00 0.000000000000000000e+00
0.000000000000000000e+00 0.000000000000000000e+00 0.000000000000000000e+00 0.000000000000000000e+00 0.000000000000000000e+00
0.000000000000000000e+00 0.000000000000000000e+00 0.000000000000000000e+00 0.000000000000000000e+00 0.000000000000000000e+00
0.000000000000000000e+00 0.000000000000000000e+00 0.000000000000000000e+00 0.000000000000000000e+00 0.000000000000000000e+00
0.000000000000000000e+00 0.000000000000000000e+00 0.000000000000000000e+00 0.000000000000000000e+00 0.000000000000000000e+00
0.000000000000000000e+00 0.000000000000000000e+00 0.000000000000000000e+00 0.000000000000000000e+00 0.000000000000000000e+00
0.000000000000000000e+00 0.000000000000000000e+00 0.000000000000000000e+00 0.000000000000000000e+00 0.000000000000000000e+00
0.000000000000000000e+00 0.000000000000000000e+00 0.000000000000000000e+00 0.000000000000000000e+00 0.000000000000000000e+00
0.000000000000000000e+00 0.000000000000000000e+00 0.000000000000000000e+00 0.000000000000000000e+00 0.000000000000000000e+00
0.000000000000000000e+00 0.000000000000000000e+00 0.000000000000000000e+00 0.000000000000000000e+00 0.000000000000000000e+00
0.000000000000000000e+00 0.000000000000000000e+00 0.000000000000000000e+00 0.000000000000000000e+00 0.000000000000000000e+00
0.000000000000000000e+00 0.000000000000000000e+00 0.000000000000000000e+00 0.000000000000000000e+00 0.000000000000000000e+00
0.000000000000000000e+00 0.000000000000000000e+00 0.000000000000000000e+00 0.000000000000000000e+00 0.000000000000000000e+00
0.000000000000000000e+00 0.000000000000000000e+00 0.000000000000000000e+00 0.000000000000000000e+00 0.000000000000000000e+00
0.000000000000000000e+00 0.000000000000000000e+00 0.000000000000000000e+00 0.000000000000000000e+00 0.000000000000000000e+00
0.000000000000000000e+00 0.000000000000000000e+00 0.000000000000000000e+00 0.000000000000000000e+00 0.000000000000000000e+00
0.000000000000000000e+00 0.000000000000000000e+00 0.000000000000000000e+00 0.000000000000000000e+00 0.000000000000000000e+00
0.000000000000000000e+00 0.000000000000000000e+00 0.000000000000000000e+00 0.000000000000000000e+00 0.000000000000000000e+00
0.000000000000000000e+00 0.000000000000000000e+00 0.000000000000000000e+00 0.000000000000000000e+00 0.000000000000000000e+00
0.000000000000000000e+00 0.000000000000000000e+00 0.000000000000000000e+00 0.000000000000000000e+00 0.000000000000000000e+00
0.000000000000000000e+00 0.000000000000000000e+00 0.000000000000000000e+00 0.000000000000000000e+00 0.000000000000000000e+00
0.000000000000000000e+00 0.000000000000000000e+00 0.000000000000000000e+00 0.000000000000000000e+00 0.000000000000000000e+00
0.000000000000000000e+00 0.000000000000000000e+00 0.000000000000000000e+00 0.000000000000000000e+00 0.000000000000000000e+00
0.000000000000000000e+00 0.000000000000000000e+00 0.000000000000000000e+00 0.000000000000000000e+00 0.000000000000000000e+00
0.000000000000000000e+00 0.000000000000000000e+00 0.000000000000000000e+00 0.000000000000000000e+00 0.000000000000000000e+00
0.000000000000000000e+00 0.000000000000000000e+00 0.000000000000000000e+00 0.000000000000000000e+00 0.000000000000000000e+00
0.000000000000000000e+00 0.000000000000000000e+00 0.000000000000000000e+00 0.000000000000000000e+00 0.000000000000000000e+00
0.000000000000000000e+00 0.000000000000000000e+00 0.000000000000000000e+00 0.000000000000000000e+00 0.000000000000000000e+00
0.000000000000000000e+00 0.000000000000000000e+00 0.000000000000000000e+00 0.000000000000000000e+00 0.000000000000000000e+00
0.000000000000000000e+00 0.000000000000000000e+00 0.000000000000000000e+00 0.000000000000000000e+00 0.000000000000000000e+00
0.000000000000000000e+00 0.000000000000000000e+00 0.000000000000000000e+00 0.000000000000000000e+00 0.000000000000000000e+00
0.000000000000000000e+00 0.000000000000000000e+00 0.000000000000000000e+00 0.000000000000000000e+00 0.000000000000000000e+00
0.000000000000000000e+00 0.000000000000000000e+00 0.000000000000000000e+00 0.000000000000000000e+00 0.000000000000000000e+00
0.000000000000000000e+00 0.000000000000000000e+00 0.000000000000000000e+00 0.000000000000000000e+00 0.000000000000000000e+00
0.000000000000000000e+00 0.000000000000000000e+00 0.000000000000000000e+00 0.000000000000000000e+00 0.000000000000000000e+00
0.000000000000000000e+00 0.000000000000000000e+00 0.000000000000000000e+00 0.000000000000000000e+00 0.000000000000000000e+00
0.000000000000000000e+00 0.000000000000000000e+00 0.000000000000000000e+00 0.000000000000000000e+00 0.000000000000000000e+00
0.000000000000000000e+00 0.000000000000000000e+00 0.000000000000000000e+00 0.000000000000000000e+00 0.000000000000000000e+00
0.000000000000000000e+00 0.000000000000000000e+00 0.000000000000000000e+00 0.000000000000000000e+00 0.000000000000000000e+00
0.000000000000000000e+00 0.000000000000000000e+00 0.000000000000000000e+00 0.000000000000000000e+00 0.000000000000000000e+00
0.000000000000000000e+00 0.000000000000000000e+00 0.000000000000000000e+00 0.000000000000000000e+00 0.000000000000000000e+00
0.000000000000000000e+00 0.000000000000000000e+00 0.000000000000000000e+00 0.000000000000000000e+00 0.000000000000000000e+00
0.000000000000000000e+00 0.000000000000000000e+00 0.000000000000000000e+00 0.000000000000000000e+00 0.000000000000000000e+00
0.000000000000000000e+00 0.000000000000000000e+00 0.000000000000000000e+00 0.000000000000000000e+00 0.000000000000000000e+00
0.000000000000000000e+00 0.000000000000000000e+00 0.000000000000000000e+00 0.000000000000000000e+00 0.000000000000000000e+00
0.000000000000000000e+00 0.000000000000000000e+00 0.000000000000000000e+00 0.000000000000000000e+00 0.000000000000000000e+00
0.000000000000000000e+00 0.000000000000000000e+00 0.000000000000000000e+00 0.000000000000000000e+00 0.000000000000000000e+00
0.000000000000000000e+00 0.000000000000000000e+00 0.000000000000000000e+00 0.000000000000000000e+00 0.000000000000000000e+00
0.000000000000000000e+00 0.000000000000000000e+00 0.000000000000000000e+00 0.000000000000000000e+00 0.000000000000000000e+00
0.000000000000000000e+00 0.000000000000000000e+00 0.000000000000000000e+00 0.000000000000000000e+00 0.000000000000000000e+00
0.000000000000000000e+00 0.000000000000000000e+00 0.000000000000000000e+00 0.000000000000000000e+00 0.000000000000000000e+00
0.000000000000000000e+00 0.000000000000000000e+00 0.000000000000000000e+00 0.000000000000000000e+00 0.000000000000000000e+00
0.000000000000000000e+00 0.000000000000000000e+00 0.000000000000000000e+00 0.000000000000000000e+00 0.000000000000000000e+00
0.000000000000000000e+00 0.000000000000000000e+00 0.000000000000000000e+00 0.000000000000000000e+00 0.000000000000000000e+00
0.000000000000000000e+00 0.000000000000000000e+00 0.000000000000000000e+00 0.000000000000000000e+00 0.000000000000000000e+00
0.000000000000000000e+00 0.000000000000000000e+00 0.000000000000000000e+00 0.000000000000000000e+00 0.000000000000000000e+00
0.000000000000000000e+00 0.000000000000000000e+00 0.000000000000000000e+00 0.000000000000000000e+00 0.000000000000000000e+00
0.000000000000000000e+00 0.000000000000000000e+00 0.000000000000000000e+00 0.000000000000000000e+00 0.000000000000000000e+00
0.000000000000000000e+00 0.000000000000000000e+00 0.000000000000000000e+00 0.000000000000000000e+00 0.000000000000000000e+00
0.000000000000000000e+00 0.000000000000000000e+00 0.000000000000000000e+00 0.000000000000000000e+00 0.000000000000000000e+00
0.000000000000000000e+00 0.000000000000000000e+00 0.000000000000000000e+00 0.000000000000000000e+00 0.000000000000000000e+00
0.000000000000000000e+00 0.000000000000000000e+00 0.000000000000000000e+00 0.000000000000000000e+00 0.000000000000000000e+00
0.000000000000000000e+00 0.000000000000000000e+00 0.000000000000000000e+00 0.000000000000000000e+00 0.000000000000000000e+00
0.000000000000000000e+00 0.000000000000000000e+00 0.000000000000000000e+00 0.000000000000000000e+00 0.000000000000000000e+00
0.000000000000000000e+00 0.000000000000000000e+00 0.000000000000000000e+00 0.000000000000000000e+00 0.000000000000000000e+00
0.000000000000000000e+00 0.000000000000000000e+00 0.000000000000000000e+00 0.000000000000000000e+00 0.000000000000000000e+00
0.000000000000000000e+00 0.000000000000000000e+00 0.000000000000000000e+00 0.000000000000000000e+00 0.000000000000000000e+00
0.000000000000000000e+00 0.000000000000000000e+00 0.000000000000000000e+00 0.000000000000000000e+00 0.000000000000000000e+00
0.000000000000000000e+00 0.000000000000000000e+00 0.000000000000000000e+00 0.000000000000000000e+00 0.000000000000000000e+00
0.000000000000000000e+00 0.000000000000000000e+00 0.000000000000000000e+00 0.000000000000000000e+00 0.000000000000000000e+00
0.000000000000000000e+00 0.000000000000000000e+00 0.000000000000000000e+00 0.000000000000000000e+00 0.000000000000000000e+00
0.000000000000000000e+00 0.000000000000000000e+00 0.000000000000000000e+00 0.000000000000000000e+00 0.000000000000000000e+00
0.000000000000000000e+00 0.000000000000000000e+00 0.000000000000000000e+00 0.000000000000000000e+00 0.000000000000000000e+00
0.000000000000000000e+00 0.000000000000000000e+00 0.000000000000000000e+00 0.000000000000000000e+00 0.000000000000000000e+00
0.000000000000000000e+00 0.000000000000000000e+00 0.000000000000000000e+00 0.000000000000000000e+00 0.000000000000000000e+00
0.000000000000000000e+00 0.000000000000000000e+00 0.000000000000000000e+00 0.000000000000000000e+00 0.000000000000000000e+00
0.000000000000000000e+00 0.000000000000000000e+00 0.000000000000000000e+00 0.000000000000000000e+00 0.000000000000000000e+00
0.000000000000000000e+00 0.000000000000000000e+00 0.000000000000000000e+00 0.000000000000000000e+00 0.000000000000000000e+00
0.000000000000000000e+00 0.000000000000000000e+00 0.000000000000000000e+00 0.000000000000000000e+00 0.000000000000000000e+00
0.000000000000000000e+00 0.000000000000000000e+00 0.000000000000000000e+00 0.000000000000000000e+00 0.000000000000000000e+00
0.000000000000000000e+00 0.000000000000000000e+00 0.000000000000000000e+00 0.000000000000000000e+00 0.000000000000000000e+00
0.000000000000000000e+00 0.000000000000000000e+00 0.000000000000000000e+00 0.000000000000000000e+00 0.000000000000000000e+00
0.000000000000000000e+00 0.000000000000000000e+00 0.000000000000000000e+00 0.000000000000000000e+00 0.000000000000000000e+00
0.000000000000000000e+00 0.000000000000000000e+00 0.000000000000000000e+00 0.000000000000000000e+00 0.000000000000000000e+00
0.000000000000000000e+00 0.000000000000000000e+00 0.000000000000000000e+00 0.000000000000000000e+00 0.000000000000000000e+00
0.000000000000000000e+00 0.000000000000000000e+00 0.000000000000000000e+00 0.000000000000000000e+00 0.000000000000000000e+00
0.000000000000000000e+00 0.000000000000000000e+00 0.000000000000000000e+00 0.000000000000000000e+00 0.000000000000000000e+00
0.000000000000000000e+00 0.000000000000000000e+00 0.000000000000000000e+00 0.000000000000000000e+00 0.000000000000000000e+00
0.000000000000000000e+00 0.000000000000000000e+00 0.000000000000000000e+00 0.000000000000000000e+00 0.000000000000000000e+00
0.000000000000000000e+00 0.000000000000000000e+00 0.000000000000000000e+00 0.000000000000000000e+00 0.000000000000000000e+00
0.000000000000000000e+00 0.000000000000000000e+00 0.000000000000000000e+00 0.000000000000000000e+00 0.000000000000000000e+00
0.000000000000000000e+00 0.000000000000000000e+00 0.000000000000000000e+00 0.000000000000000000e+00 0.000000000000000000e+00
0.000000000000000000e+00 0.000000000000000000e+00 0.000000000000000000e+00 0.000000000000000000e+00 0.000000000000000000e+00
0.000000000000000000e+00 0.000000000000000000e+00 0.000000000000000000e+00 0.000000000000000000e+00 0.000000000000000000e+00
0.000000000000000000e+00 0.000000000000000000e+00 0.000000000000000000e+00 0.000000000000000000e+00 0.000000000000000000e+00
0.000000000000000000e+00 0.000000000000000000e+00 0.000000000000000000e+00 0.000000000000000000e+00 0.000000000000000000e+00
0.000000000000000000e+00 0.000000000000000000e+00 0.000000000000000000e+00 0.000000000000000000e+00 0.000000000000000000e+00
0.000000000000000000e+00 0.000000000000000000e+00 0.000000000000000000e+00 0.000000000000000000e+00 0.000000000000000000e+00
0.000000000000000000e+00 0.000000000000000000e+00 0.000000000000000000e+00 0.000000000000000000e+00 0.000000000000000000e+00
0.000000000000000000e+00 0.000000000000000000e+00 0.000000000000000000e+00 0.000000000000000000e+00 0.000000000000000000e+00
0.000000000000000000e+00 0.000000000000000000e+00 0.000000000000000000e+00 0.000000000000000000e+00 0.000000000000000000e+00
0.000000000000000000e+00 0.000000000000000000e+00 0.000000000000000000e+00 0.000000000000000000e+00 0.000000000000000000e+00
0.000000000000000000e+00 0.000000000000000000e+00 0.000000000000000000e+00 0.000000000000000000e+00 0.000000000000000000e+00
0.000000000000000000e+00 0.000000000000000000e+00 0.000000000000000000e+00 0.000000000000000000e+00 0.000000000000000000e+00
0.000000000000000000e+00 0.000000000000000000e+00 0.000000000000000000e+00 0.000000000000000000e+00 0.000000000000000000e+00
0.000000000000000000e+00 0.000000000000000000e+00 0.000000000000000000e+00 0.000000000000000000e+00 0.000000000000000000e+00
0.000000000000000000e+00 0.000000000000000000e+00 0.000000000000000000e+00 0.000000000000000000e+00 0.000000000000000000e+00
0.000000000000000000e+00 0.000000000000000000e+00 0.000000000000000000e+00 0.000000000000000000e+00 0.000000000000000000e+00
0.000000000000000000e+00 0.000000000000000000e+00 0.000000000000000000e+00 0.000000000000000000e+00 0.000000000000000000e+00
