0.000000000000000000e+00 0.000000000000000000e+00 0.000000000000000000e+00 0.000000000000000000e+00 0.000000000000000000e+00
0.000000000000000000e+00 0.000000000000000000e+00 0.000000000000000000e+00 0.000000000000000000e+00 0.000000000000000000e+00
0.000000000000000000e+00 0.000000000000000000e+00 0.000000000000000000e+00 0.000000000000000000e+00 0.000000000000000000e+00
0.000000000000000000e+00 0.000000000000000000e+00 0.000000000000000000e+00 0.000000000000000000e+00 0.000000000000000000e+00
0.000000000000000000e+00 0.000000000000000000e+00 0.000000000000000000e+00 0.000000000000000000e+00 0.000000000000000000e+00
0.000000000000000000e+00 0.000000000000000000e+00 0.000000000000000000e+00 0.000000000000000000e+00 0.000000000000000000e+00
0.000000000000000000e+00 0.000000000000000000e+00 0.000000000000000000e+00 0.000000000000000000e+00 0.000000000000000000e+00
0.000000000000000000e+00 0.000000000000000000e+00 0.000000000000000000e+00 0.000000000000000000e+00 0.000000000000000000e+00
0.000000000000000000e+00 0.000000000000000000e+00 0.000000000000000000e+00 0.000000000000000000e+00 0.000000000000000000e+00
0.000000000000000000e+00 0.000000000000000000e+00 0.000000000000000000e+00 0.000000000000000000e+00 0.000000000000000000e+00
0.000000000000000000e+00 0.000000000000000000e+00 0.000000000000000000e+00 0.000000000000000000e+00 0.000000000000000000e+00
0.000000000000000000e+00 0.000000000000000000e+00 0.000000000000000000e+00 0.000000000000000000e+00 0.000000000000000000e+00
0.000000000000000000e+00 0.000000000000000000e+00 0.000000000000000000e+00 0.000000000000000000e+00 0.000000000000000000e+00
0.000000000000000000e+00 0.000000000000000000e+00 0.000000000000000000e+00 0.000000000000000000e+00 0.000000000000000000e+00
0.000000000000000000e+00 0.000000000000000000e+00 0.000000000000000000e+00 0.000000000000000000e+00 0.000000000000000000e+00
0.000000000000000000e+00 0.000000000000000000e+00 0.000000000000000000e+00 0.000000000000000000e+00 0.000000000000000000e+00
0.000000000000000000e+00 0.000000000000000000e+00 0.000000000000000000e+00 0.000000000000000000e+00 0.000000000000000000e+00
0.000000000000000000e+00 0.000000000000000000e+00 0.000000000000000000e+00 0.000000000000000000e+00 0.000000000000000000e+00
0.000000000000000000e+00 0.000000000000000000e+00 0.000000000000000000e+00 0.000000000000000000e+00 0.000000000000000000e+00
0.000000000000000000e+00 0.000000000000000000e+00 0.000000000000000000e+00 0.000000000000000000e+00 0.000000000000000000e+00
0.000000000000000000e+00 0.000000000000000000e+00 0.000000000000000000e+00 0.000000000000000000e+00 0.000000000000000000e+00
0.000000000000000000e+00 0.000000000000000000e+00 0.000000000000000000e+00 0.000000000000000000e+00 0.000000000000000000e+00
0.000000000000000000e+00 0.000000000000000000e+00 0.000000000000000000e+00 0.000000000000000000e+00 0.000000000000000000e+00
0.000000000000000000e+00 0.000000000000000000e+00 0.000000000000000000e+00 0.000000000000000000e+00 0.000000000000000000e+00
0.000000000000000000e+00 0.000000000000000000e+00 0.000000000000000000e+00 0.000000000000000000e+00 0.000000000000000000e+00
0.000000000000000000e+00 0.000000000000000000e+00 0.000000000000000000e+00 0.000000000000000000e+00 0.000000000000000000e+00
0.000000000000000000e+00 0.000000000000000000e+00 0.000000000000000000e+00 0.000000000000000000e+00 0.000000000000000000e+00
0.000000000000000000e+00 0.000000000000000000e+00 0.000000000000000000e+00 0.000000000000000000e+00 0.000000000000000000e+00
0.000000000000000000e+00 0.000000000000000000e+00 0.000000000000000000e+00 0.000000000000000000e+00 0.000000000000000000e+00
0.000000000000000000e+00 0.000000000000000000e+00 0.000000000000000000e+00 0.000000000000000000e+00 0.000000000000000000e+00
0.000000000000000000e+00 0.000000000000000000e+00 0.000000000000000000e+00 0.000000000000000000e+00 0.000000000000000000e+00
0.000000000000000000e+00 0.000000000000000000e+00 0.000000000000000000e+00 0.000000000000000000e+00 0.000000000000000000e+00
0.000000000000000000e+00 0.000000000000000000e+00 0.000000000000000000e+00 0.000000000000000000e+00 0.000000000000000000e+00
0.000000000000000000e+00 0.000000000000000000e+00 0.000000000000000000e+00 0.000000000000000000e+00 0.000000000000000000e+00
0.000000000000000000e+00 0.000000000000000000e+00 0.000000000000000000e+00 0.000000000000000000e+00 0.000000000000000000e+00
0.000000000000000000e+00 0.000000000000000000e+00 0.000000000000000000e+00 0.000000000000000000e+00 0.000000000000000000e+00
0.000000000000000000e+00 0.000000000000000000e+00 0.000000000000000000e+00 0.000000000000000000e+00 0.000000000000000000e+00
0.000000000000000000e+00 0.000000000000000000e+00 0.000000000000000000e+00 0.000000000000000000e+00 0.000000000000000000e+00
0.000000000000000000e+00 0.000000000000000000e+00 0.000000000000000000e+00 0.000000000000000000e+00 0.000000000000000000e+00
0.000000000000000000e+00 0.000000000000000000e+00 0.000000000000000000e+00 0.000000000000000000e+00 0.000000000000000000e+00
0.000000000000000000e+00 0.000000000000000000e+00 0.000000000000000000e+00 0.000000000000000000e+00 0.000000000000000000e+00
0.000000000000000000e+00 0.000000000000000000e+00 0.000000000000000000e+00 0.000000000000000000e+00 0.000000000000000000e+00
0.000000000000000000e+00 0.000000000000000000e+00 0.000000000000000000e+00 0.000000000000000000e+00 0.000000000000000000e+00
0.000000000000000000e+00 0.000000000000000000e+00 0.000000000000000000e+00 0.000000000000000000e+00 0.000000000000000000e+00
0.000000000000000000e+00 0.000000000000000000e+00 0.000000000000000000e+00 0.000000000000000000e+00 0.000000000000000000e+00
0.000000000000000000e+00 0.000000000000000000e+00 0.000000000000000000e+00 0.000000000000000000e+00 0.000000000000000000e+00
0.000000000000000000e+00 0.000000000000000000e+00 0.000000000000000000e+00 0.000000000000000000e+00 0.000000000000000000e+00
0.000000000000000000e+00 0.000000000000000000e+00 0.000000000000000000e+00 0.000000000000000000e+00 0.000000000000000000e+00
0.000000000000000000e+00 0.000000000000000000e+00 0.000000000000000000e+00 0.000000000000000000e+00 0.000000000000000000e+00
0.000000000000000000e+00 0.000000000000000000e+00 0.000000000000000000e+00 0.000000000000000000e+00 0.000000000000000000e+00
0.000000000000000000e+00 0.000000000000000000e+00 0.000000000000000000e+00 0.000000000000000000e+00 0.000000000000000000e+00
0.000000000000000000e+00 0.000000000000000000e+00 0.000000000000000000e+00 0.000000000000000000e+00 0.000000000000000000e+00
0.000000000000000000e+00 0.000000000000000000e+00 0.000000000000000000e+00 0.000000000000000000e+00 0.000000000000000000e+00
0.000000000000000000e+00 0.000000000000000000e+00 0.000000000000000000e+00 0.000000000000000000e+00 0.000000000000000000e+00
0.000000000000000000e+00 0.000000000000000000e+00 0.000000000000000000e+00 0.000000000000000000e+00 0.000000000000000000e+00
0.000000000000000000e+00 0.000000000000000000e+00 0.000000000000000000e+00 0.000000000000000000e+00 0.000000000000000000e+00
0.000000000000000000e+00 0.000000000000000000e+00 0.000000000000000000e+00 0.000000000000000000e+00 0.000000000000000000e+00
0.000000000000000000e+00 0.000000000000000000e+00 0.000000000000000000e+00 0.000000000000000000e+00 0.000000000000000000e+00
0.000000000000000000e+00 0.000000000000000000e+00 0.000000000000000000e+00 0.000000000000000000e+00 0.000000000000000000e+00
0.000000000000000000e+00 0.000000000000000000e+00 0.000000000000000000e+00 0.000000000000000000e+00 0.000000000000000000e+00
0.000000000000000000e+00 0.000000000000000000e+00 0.000000000000000000e+00 0.000000000000000000e+00 0.000000000000000000e+00
0.000000000000000000e+00 0.000000000000000000e+00 0.000000000000000000e+00 0.000000000000000000e+00 0.000000000000000000e+00
0.000000000000000000e+00 0.000000000000000000e+00 0.000000000000000000e+00 0.000000000000000000e+00 0.000000000000000000e+00
0.000000000000000000e+00 0.000000000000000000e+00 0.000000000000000000e+00 0.000000000000000000e+00 0.000000000000000000e+00
0.000000000000000000e+00 0.000000000000000000e+00 0.000000000000000000e+00 0.000000000000000000e+00 0.000000000000000000e+00
0.000000000000000000e+00 0.000000000000000000e+00 0.000000000000000000e+00 0.000000000000000000e+00 0.000000000000000000e+00
0.000000000000000000e+00 0.000000000000000000e+00 0.000000000000000000e+00 0.000000000000000000e+00 0.000000000000000000e+00
0.000000000000000000e+00 0.000000000000000000e+00 0.000000000000000000e+00 0.000000000000000000e+00 0.000000000000000000e+00
0.000000000000000000e+00 0.000000000000000000e+00 0.000000000000000000e+00 0.000000000000000000e+00 0.000000000000000000e+00
0.000000000000000000e+00 0.000000000000000000e+00 0.000000000000000000e+00 0.000000000000000000e+00 0.000000000000000000e+00
0.000000000000000000e+00 0.000000000000000000e+00 0.000000000000000000e+00 0.000000000000000000e+00 0.000000000000000000e+00
0.000000000000000000e+00 0.000000000000000000e+00 0.000000000000000000e+00 0.000000000000000000e+00 0.000000000000000000e+00
0.000000000000000000e+00 0.000000000000000000e+00 0.000000000000000000e+00 0.000000000000000000e+00 0.000000000000000000e+00
0.000000000000000000e+00 0.000000000000000000e+00 0.000000000000000000e+00 0.000000000000000000e+00 0.000000000000000000e+00
0.000000000000000000e+00 0.000000000000000000e+00 0.000000000000000000e+00 0.000000000000000000e+00 0.000000000000000000e+00
0.000000000000000000e+00 0.000000000000000000e+00 0.000000000000000000e+00 0.000000000000000000e+00 0.000000000000000000e+00
0.000000000000000000e+00 0.000000000000000000e+00 0.000000000000000000e+00 0.000000000000000000e+00 0.000000000000000000e+00
0.000000000000000000e+00 0.000000000000000000e+00 0.000000000000000000e+00 0.000000000000000000e+00 0.000000000000000000e+00
0.000000000000000000e+00 0.000000000000000000e+00 0.000000000000000000e+00 0.000000000000000000e+00 0.000000000000000000e+00
0.000000000000000000e+00 0.000000000000000000e+00 0.000000000000000000e+00 0.000000000000000000e+00 0.000000000000000000e+00
0.000000000000000000e+00 0.000000000000000000e+00 0.000000000000000000e+00 0.000000000000000000e+00 0.000000000000000000e+00
0.000000000000000000e+00 0.000000000000000000e+00 0.000000000000000000e+00 0.000000000000000000e+00 0.000000000000000000e+00
0.000000000000000000e+00 0.000000000000000000e+00 0.000000000000000000e+00 0.000000000000000000e+00 0.000000000000000000e+00
0.000000000000000000e+00 0.000000000000000000e+00 0.000000000000000000e+00 0.000000000000000000e+00 0.000000000000000000e+00
0.000000000000000000e+00 0.000000000000000000e+00 0.000000000000000000e+00 0.000000000000000000e+00 0.000000000000000000e+00
0.000000000000000000e+00 0.000000000000000000e+00 0.000000000000000000e+00 0.000000000000000000e+00 0.000000000000000000e+00
0.000000000000000000e+00 0.000000000000000000e+00 0.000000000000000000e+00 0.000000000000000000e+00 0.000000000000000000e+00
0.000000000000000000e+00 0.000000000000000000e+00 0.000000000000000000e+00 0.000000000000000000e+00 0.000000000000000000e+00
0.000000000000000000e+00 0.000000000000000000e+00 0.000000000000000000e+00 0.000000000000000000e+00 0.000000000000000000e+00
0.000000000000000000e+00 0.000000000000000000e+00 0.000000000000000000e+00 0.000000000000000000e+00 0.000000000000000000e+00
0.000000000000000000e+00 0.000000000000000000e+00 0.000000000000000000e+00 0.000000000000000000e+00 0.000000000000000000e+00
0.000000000000000000e+00 0.000000000000000000e+00 0.000000000000000000e+00 0.000000000000000000e+00 0.000000000000000000e+00
0.000000000000000000e+00 0.000000000000000000e+00 0.000000000000000000e+00 0.000000000000000000e+00 0.000000000000000000e+00
0.000000000000000000e+00 0.000000000000000000e+00 0.000000000000000000e+00 0.000000000000000000e+00 0.000000000000000000e+00
0.000000000000000000e+00 0.000000000000000000e+00 0.000000000000000000e+00 0.000000000000000000e+00 0.000000000000000000e+00
0.000000000000000000e+00 0.000000000000000000e+00 0.000000000000000000e+00 0.000000000000000000e+00 0.000000000000000000e+00
0.000000000000000000e+00 0.000000000000000000e+00 0.000000000000000000e+00 0.000000000000000000e+00 0.000000000000000000e+00
0.000000000000000000e+00 0.000000000000000000e+00 0.000000000000000000e+00 0.000000000000000000e+00 0.000000000000000000e+00
0.000000000000000000e+00 0.000000000000000000e+00 0.000000000000000000e+00 0.000000000000000000e+00 0.000000000000000000e+00
0.000000000000000000e+00 0.000000000000000000e+00 0.000000000000000000e+00 0.000000000000000000e+00 0.000000000000000000e+00
0.000000000000000000e+00 0.000000000000000000e+00 0.000000000000000000e+00 0.000000000000000000e+00 0.000000000000000000e+00
0.000000000000000000e+00 0.000000000000000000e+00 0.000000000000000000e+00 0.000000000000000000e+00 0.000000000000000000e+00
0.000000000000000000e+00 0.000000000000000000e+00 0.000000000000000000e+00 0.000000000000000000e+00 0.000000000000000000e+00
0.000000000000000000e+00 0.000000000000000000e+00 0.000000000000000000e+00 0.000000000000000000e+00 0.000000000000000000e+00
0.000000000000000000e+00 0.000000000000000000e+00 0.000000000000000000e+00 0.000000000000000000e+00 0.000000000000000000e+00
0.000000000000000000e+00 0.000000000000000000e+00 0.000000000000000000e+00 0.000000000000000000e+00 0.000000000000000000e+00
0.000000000000000000e+00 0.000000000000000000e+00 0.000000000000000000e+00 0.000000000000000000e+00 0.000000000000000000e+00
0.000000000000000000e+00 0.000000000000000000e+00 0.000000000000000000e+00 0.000000000000000000e+00 0.000000000000000000e+00
0.000000000000000000e+00 0.000000000000000000e+00 0.000000000000000000e+00 0.000000000000000000e+00 0.000000000000000000e+00
0.000000000000000000e+00 0.000000000000000000e+00 0.000000000000000000e+00 0.000000000000000000e+00 0.000000000000000000e+00
0.000000000000000000e+00 0.000000000000000000e+00 0.000000000000000000e+00 0.000000000000000000e+00 0.000000000000000000e+00
0.000000000000000000e+00 0.000000000000000000e+00 0.000000000000000000e+00 0.000000000000000000e+00 0.000000000000000000e+00
0.000000000000000000e+00 0.000000000000000000e+00 0.000000000000000000e+00 0.000000000000000000e+00 0.000000000000000000e+00
0.000000000000000000e+00 0.000000000000000000e+00 0.000000000000000000e+00 0.000000000000000000e+00 0.000000000000000000e+00
0.000000000000000000e+00 0.000000000000000000e+00 0.000000000000000000e+00 0.000000000000000000e+00 0.000000000000000000e+00
0.000000000000000000e+00 0.000000000000000000e+00 0.000000000000000000e+00 0.000000000000000000e+00 0.000000000000000000e+00
0.000000000000000000e+00 0.000000000000000000e+00 0.000000000000000000e+00 0.000000000000000000e+00 0.000000000000000000e+00
0.000000000000000000e+00 0.000000000000000000e+00 0.000000000000000000e+00 0.000000000000000000e+00 0.000000000000000000e+00
0.000000000000000000e+00 0.000000000000000000e+00 0.000000000000000000e+00 0.000000000000000000e+00 0.000000000000000000e+00
0.000000000000000000e+00 0.000000000000000000e+00 0.000000000000000000e+00 0.000000000000000000e+00 0.000000000000000000e+00
0.000000000000000000e+00 0.000000000000000000e+00 0.000000000000000000e+00 0.000000000000000000e+00 0.000000000000000000e+00
0.000000000000000000e+00 0.000000000000000000e+00 0.000000000000000000e+00 0.000000000000000000e+00 0.000000000000000000e+00
0.000000000000000000e+00 0.000000000000000000e+00 0.000000000000000000e+00 0.000000000000000000e+00 0.000000000000000000e+00
0.000000000000000000e+00 0.000000000000000000e+00 0.000000000000000000e+00 0.000000000000000000e+00 0.000000000000000000e+00
0.000000000000000000e+00 0.000000000000000000e+00 0.000000000000000000e+00 0.000000000000000000e+00 0.000000000000000000e+00
0.000000000000000000e+00 0.000000000000000000e+00 0.000000000000000000e+00 0.000000000000000000e+00 0.000000000000000000e+00
0.000000000000000000e+00 0.000000000000000000e+00 0.000000000000000000e+00 0.000000000000000000e+00 0.000000000000000000e+00
0.000000000000000000e+00 0.000000000000000000e+00 0.000000000000000000e+00 0.000000000000000000e+00 0.000000000000000000e+00
0.000000000000000000e+00 0.000000000000000000e+00 0.000000000000000000e+00 0.000000000000000000e+00 0.000000000000000000e+00
0.000000000000000000e+00 0.000000000000000000e+00 0.000000000000000000e+00 0.000000000000000000e+00 0.000000000000000000e+00
0.000000000000000000e+00 0.000000000000000000e+00 0.000000000000000000e+00 0.000000000000000000e+00 0.000000000000000000e+00
0.000000000000000000e+00 0.000000000000000000e+00 0.000000000000000000e+00 0.000000000000000000e+00 0.000000000000000000e+00
0.000000000000000000e+00 0.000000000000000000e+00 0.000000000000000000e+00 0.000000000000000000e+00 0.000000000000000000e+00
0.000000000000000000e+00 0.000000000000000000e+00 0.000000000000000000e+00 0.000000000000000000e+00 0.000000000000000000e+00
0.000000000000000000e+00 0.000000000000000000e+00 0.000000000000000000e+00 0.000000000000000000e+00 0.000000000000000000e+00
0.000000000000000000e+00 0.000000000000000000e+00 0.000000000000000000e+00 0.000000000000000000e+00 0.000000000000000000e+00
0.000000000000000000e+00 0.000000000000000000e+00 0.000000000000000000e+00 0.000000000000000000e+00 0.000000000000000000e+00
0.000000000000000000e+00 0.000000000000000000e+00 0.000000000000000000e+00 0.000000000000000000e+00 0.000000000000000000e+00
0.000000000000000000e+00 0.000000000000000000e+00 0.000000000000000000e+00 0.000000000000000000e+00 0.000000000000000000e+00
0.000000000000000000e+00 0.000000000000000000e+00 0.000000000000000000e+00 0.000000000000000000e+00 0.000000000000000000e+00
0.000000000000000000e+00 0.000000000000000000e+00 0.000000000000000000e+00 0.000000000000000000e+00 0.000000000000000000e+00
0.000000000000000000e+00 0.000000000000000000e+00 0.000000000000000000e+00 0.000000000000000000e+00 0.000000000000000000e+00
0.000000000000000000e+00 0.000000000000000000e+00 0.000000000000000000e+00 0.000000000000000000e+00 0.000000000000000000e+00
0.000000000000000000e+00 0.000000000000000000e+00 0.000000000000000000e+00 0.000000000000000000e+00 0.000000000000000000e+00
0.000000000000000000e+00 0.000000000000000000e+00 0.000000000000000000e+00 0.000000000000000000e+00 0.000000000000000000e+00
0.000000000000000000e+00 0.000000000000000000e+00 0.000000000000000000e+00 0.000000000000000000e+00 0.000000000000000000e+00
0.000000000000000000e+00 0.000000000000000000e+00 0.000000000000000000e+00 0.000000000000000000e+00 0.000000000000000000e+00
6.213487918772648525e-05 0.000000000000000000e+00 1.565213277072658631e-03 1.050600245148032357e-03 0.000000000000000000e+00
0.000000000000000000e+00 0.000000000000000000e+00 6.052854050284256666e-03 3.518196802255736579e-03 0.000000000000000000e+00
0.000000000000000000e+00 0.000000000000000000e+00 6.640034690230488604e-03 3.308734622033729020e-03 0.000000000000000000e+00
0.000000000000000000e+00 0.000000000000000000e+00 5.491101540038854749e-03 2.537549335701661836e-03 0.000000000000000000e+00
0.000000000000000000e+00 0.000000000000000000e+00 2.840913014434767649e-03 1.009527588376002731e-03 0.000000000000000000e+00
0.000000000000000000e+00 2.108309032432226660e-03 5.343117656275163212e-03 0.000000000000000000e+00 0.000000000000000000e+00
0.000000000000000000e+00 2.606788265276886903e-03 7.590621847403448280e-03 0.000000000000000000e+00 0.000000000000000000e+00
0.000000000000000000e+00 3.505608772659220794e-03 1.128476063294952918e-02 0.000000000000000000e+00 4.778155463730617757e-05
0.000000000000000000e+00 2.917186331052900369e-03 1.230877336819110462e-02 0.000000000000000000e+00 0.000000000000000000e+00
0.000000000000000000e+00 1.815271296246174322e-03 8.567349223364020133e-03 0.000000000000000000e+00 0.000000000000000000e+00
0.000000000000000000e+00 2.501987988171472280e-04 1.187920889964707042e-03 0.000000000000000000e+00 0.000000000000000000e+00
0.000000000000000000e+00 0.000000000000000000e+00 0.000000000000000000e+00 0.000000000000000000e+00 0.000000000000000000e+00
0.000000000000000000e+00 0.000000000000000000e+00 0.000000000000000000e+00 0.000000000000000000e+00 0.000000000000000000e+00
0.000000000000000000e+00 0.000000000000000000e+00 0.000000000000000000e+00 0.000000000000000000e+00 0.000000000000000000e+00
0.000000000000000000e+00 0.000000000000000000e+00 0.000000000000000000e+00 0.000000000000000000e+00 0.000000000000000000e+00
0.000000000000000000e+00 0.000000000000000000e+00 0.000000000000000000e+00 0.000000000000000000e+00 0.000000000000000000e+00
0.000000000000000000e+00 0.000000000000000000e+00 0.000000000000000000e+00 0.000000000000000000e+00 0.000000000000000000e+00
0.000000000000000000e+00 0.000000000000000000e+00 0.000000000000000000e+00 0.000000000000000000e+00 0.000000000000000000e+00
0.000000000000000000e+00 0.000000000000000000e+00 0.000000000000000000e+00 0.000000000000000000e+00 0.000000000000000000e+00
0.000000000000000000e+00 0.000000000000000000e+00 0.000000000000000000e+00 0.000000000000000000e+00 0.000000000000000000e+00
0.000000000000000000e+00 0.000000000000000000e+00 0.000000000000000000e+00 0.000000000000000000e+00 0.000000000000000000e+00
0.000000000000000000e+00 0.000000000000000000e+00 0.000000000000000000e+00 0.000000000000000000e+00 0.000000000000000000e+00
0.000000000000000000e+00 0.000000000000000000e+00 0.000000000000000000e+00 0.000000000000000000e+00 0.000000000000000000e+00
0.000000000000000000e+00 0.000000000000000000e+00 0.000000000000000000e+00 0.000000000000000000e+00 0.000000000000000000e+00
0.000000000000000000e+00 0.000000000000000000e+00 0.000000000000000000e+00 0.000000000000000000e+00 0.000000000000000000e+00
0.000000000000000000e+00 0.000000000000000000e+00 0.000000000000000000e+00 0.000000000000000000e+00 0.000000000000000000e+00
4.248723864844568179e-04 0.000000000000000000e+00 3.299441596609539295e-05 1.908297342794831625e-04 0.000000000000000000e+00
9.843139936178768937e-03 0.000000000000000000e+00 4.503177906695699016e-04 2.152805432639679113e-03 0.000000000000000000e+00
9.905345918844747979e-03 0.000000000000000000e+00 9.680861517972288999e-03 3.230222073728612232e-03 0.000000000000000000e+00
0.000000000000000000e+00 1.103976864518432452e-02 2.280047490878768859e-02 7.306025691971627196e-04 0.000000000000000000e+00
0.000000000000000000e+00 1.537316427729772984e-02 1.954285244558903040e-02 8.200372572572512233e-04 0.000000000000000000e+00
0.000000000000000000e+00 1.362107233856165930e-02 2.046046392075835663e-02 3.693334016681446095e-03 0.000000000000000000e+00
0.000000000000000000e+00 2.272871771212254741e-02 2.156682704621340138e-02 5.690540897740185150e-03 0.000000000000000000e+00
0.000000000000000000e+00 2.928082889429770019e-02 3.326827472097891591e-02 4.124759269372983532e-03 0.000000000000000000e+00
0.000000000000000000e+00 2.674938607521151410e-02 4.639113502345943579e-02 1.802409269829540698e-03 0.000000000000000000e+00
0.000000000000000000e+00 3.236181769747442649e-02 5.424384114996738671e-02 0.000000000000000000e+00 6.167133237122594987e-03
0.000000000000000000e+00 3.276860566236345501e-02 4.897539546238720287e-02 0.000000000000000000e+00 1.301911440164760757e-03
0.000000000000000000e+00 3.091416197651766090e-02 4.711204252610013549e-02 0.000000000000000000e+00 2.612766785277501318e-03
0.000000000000000000e+00 2.672870441548260215e-02 3.971198012827771573e-02 0.000000000000000000e+00 0.000000000000000000e+00
0.000000000000000000e+00 2.095988516617876621e-02 2.998998391884164991e-02 0.000000000000000000e+00 1.168450342438880551e-03
0.000000000000000000e+00 9.103816297141990518e-03 1.137530912846763075e-02 0.000000000000000000e+00 1.446519931646233093e-03
0.000000000000000000e+00 2.171370375243887769e-03 3.404073109761649937e-04 0.000000000000000000e+00 0.000000000000000000e+00
0.000000000000000000e+00 0.000000000000000000e+00 0.000000000000000000e+00 0.000000000000000000e+00 0.000000000000000000e+00
0.000000000000000000e+00 0.000000000000000000e+00 0.000000000000000000e+00 0.000000000000000000e+00 0.000000000000000000e+00
0.000000000000000000e+00 0.000000000000000000e+00 0.000000000000000000e+00 0.000000000000000000e+00 0.000000000000000000e+00
0.000000000000000000e+00 0.000000000000000000e+00 0.000000000000000000e+00 0.000000000000000000e+00 0.000000000000000000e+00
0.000000000000000000e+00 0.000000000000000000e+00 0.000000000000000000e+00 0.000000000000000000e+00 0.000000000000000000e+00
0.000000000000000000e+00 0.000000000000000000e+00 0.000000000000000000e+00 0.000000000000000000e+00 0.000000000000000000e+00
0.000000000000000000e+00 0.000000000000000000e+00 0.000000000000000000e+00 0.000000000000000000e+00 0.000000000000000000e+00
0.000000000000000000e+00 0.000000000000000000e+00 0.000000000000000000e+00 0.000000000000000000e+00 0.000000000000000000e+00
0.000000000000000000e+00 0.000000000000000000e+00 0.000000000000000000e+00 0.000000000000000000e+00 0.000000000000000000e+00
4.692166822885187293e-03 0.000000000000000000e+00 0.000000000000000000e+00 0.000000000000000000e+00 7.100081166269810043e-04
8.567766340556641144e-03 0.000000000000000000e+00 0.000000000000000000e+00 0.000000000000000000e+00 9.656623284838972534e-04
1.197458482177044849e-02 0.000000000000000000e+00 0.000000000000000000e+00 2.421687308675109240e-04 0.000000000000000000e+00
2.136316397798054822e-02 0.000000000000000000e+00 0.000000000000000000e+00 5.612568204551789423e-04 0.000000000000000000e+00
4.024472574411760289e-02 0.000000000000000000e+00 7.966757676060604726e-03 2.249766891280238247e-03 0.000000000000000000e+00
5.805117438726922069e-02 0.000000000000000000e+00 1.218971273805275271e-02 1.090360009404832929e-02 0.000000000000000000e+00
5.677589234511521560e-02 1.060327104578692291e-03 2.247279577168241269e-02 1.765698993411997722e-02 0.000000000000000000e+00
5.884723563300229415e-02 2.696625570764545673e-03 3.659254901730966264e-02 4.709611361167623245e-02 0.000000000000000000e+00
5.003752605686993815e-02 8.580991966510182270e-03 6.750335435057927547e-02 7.185301310106878558e-02 0.000000000000000000e+00
4.604713284787022992e-02 2.529302401670950953e-02 7.593544580854938442e-02 8.482931377750202451e-02 0.000000000000000000e+00
3.411762776998803620e-02 5.478849088835113790e-02 8.413747001826564487e-02 7.377854859733236348e-02 0.000000000000000000e+00
4.614804676166032321e-02 7.066469940872473210e-02 7.942330876539246964e-02 6.207811352861912491e-02 0.000000000000000000e+00
5.559458623434949259e-02 7.118478100882223714e-02 8.735038235548028829e-02 5.090767318576561173e-02 0.000000000000000000e+00
5.269971968425249398e-02 9.269609933787766043e-02 9.198566689933680707e-02 3.768352306337461460e-02 0.000000000000000000e+00
4.894466477178133906e-02 1.032766418916107320e-01 9.776967413467028967e-02 3.202432015385082986e-02 0.000000000000000000e+00
2.733368394683408781e-02 1.025744083726951583e-01 1.079148975782266845e-01 2.775569176862072857e-02 0.000000000000000000e+00
9.204807154967077978e-03 1.031710833376354719e-01 8.789087367993089761e-02 2.777851963306876212e-02 0.000000000000000000e+00
0.000000000000000000e+00 1.005496820762496191e-01 4.094105802042800196e-02 3.100325583308198921e-02 0.000000000000000000e+00
0.000000000000000000e+00 6.922894415881220009e-02 0.000000000000000000e+00 4.360478250029617420e-02 1.429535803894098345e-02
0.000000000000000000e+00 3.453146680940977209e-02 0.000000000000000000e+00 3.628934525878671491e-02 7.365896811172365638e-03
0.000000000000000000e+00 3.197041513181759966e-03 0.000000000000000000e+00 1.469531484889512532e-02 9.996586141277883503e-03
0.000000000000000000e+00 0.000000000000000000e+00 0.000000000000000000e+00 8.843613578656179565e-04 2.179168591505157779e-03
0.000000000000000000e+00 0.000000000000000000e+00 0.000000000000000000e+00 0.000000000000000000e+00 0.000000000000000000e+00
0.000000000000000000e+00 0.000000000000000000e+00 0.000000000000000000e+00 0.000000000000000000e+00 0.000000000000000000e+00
0.000000000000000000e+00 0.000000000000000000e+00 0.000000000000000000e+00 0.000000000000000000e+00 0.000000000000000000e+00
0.000000000000000000e+00 0.000000000000000000e+00 0.000000000000000000e+00 0.000000000000000000e+00 0.000000000000000000e+00
0.000000000000000000e+00 0.000000000000000000e+00 0.000000000000000000e+00 0.000000000000000000e+00 0.000000000000000000e+00
0.000000000000000000e+00 0.000000000000000000e+00 0.000000000000000000e+00 0.000000000000000000e+00 0.000000000000000000e+00
3.670742752597253890e-03 0.000000000000000000e+00 0.000000000000000000e+00 0.000000000000000000e+00 5.554485266129446019e-04
1.632304454954021031e-02 1.073494071159610463e-03 0.000000000000000000e+00 0.000000000000000000e+00 0.000000000000000000e+00
2.453328443300767728e-02 0.000000000000000000e+00 3.529143879753929638e-03 1.243793952682254139e-04 0.000000000000000000e+00
5.356294980601239430e-02 0.000000000000000000e+00 1.278672719351902319e-02 0.000000000000000000e+00 0.000000000000000000e+00
8.364891212663398690e-02 0.000000000000000000e+00 1.657749107979466022e-02 7.877628909863577293e-04 0.000000000000000000e+00
1.211671041773775548e-01 2.978633396842467803e-03 1.847978636245399195e-02 1.295402348457848178e-02 0.000000000000000000e+00
1.246003410853227383e-01 3.128544580314737700e-03 3.698270235375769599e-02 4.014090623985501483e-02 0.000000000000000000e+00
1.236665059744015971e-01 1.667182243857046747e-02 6.769093459378240640e-02 6.662680354591374310e-02 0.000000000000000000e+00
1.154771888323299911e-01 4.083144939920812372e-02 9.203122375454382553e-02 8.182074743679225437e-02 0.000000000000000000e+00
1.173547950203094326e-01 5.976979919557992571e-02 1.036405930802037634e-01 1.045442698561858397e-01 0.000000000000000000e+00
1.220549277244132591e-01 6.495568242158836214e-02 1.038548715667119288e-01 1.068229804224490043e-01 0.000000000000000000e+00
1.260250339678512521e-01 6.774965685616810007e-02 9.866588258494050911e-02 1.064409867286270628e-01 0.000000000000000000e+00
1.225366018968161858e-01 6.643377240378217641e-02 1.010756323099815945e-01 1.101955298340384082e-01 0.000000000000000000e+00
1.176325644241465879e-01 8.149063176634568917e-02 1.034871315030988087e-01 1.101597323743831180e-01 0.000000000000000000e+00
1.059468986016045555e-01 9.384270809830816407e-02 1.085012329139920795e-01 1.014657897312658125e-01 0.000000000000000000e+00
8.897127368910316692e-02 1.006493207206933943e-01 1.090193093561991483e-01 1.017197940455276395e-01 0.000000000000000000e+00
7.072582132963957380e-02 1.099071276393057128e-01 7.535014537288313441e-02 1.078451409170009534e-01 0.000000000000000000e+00
3.295630736929291982e-02 1.067610780204580195e-01 4.938275958645107350e-02 1.157577784344117344e-01 7.834962211967270995e-03
1.555577240781128153e-03 8.617504487256794077e-02 0.000000000000000000e+00 1.061975955330243804e-01 4.594596961874297669e-02
0.000000000000000000e+00 5.740237899402890476e-02 0.000000000000000000e+00 7.462584842101174787e-02 5.145614110320229084e-02
0.000000000000000000e+00 1.673212332124767929e-02 0.000000000000000000e+00 3.833211344307613233e-02 1.543286928917755180e-02
0.000000000000000000e+00 0.000000000000000000e+00 0.000000000000000000e+00 5.772836564645188184e-03 1.742973717086543362e-02
0.000000000000000000e+00 0.000000000000000000e+00 0.000000000000000000e+00 0.000000000000000000e+00 0.000000000000000000e+00
0.000000000000000000e+00 0.000000000000000000e+00 0.000000000000000000e+00 0.000000000000000000e+00 0.000000000000000000e+00
0.000000000000000000e+00 0.000000000000000000e+00 0.000000000000000000e+00 0.000000000000000000e+00 0.000000000000000000e+00
0.000000000000000000e+00 0.000000000000000000e+00 0.000000000000000000e+00 0.000000000000000000e+00 0.000000000000000000e+00
0.000000000000000000e+00 0.000000000000000000e+00 0.000000000000000000e+00 0.000000000000000000e+00 0.000000000000000000e+00
0.000000000000000000e+00 3.078898941382464654e-03 8.682732716995256162e-05 0.000000000000000000e+00 2.371091889129664076e-03
3.401360864098001025e-03 0.000000000000000000e+00 0.000000000000000000e+00 0.000000000000000000e+00 0.000000000000000000e+00
1.423706919574265796e-02 0.000000000000000000e+00 0.000000000000000000e+00 0.000000000000000000e+00 9.692602126260259007e-03
3.606818122388707332e-02 0.000000000000000000e+00 4.211547071131394558e-03 0.000000000000000000e+00 2.564147209853910592e-02
7.550213031365306249e-02 0.000000000000000000e+00 1.394332898765410396e-02 0.000000000000000000e+00 1.664243078057104849e-02
1.010636543801336495e-01 0.000000000000000000e+00 2.552554770485238739e-02 0.000000000000000000e+00 7.238404801923129829e-03
1.354948062446115209e-01 0.000000000000000000e+00 3.271389118376388100e-02 1.969752652717050509e-02 0.000000000000000000e+00
1.494104206078512853e-01 2.435517203760690069e-03 3.886127490811409901e-02 4.934520754101675427e-02 0.000000000000000000e+00
1.364849125937809549e-01 1.181196099973821044e-02 5.870369068376844746e-02 8.425230340410048979e-02 0.000000000000000000e+00
1.180895232328165040e-01 3.422551561947440035e-02 8.791631966682557364e-02 1.008093949269385364e-01 0.000000000000000000e+00
1.053293256080396201e-01 4.953469549253675108e-02 8.865509112606244357e-02 9.512423512062442854e-02 0.000000000000000000e+00
1.088791564391759642e-01 6.395593989694015047e-02 7.618247090286664469e-02 7.534635650331450440e-02 4.062590302900923739e-02
1.031400658734122622e-01 5.268717793903287400e-02 6.217595578094993469e-02 6.889789070684684824e-02 7.423391995156704282e-02
9.577841044440961460e-02 4.572084270670661449e-02 6.168715147310328828e-02 7.377755287455123323e-02 9.661622768761737867e-02
8.746271300774276225e-02 4.143639226099536665e-02 7.405888205156509196e-02 7.833581798068545154e-02 1.004292688086906860e-01
8.403257740813423193e-02 5.369388756567567561e-02 8.656168403860936555e-02 8.375549785145301740e-02 9.788573140065483236e-02
8.244599298842590629e-02 7.434663057915726070e-02 1.080532880976526472e-01 8.755256643768533076e-02 8.462877848508604250e-02
9.020331785709986838e-02 8.533649854215061281e-02 7.084250789967269646e-02 1.042235910510322799e-01 6.324778255940596838e-02
7.499052445338036388e-02 1.008667562297789894e-01 2.561242407641687105e-02 1.129021844891281434e-01 5.075875545148747503e-02
3.954816506946919052e-02 9.035111170594530006e-02 0.000000000000000000e+00 1.171067400183963686e-01 6.035661356314876713e-02
3.591889529963024439e-03 5.198030401930506250e-02 0.000000000000000000e+00 9.212813725971370771e-02 7.044760122853431505e-02
0.000000000000000000e+00 1.649749620598829625e-02 0.000000000000000000e+00 3.994424635282402269e-02 3.401329647947837903e-02
0.000000000000000000e+00 0.000000000000000000e+00 0.000000000000000000e+00 6.255410526862474098e-03 1.381738216645509061e-02
0.000000000000000000e+00 0.000000000000000000e+00 0.000000000000000000e+00 0.000000000000000000e+00 0.000000000000000000e+00
0.000000000000000000e+00 0.000000000000000000e+00 0.000000000000000000e+00 0.000000000000000000e+00 0.000000000000000000e+00
0.000000000000000000e+00 0.000000000000000000e+00 0.000000000000000000e+00 0.000000000000000000e+00 0.000000000000000000e+00
0.000000000000000000e+00 0.000000000000000000e+00 0.000000000000000000e+00 0.000000000000000000e+00 0.000000000000000000e+00
0.000000000000000000e+00 0.000000000000000000e+00 0.000000000000000000e+00 0.000000000000000000e+00 0.000000000000000000e+00
0.000000000000000000e+00 3.552575701595150773e-04 1.001853775037913599e-05 0.000000000000000000e+00 2.735875256688073600e-04
1.648354247346870132e-04 0.000000000000000000e+00 0.000000000000000000e+00 0.000000000000000000e+00 0.000000000000000000e+00
1.547933928094051732e-02 0.000000000000000000e+00 0.000000000000000000e+00 0.000000000000000000e+00 3.795907381959925248e-02
3.685586106085689262e-02 0.000000000000000000e+00 0.000000000000000000e+00 0.000000000000000000e+00 6.469550489245382008e-02
7.044013219666386827e-02 0.000000000000000000e+00 2.857297669406296849e-03 0.000000000000000000e+00 7.059060629857642766e-02
8.550348754249312289e-02 0.000000000000000000e+00 1.162686156673678299e-02 1.809060785113372673e-03 7.002232334337574193e-02
9.105675560029248550e-02 0.000000000000000000e+00 1.510516914115017824e-02 3.149827746621315649e-02 5.933747743513164558e-02
1.003842157152135539e-01 0.000000000000000000e+00 1.533198955030455612e-02 7.736256368375504788e-02 4.524909178381341518e-02
6.717190690251982621e-02 0.000000000000000000e+00 2.495910237593452347e-02 9.874116789603744337e-02 5.510734327425954177e-02
4.400439512823130228e-02 2.051689367512506482e-02 3.938808924682821178e-02 8.692296175214374310e-02 9.779867056669237779e-02
3.494922629922027346e-02 3.947191174394285018e-02 2.518869310636813116e-02 4.757567149972793258e-02 1.545662799272891352e-01
3.284942160928086552e-02 2.671707761195130787e-02 1.023935677313372351e-02 2.166234895829696749e-02 1.799694305950191864e-01
3.085219609087070519e-02 2.110115784711353096e-02 3.763872224695556136e-03 1.867479967783671358e-03 1.963485386426827850e-01
2.670424968532172927e-02 1.707479257741483653e-02 1.228940990898596750e-02 2.341460376531384103e-04 1.884361593235554244e-01
2.852042003013281410e-02 1.890766191265533594e-02 4.117757188371157923e-02 8.905921482867259435e-04 1.857994442931165113e-01
4.098810649519345900e-02 2.084671146403364525e-02 8.827577508030498565e-02 0.000000000000000000e+00 1.699840336458232071e-01
6.431281228924054516e-02 4.572637925562084149e-02 1.317853026078469325e-01 8.956666105975816944e-03 1.404775735052984365e-01
9.804878616235482292e-02 7.502530611259750071e-02 8.075347183073830482e-02 7.076614616717995243e-02 7.961952616896925128e-02
1.015069695675573924e-01 8.874194076108160578e-02 0.000000000000000000e+00 1.081875974344842922e-01 6.849961939132308275e-02
6.747525144434211863e-02 8.143024849842435409e-02 0.000000000000000000e+00 1.072198402264241124e-01 8.798043997604150512e-02
1.885889657706175948e-02 2.103018030608314395e-02 0.000000000000000000e+00 7.895532514276082381e-02 9.114770129673062382e-02
4.358666029300611172e-03 1.336733008292368720e-02 0.000000000000000000e+00 2.343977225389169694e-02 3.513208805134776513e-02
1.977175628378690514e-03 4.915725018242238578e-03 0.000000000000000000e+00 1.375110425498844192e-03 3.808252295371885622e-03
1.543274722867301468e-03 2.852848437705178802e-03 0.000000000000000000e+00 0.000000000000000000e+00 0.000000000000000000e+00
0.000000000000000000e+00 0.000000000000000000e+00 0.000000000000000000e+00 0.000000000000000000e+00 0.000000000000000000e+00
0.000000000000000000e+00 0.000000000000000000e+00 0.000000000000000000e+00 0.000000000000000000e+00 0.000000000000000000e+00
0.000000000000000000e+00 0.000000000000000000e+00 0.000000000000000000e+00 0.000000000000000000e+00 0.000000000000000000e+00
0.000000000000000000e+00 0.000000000000000000e+00 0.000000000000000000e+00 0.000000000000000000e+00 0.000000000000000000e+00
0.000000000000000000e+00 0.000000000000000000e+00 0.000000000000000000e+00 0.000000000000000000e+00 0.000000000000000000e+00
0.000000000000000000e+00 0.000000000000000000e+00 0.000000000000000000e+00 0.000000000000000000e+00 0.000000000000000000e+00
1.004840219249480623e-02 0.000000000000000000e+00 0.000000000000000000e+00 0.000000000000000000e+00 4.770451944482664852e-02
2.467617065100689150e-02 0.000000000000000000e+00 0.000000000000000000e+00 0.000000000000000000e+00 8.390077551260564925e-02
2.684757962205052903e-02 0.000000000000000000e+00 0.000000000000000000e+00 0.000000000000000000e+00 9.590611475162305610e-02
3.762613125855248514e-02 0.000000000000000000e+00 0.000000000000000000e+00 6.543876167879260526e-03 1.033891118419318911e-01
4.150555606295802669e-02 0.000000000000000000e+00 0.000000000000000000e+00 4.670377777477621034e-02 1.123623948397922123e-01
4.914170206201441682e-02 0.000000000000000000e+00 0.000000000000000000e+00 7.785075959794335310e-02 1.130985324029956801e-01
2.204985074704755507e-02 1.312956811339564822e-02 0.000000000000000000e+00 7.389088405851149122e-02 1.358802717308029429e-01
0.000000000000000000e+00 1.474888940312437356e-02 1.710475095655189515e-02 5.778574219647629462e-02 1.666643994704347931e-01
0.000000000000000000e+00 1.711050178935492189e-02 2.728743423579951984e-03 2.559554975256378775e-02 1.813876607042781142e-01
0.000000000000000000e+00 1.382711004280789795e-02 0.000000000000000000e+00 0.000000000000000000e+00 1.852021536814941749e-01
0.000000000000000000e+00 1.761391453468129364e-02 0.000000000000000000e+00 0.000000000000000000e+00 1.796803856876411920e-01
0.000000000000000000e+00 2.195944738996377307e-02 2.386516634223074043e-02 0.000000000000000000e+00 1.647238820683389338e-01
0.000000000000000000e+00 1.788010494101006237e-02 4.456716740772972279e-02 0.000000000000000000e+00 1.372998273085125065e-01
0.000000000000000000e+00 3.545652139240772216e-02 1.250080507337031355e-01 0.000000000000000000e+00 1.105189699299645029e-01
4.372897314995793233e-02 8.043733436797120828e-02 1.455693567108986008e-01 0.000000000000000000e+00 6.305251910633524748e-02
9.629853199131582775e-02 8.934898577565966726e-02 6.648832250860060855e-02 7.211962777221503362e-02 1.869857534586564021e-02
1.063593706849188525e-01 8.499791906285536491e-02 0.000000000000000000e+00 1.069941689716665811e-01 5.801103349116168428e-02
7.020164082186743093e-02 4.375123664260180401e-02 0.000000000000000000e+00 1.018155697503282942e-01 8.772805898630707533e-02
2.595132257456992178e-02 1.776721618688883531e-03 0.000000000000000000e+00 5.316974432161883368e-02 9.674602930677418666e-02
9.083478901374626713e-03 3.617138716486931194e-03 0.000000000000000000e+00 1.008191463096688549e-02 3.387510436987610507e-02
5.976836817396521256e-03 8.171891441074372042e-03 0.000000000000000000e+00 1.421867714725515153e-03 0.000000000000000000e+00
3.817574314461217710e-03 7.057046135375970829e-03 0.000000000000000000e+00 0.000000000000000000e+00 0.000000000000000000e+00
0.000000000000000000e+00 0.000000000000000000e+00 0.000000000000000000e+00 0.000000000000000000e+00 0.000000000000000000e+00
0.000000000000000000e+00 0.000000000000000000e+00 0.000000000000000000e+00 0.000000000000000000e+00 0.000000000000000000e+00
0.000000000000000000e+00 0.000000000000000000e+00 0.000000000000000000e+00 0.000000000000000000e+00 0.000000000000000000e+00
0.000000000000000000e+00 0.000000000000000000e+00 0.000000000000000000e+00 0.000000000000000000e+00 0.000000000000000000e+00
0.000000000000000000e+00 0.000000000000000000e+00 0.000000000000000000e+00 0.000000000000000000e+00 0.000000000000000000e+00
0.000000000000000000e+00 0.000000000000000000e+00 0.000000000000000000e+00 0.000000000000000000e+00 0.000000000000000000e+00
3.079563550335558814e-03 0.000000000000000000e+00 0.000000000000000000e+00 0.000000000000000000e+00 2.847588521317244090e-02
1.107969525563532766e-02 0.000000000000000000e+00 0.000000000000000000e+00 0.000000000000000000e+00 7.921680116991594578e-02
1.214498454503892474e-02 0.000000000000000000e+00 0.000000000000000000e+00 0.000000000000000000e+00 1.010095497839236384e-01
1.824857121574621419e-02 0.000000000000000000e+00 0.000000000000000000e+00 9.616765897836247398e-03 1.175808366172581693e-01
2.773376227929347584e-02 0.000000000000000000e+00 0.000000000000000000e+00 4.307957982493461346e-02 1.322758177510082178e-01
3.649479182531388533e-02 0.000000000000000000e+00 0.000000000000000000e+00 5.042715776494850061e-02 1.367316889855948459e-01
2.459383891938426644e-02 6.962487561515666272e-03 0.000000000000000000e+00 4.519854433044397796e-02 1.477950141576711840e-01
0.000000000000000000e+00 8.886809839379075648e-03 1.823725925207799045e-03 2.629795560777163990e-02 1.591093175732650467e-01
0.000000000000000000e+00 1.094835713749589545e-02 1.032679216935934383e-02 1.969613539662905342e-03 1.323831869484177470e-01
0.000000000000000000e+00 1.202360834753602586e-02 0.000000000000000000e+00 0.000000000000000000e+00 1.047886745415350512e-01
0.000000000000000000e+00 1.621023367257554484e-02 1.072026944118708094e-02 0.000000000000000000e+00 7.653003337696702435e-02
0.000000000000000000e+00 1.765487512613460319e-02 3.302711273115317703e-02 0.000000000000000000e+00 5.729252183022671974e-02
0.000000000000000000e+00 3.432873375192514731e-02 6.577281814202848298e-02 0.000000000000000000e+00 4.598470350865352385e-02
0.000000000000000000e+00 8.535781828599674215e-02 1.489815146106120147e-01 0.000000000000000000e+00 4.845901545155844453e-02
4.592611059562959341e-02 1.082526452606656919e-01 1.374403884640142404e-01 3.110678702199351844e-02 0.000000000000000000e+00
9.050206229844387495e-02 8.952067496999502327e-02 4.121749410223509574e-02 1.012312125202189800e-01 5.554033331984648859e-03
1.040087565294469385e-01 5.476296785706108450e-02 0.000000000000000000e+00 1.167249584584353628e-01 5.825290219167917477e-02
7.204688616207205465e-02 3.139853902188203226e-03 0.000000000000000000e+00 7.971353397841127175e-02 9.467566528988596852e-02
3.062286822435671130e-02 0.000000000000000000e+00 0.000000000000000000e+00 2.514802858553272583e-02 7.793371975932043838e-02
1.034779243128772230e-02 2.589984993756316422e-03 0.000000000000000000e+00 3.558691611840732270e-03 2.930708021128224441e-02
6.015870713851547737e-03 7.809524210584718046e-03 0.000000000000000000e+00 1.467861195027320240e-03 0.000000000000000000e+00
1.754459684943879922e-03 3.243238223917466884e-03 0.000000000000000000e+00 0.000000000000000000e+00 0.000000000000000000e+00
0.000000000000000000e+00 0.000000000000000000e+00 0.000000000000000000e+00 0.000000000000000000e+00 0.000000000000000000e+00
0.000000000000000000e+00 0.000000000000000000e+00 0.000000000000000000e+00 0.000000000000000000e+00 0.000000000000000000e+00
0.000000000000000000e+00 0.000000000000000000e+00 0.000000000000000000e+00 0.000000000000000000e+00 0.000000000000000000e+00
0.000000000000000000e+00 0.000000000000000000e+00 0.000000000000000000e+00 0.000000000000000000e+00 0.000000000000000000e+00
0.000000000000000000e+00 0.000000000000000000e+00 0.000000000000000000e+00 0.000000000000000000e+00 0.000000000000000000e+00
0.000000000000000000e+00 0.000000000000000000e+00 0.000000000000000000e+00 0.000000000000000000e+00 0.000000000000000000e+00
5.061368879313418636e-04 0.000000000000000000e+00 4.334423785933286450e-04 0.000000000000000000e+00 5.451695965856402128e-03
3.015166330685305207e-03 0.000000000000000000e+00 3.944097140028889016e-04 4.180384147845299901e-04 3.588744463620647390e-02
4.444908574866674681e-04 0.000000000000000000e+00 0.000000000000000000e+00 2.633766355833912307e-03 6.062446785246046466e-02
4.288647116702860515e-03 0.000000000000000000e+00 0.000000000000000000e+00 9.336227714032287184e-03 7.085480252609357987e-02
1.231452499328545766e-02 0.000000000000000000e+00 0.000000000000000000e+00 2.025743795322252488e-02 9.038615673762201430e-02
2.386268993843826403e-02 2.793556715668363537e-03 0.000000000000000000e+00 2.378358931083712074e-02 9.251715982436135854e-02
3.147992362348041306e-02 0.000000000000000000e+00 0.000000000000000000e+00 2.255353837801746947e-02 7.599670467116581563e-02
4.780596647829963089e-03 0.000000000000000000e+00 4.476760391083298325e-03 8.234101790065409543e-03 6.282297778258963405e-02
0.000000000000000000e+00 0.000000000000000000e+00 1.055402257297593724e-02 6.623745085632612439e-04 4.045758915110060638e-02
0.000000000000000000e+00 0.000000000000000000e+00 1.239856349559584955e-03 0.000000000000000000e+00 2.209628006888932072e-02
0.000000000000000000e+00 7.631505641016213433e-03 1.701360382812034527e-02 0.000000000000000000e+00 1.555917563938181807e-02
0.000000000000000000e+00 2.204526786807139982e-02 4.044587916444598863e-02 0.000000000000000000e+00 2.422557919261572601e-02
0.000000000000000000e+00 6.987282853996591714e-02 1.012945309321295062e-01 0.000000000000000000e+00 2.727985283351254744e-02
0.000000000000000000e+00 1.244065125974865571e-01 1.585603820772005790e-01 8.469146576913779215e-03 2.924304210412623922e-03
5.006750328326914357e-02 1.092605463279507638e-01 1.175959603292512506e-01 8.215727218438245716e-02 0.000000000000000000e+00
9.851380019328201398e-02 6.507950938812513686e-02 5.630342574374176678e-03 1.212543205439938904e-01 2.799080283551557205e-02
1.141229101642349530e-01 4.124939434529407457e-03 0.000000000000000000e+00 1.059262075110339596e-01 6.136979421160537046e-02
6.417741392420470148e-02 0.000000000000000000e+00 0.000000000000000000e+00 4.010317275043397134e-02 1.069792146578580627e-01
2.361246208264505819e-02 0.000000000000000000e+00 0.000000000000000000e+00 3.429516080553065595e-03 5.282641966222130503e-02
9.668539850839263927e-03 7.560125462891883683e-03 0.000000000000000000e+00 0.000000000000000000e+00 1.304867564178712955e-02
2.536272512880765207e-03 4.179053632561195546e-03 0.000000000000000000e+00 1.799001772340983103e-04 0.000000000000000000e+00
0.000000000000000000e+00 0.000000000000000000e+00 0.000000000000000000e+00 0.000000000000000000e+00 0.000000000000000000e+00
0.000000000000000000e+00 0.000000000000000000e+00 0.000000000000000000e+00 0.000000000000000000e+00 0.000000000000000000e+00
0.000000000000000000e+00 0.000000000000000000e+00 0.000000000000000000e+00 0.000000000000000000e+00 0.000000000000000000e+00
0.000000000000000000e+00 0.000000000000000000e+00 0.000000000000000000e+00 0.000000000000000000e+00 0.000000000000000000e+00
0.000000000000000000e+00 0.000000000000000000e+00 0.000000000000000000e+00 0.000000000000000000e+00 0.000000000000000000e+00
0.000000000000000000e+00 0.000000000000000000e+00 0.000000000000000000e+00 0.000000000000000000e+00 0.000000000000000000e+00
0.000000000000000000e+00 0.000000000000000000e+00 0.000000000000000000e+00 0.000000000000000000e+00 0.000000000000000000e+00
0.000000000000000000e+00 0.000000000000000000e+00 7.381253696816995977e-04 0.000000000000000000e+00 8.899515016069179177e-03
0.000000000000000000e+00 0.000000000000000000e+00 8.506731075842323539e-04 8.914250685828138774e-05 1.676186322592790323e-02
0.000000000000000000e+00 0.000000000000000000e+00 0.000000000000000000e+00 5.702358249798561212e-04 2.622727091850862724e-02
0.000000000000000000e+00 0.000000000000000000e+00 1.734384027260952991e-04 3.587818749353573113e-03 2.716806103399012698e-02
1.190338070927651933e-02 2.069347481795563107e-03 0.000000000000000000e+00 5.627162368119936232e-03 2.712017294373254145e-02
3.247436007790000662e-02 0.000000000000000000e+00 0.000000000000000000e+00 5.127431657608289006e-03 2.833698614545451452e-02
3.124849488294371286e-02 0.000000000000000000e+00 0.000000000000000000e+00 3.412149590188552715e-03 1.476499372340751154e-02
9.550765845721525052e-03 0.000000000000000000e+00 2.638206310302467243e-04 1.559490548491581979e-03 7.917292068625568155e-03
0.000000000000000000e+00 0.000000000000000000e+00 8.380568650523698843e-03 0.000000000000000000e+00 2.563084810388824384e-03
0.000000000000000000e+00 3.540833597106074395e-03 6.327440720655295135e-03 0.000000000000000000e+00 6.435721465203064371e-04
0.000000000000000000e+00 2.051995549986769182e-02 3.095462568909490564e-02 0.000000000000000000e+00 3.730508142659108919e-03
0.000000000000000000e+00 6.138740225635194031e-02 5.799354591357019917e-02 0.000000000000000000e+00 1.418919336289228492e-02
0.000000000000000000e+00 1.255362003932326831e-01 1.254544467209270098e-01 0.000000000000000000e+00 8.320287753603446135e-03
0.000000000000000000e+00 1.273924688675673600e-01 1.548701130029159767e-01 6.087475961892484244e-02 0.000000000000000000e+00
6.849784417552166882e-02 8.157838842907942645e-02 8.905865646140172232e-02 1.075219884121002140e-01 5.215055530333351577e-03
1.196430509670501213e-01 1.784121608434384790e-02 0.000000000000000000e+00 1.233486160526210546e-01 3.745325902190287798e-02
1.161210436493653464e-01 0.000000000000000000e+00 0.000000000000000000e+00 6.717752283067675301e-02 8.842436999252782648e-02
5.411416111632894044e-02 0.000000000000000000e+00 0.000000000000000000e+00 6.572932169675609580e-03 7.656375352645213017e-02
1.663763963226931250e-02 5.246436515879140776e-03 5.541204657091625997e-03 0.000000000000000000e+00 2.208401585248478613e-02
6.455757291534186884e-03 4.485070252892485454e-03 7.235475293698631280e-03 0.000000000000000000e+00 9.535140045354183191e-03
2.029669726389511913e-03 1.456754509382716771e-03 1.263689762449407561e-03 0.000000000000000000e+00 0.000000000000000000e+00
1.945459178361899546e-03 5.950554313651002430e-05 4.123354233885069380e-03 0.000000000000000000e+00 0.000000000000000000e+00
5.005790668613799505e-04 0.000000000000000000e+00 2.243113135711563653e-03 0.000000000000000000e+00 0.000000000000000000e+00
0.000000000000000000e+00 0.000000000000000000e+00 0.000000000000000000e+00 0.000000000000000000e+00 0.000000000000000000e+00
0.000000000000000000e+00 0.000000000000000000e+00 0.000000000000000000e+00 0.000000000000000000e+00 0.000000000000000000e+00
0.000000000000000000e+00 0.000000000000000000e+00 0.000000000000000000e+00 0.000000000000000000e+00 0.000000000000000000e+00
0.000000000000000000e+00 0.000000000000000000e+00 0.000000000000000000e+00 0.000000000000000000e+00 0.000000000000000000e+00
0.000000000000000000e+00 0.000000000000000000e+00 0.000000000000000000e+00 0.000000000000000000e+00 0.000000000000000000e+00
0.000000000000000000e+00 0.000000000000000000e+00 8.787206781924994969e-06 0.000000000000000000e+00 1.059466073341569427e-04
0.000000000000000000e+00 0.000000000000000000e+00 3.251266509312248460e-04 0.000000000000000000e+00 3.920024471363806745e-03
0.000000000000000000e+00 0.000000000000000000e+00 0.000000000000000000e+00 0.000000000000000000e+00 5.633077197924740188e-03
2.087245433224824121e-04 0.000000000000000000e+00 0.000000000000000000e+00 0.000000000000000000e+00 8.060595614211367790e-03
1.207074226868386051e-02 0.000000000000000000e+00 1.669374501467867609e-03 0.000000000000000000e+00 1.393629648935020525e-02
2.779782455565917368e-02 0.000000000000000000e+00 2.525388742978006747e-03 0.000000000000000000e+00 6.505120125310703307e-03
2.708970928391126257e-02 0.000000000000000000e+00 2.134785340752306301e-03 0.000000000000000000e+00 3.231233633386828251e-03
1.049175103590734535e-02 0.000000000000000000e+00 1.516204067980761981e-02 0.000000000000000000e+00 2.815632830809088397e-03
0.000000000000000000e+00 3.569394801366981059e-03 2.831697652140668583e-02 0.000000000000000000e+00 1.821786039013876049e-03
0.000000000000000000e+00 1.488775435572037460e-02 3.711465897671405861e-02 0.000000000000000000e+00 1.991817768286232703e-03
0.000000000000000000e+00 5.053953549995515715e-02 5.681667815430443275e-02 0.000000000000000000e+00 9.971982284602403171e-03
0.000000000000000000e+00 1.266520619336103382e-01 8.707915501268802261e-02 0.000000000000000000e+00 1.242642435967698279e-02
0.000000000000000000e+00 1.511609086236675448e-01 1.524136072009348308e-01 3.585000511284806152e-02 0.000000000000000000e+00
1.593626998517332430e-02 9.412207204269525118e-02 1.363425744595006261e-01 1.024380285506247129e-01 0.000000000000000000e+00
1.034208747242277848e-01 3.397852944326647251e-02 5.536072676088291816e-02 1.256431928950791088e-01 1.813673281788280925e-02
1.327871925523262109e-01 0.000000000000000000e+00 1.080367403287342890e-02 8.835815527869726738e-02 6.914377403551712209e-02
1.104947529608378692e-01 0.000000000000000000e+00 1.079406676487873300e-03 2.094758776320151950e-02 8.032495897905278515e-02
5.615705141097589170e-02 0.000000000000000000e+00 1.317057011802700260e-02 0.000000000000000000e+00 3.016774924615178363e-02
1.334103882596572761e-02 6.085203067875541091e-03 2.498028310151832743e-02 0.000000000000000000e+00 1.026066689942056916e-02
5.161469492237101900e-03 1.008491742271619635e-03 1.709660849211670428e-02 0.000000000000000000e+00 4.737817686653693176e-03
3.487180857335054392e-03 7.891109694627223246e-04 1.168870101213123278e-02 0.000000000000000000e+00 9.299368460131963695e-04
3.464045461514021242e-03 0.000000000000000000e+00 9.378304044447545104e-03 0.000000000000000000e+00 0.000000000000000000e+00
1.430225905318228833e-03 0.000000000000000000e+00 6.408894673461612047e-03 0.000000000000000000e+00 0.000000000000000000e+00
0.000000000000000000e+00 0.000000000000000000e+00 0.000000000000000000e+00 0.000000000000000000e+00 0.000000000000000000e+00
0.000000000000000000e+00 0.000000000000000000e+00 0.000000000000000000e+00 0.000000000000000000e+00 0.000000000000000000e+00
0.000000000000000000e+00 0.000000000000000000e+00 0.000000000000000000e+00 0.000000000000000000e+00 0.000000000000000000e+00
0.000000000000000000e+00 0.000000000000000000e+00 0.000000000000000000e+00 0.000000000000000000e+00 0.000000000000000000e+00
0.000000000000000000e+00 0.000000000000000000e+00 0.000000000000000000e+00 0.000000000000000000e+00 0.000000000000000000e+00
0.000000000000000000e+00 0.000000000000000000e+00 0.000000000000000000e+00 0.000000000000000000e+00 0.000000000000000000e+00
0.000000000000000000e+00 0.000000000000000000e+00 0.000000000000000000e+00 0.000000000000000000e+00 0.000000000000000000e+00
5.029739867346230160e-05 0.000000000000000000e+00 0.000000000000000000e+00 0.000000000000000000e+00 8.207658120234815431e-04
1.811836818594597101e-03 0.000000000000000000e+00 7.717890180322764570e-04 0.000000000000000000e+00 7.454471278851256162e-03
1.409107750073011756e-02 0.000000000000000000e+00 6.193367163219774471e-03 0.000000000000000000e+00 6.279191307969251602e-03
2.987858457563251358e-02 0.000000000000000000e+00 1.098144546978480074e-02 0.000000000000000000e+00 2.227392013058157334e-03
2.704024463278451723e-02 0.000000000000000000e+00 2.204623920430500914e-02 0.000000000000000000e+00 2.533027948411300644e-03
1.161526477867750283e-02 0.000000000000000000e+00 4.356057888536004480e-02 0.000000000000000000e+00 1.906983298114714237e-03
6.153232535299722750e-04 6.788383703514850806e-03 5.376288008892596282e-02 0.000000000000000000e+00 1.849166880238694395e-03
0.000000000000000000e+00 4.265787134902861849e-02 6.839518051408537136e-02 0.000000000000000000e+00 5.343266457582149416e-03
0.000000000000000000e+00 1.105797263473193848e-01 7.869346042147055964e-02 0.000000000000000000e+00 1.251803122016549065e-02
0.000000000000000000e+00 1.618451928951145091e-01 1.222970709677413531e-01 4.386278305337408534e-03 0.000000000000000000e+00
0.000000000000000000e+00 1.167077172571858446e-01 1.611700090102811678e-01 8.934664095804585593e-02 0.000000000000000000e+00
4.800505959137869177e-02 5.116867088532130181e-02 1.132102558975833367e-01 1.275394991338548722e-01 0.000000000000000000e+00
1.171511921201908030e-01 0.000000000000000000e+00 4.345470836479033844e-02 1.080607473495861226e-01 4.638365113647986704e-02
1.306544824721895259e-01 0.000000000000000000e+00 1.087719470657582885e-02 3.883974598005807133e-02 8.218432894254873444e-02
1.041443387492476114e-01 0.000000000000000000e+00 5.379192771368012521e-03 0.000000000000000000e+00 6.232256754259846154e-02
2.133223521952627710e-02 4.389190424475586036e-03 2.003852413919109468e-02 0.000000000000000000e+00 1.318381940738652496e-02
3.281686439837046363e-03 2.375789483015772457e-03 2.015578756221059198e-02 0.000000000000000000e+00 1.142729930766721302e-02
1.483189280805005325e-03 9.440312354706127500e-04 1.244124143657182775e-02 0.000000000000000000e+00 7.713149194002628939e-03
2.782760826741169998e-04 2.137062553414694616e-04 2.902972080570402104e-03 0.000000000000000000e+00 3.024983055656847914e-04
0.000000000000000000e+00 3.750002336586108595e-04 4.235893108662970862e-05 0.000000000000000000e+00 0.000000000000000000e+00
0.000000000000000000e+00 0.000000000000000000e+00 0.000000000000000000e+00 0.000000000000000000e+00 0.000000000000000000e+00
0.000000000000000000e+00 0.000000000000000000e+00 0.000000000000000000e+00 0.000000000000000000e+00 0.000000000000000000e+00
0.000000000000000000e+00 0.000000000000000000e+00 0.000000000000000000e+00 0.000000000000000000e+00 0.000000000000000000e+00
0.000000000000000000e+00 0.000000000000000000e+00 0.000000000000000000e+00 0.000000000000000000e+00 0.000000000000000000e+00
0.000000000000000000e+00 0.000000000000000000e+00 0.000000000000000000e+00 0.000000000000000000e+00 0.000000000000000000e+00
0.000000000000000000e+00 0.000000000000000000e+00 0.000000000000000000e+00 0.000000000000000000e+00 0.000000000000000000e+00
0.000000000000000000e+00 0.000000000000000000e+00 0.000000000000000000e+00 0.000000000000000000e+00 0.000000000000000000e+00
0.000000000000000000e+00 0.000000000000000000e+00 0.000000000000000000e+00 0.000000000000000000e+00 0.000000000000000000e+00
0.000000000000000000e+00 0.000000000000000000e+00 0.000000000000000000e+00 0.000000000000000000e+00 0.000000000000000000e+00
2.657498520156756765e-05 0.000000000000000000e+00 3.804488325780526221e-03 0.000000000000000000e+00 1.046643545736047811e-03
1.144010456369094417e-02 9.473864559758792187e-05 1.000536599813788355e-02 0.000000000000000000e+00 0.000000000000000000e+00
1.929701829796119997e-02 0.000000000000000000e+00 2.165687042422322420e-02 0.000000000000000000e+00 0.000000000000000000e+00
1.802065186404666619e-02 0.000000000000000000e+00 2.484841937550195251e-02 0.000000000000000000e+00 0.000000000000000000e+00
6.071880417587094229e-03 7.397446112357400523e-04 2.854818957283269260e-02 0.000000000000000000e+00 0.000000000000000000e+00
0.000000000000000000e+00 3.578672665883815551e-02 4.843000133064270102e-02 0.000000000000000000e+00 5.176691524385940678e-03
0.000000000000000000e+00 9.941701152148246790e-02 5.139831933841348954e-02 0.000000000000000000e+00 1.351756761897010724e-02
0.000000000000000000e+00 1.694068799152892713e-01 7.116151880803163465e-02 0.000000000000000000e+00 0.000000000000000000e+00
0.000000000000000000e+00 1.436897520856580124e-01 1.310945310499737060e-01 6.609363152633683514e-02 0.000000000000000000e+00
0.000000000000000000e+00 7.383899914285955990e-02 1.517937179716535578e-01 1.188205217251193380e-01 8.719268717069045271e-03
7.727404087097643204e-02 0.000000000000000000e+00 8.034369164609714287e-02 1.255821399061938515e-01 2.261505087883207421e-02
1.304689858476306696e-01 0.000000000000000000e+00 3.547311399038075626e-03 6.162792483358150997e-02 8.830922494314275006e-02
1.253651952350403886e-01 0.000000000000000000e+00 0.000000000000000000e+00 0.000000000000000000e+00 6.413719449027519004e-02
6.657839502906107154e-02 0.000000000000000000e+00 0.000000000000000000e+00 0.000000000000000000e+00 2.728218530078449153e-02
5.805006415222888766e-03 2.030753382776548030e-03 1.091202719674193300e-02 0.000000000000000000e+00 1.228232413599951271e-02
1.087542538124557871e-03 3.261048781456183081e-03 9.489397197464348802e-03 0.000000000000000000e+00 7.605826104122901700e-03
0.000000000000000000e+00 2.857218784190552682e-03 5.292424230804828808e-03 0.000000000000000000e+00 1.423477026806913709e-03
0.000000000000000000e+00 3.049497040822756171e-03 2.917716373865167443e-03 0.000000000000000000e+00 0.000000000000000000e+00
0.000000000000000000e+00 2.746111161073825583e-03 1.392734073827659553e-03 0.000000000000000000e+00 0.000000000000000000e+00
0.000000000000000000e+00 0.000000000000000000e+00 0.000000000000000000e+00 0.000000000000000000e+00 0.000000000000000000e+00
0.000000000000000000e+00 0.000000000000000000e+00 0.000000000000000000e+00 0.000000000000000000e+00 0.000000000000000000e+00
0.000000000000000000e+00 0.000000000000000000e+00 0.000000000000000000e+00 0.000000000000000000e+00 0.000000000000000000e+00
0.000000000000000000e+00 0.000000000000000000e+00 0.000000000000000000e+00 0.000000000000000000e+00 0.000000000000000000e+00
0.000000000000000000e+00 0.000000000000000000e+00 0.000000000000000000e+00 0.000000000000000000e+00 0.000000000000000000e+00
1.306882775675401935e-04 1.941404691093095167e-03 0.000000000000000000e+00 0.000000000000000000e+00 0.000000000000000000e+00
0.000000000000000000e+00 0.000000000000000000e+00 0.000000000000000000e+00 0.000000000000000000e+00 0.000000000000000000e+00
0.000000000000000000e+00 0.000000000000000000e+00 0.000000000000000000e+00 0.000000000000000000e+00 0.000000000000000000e+00
0.000000000000000000e+00 0.000000000000000000e+00 0.000000000000000000e+00 0.000000000000000000e+00 0.000000000000000000e+00
1.713226367641665522e-04 2.253083556122407839e-05 4.091847223157867096e-04 0.000000000000000000e+00 0.000000000000000000e+00
1.047194250987181982e-02 2.839819380488194382e-04 2.931724357652057411e-03 0.000000000000000000e+00 0.000000000000000000e+00
1.093659253993220330e-02 0.000000000000000000e+00 1.073790894126222355e-02 0.000000000000000000e+00 0.000000000000000000e+00
3.459715681797326855e-03 3.225747051324265205e-04 4.619881355491935529e-03 0.000000000000000000e+00 0.000000000000000000e+00
0.000000000000000000e+00 2.363821111615717688e-02 8.335840508927572570e-03 0.000000000000000000e+00 6.584618597634425653e-04
0.000000000000000000e+00 8.054503027553247541e-02 1.744476052357754950e-02 0.000000000000000000e+00 8.025554019128959549e-03
0.000000000000000000e+00 1.585536858684121198e-01 1.682964494381596066e-02 0.000000000000000000e+00 1.689539384580782469e-03
0.000000000000000000e+00 1.665356476219454207e-01 5.348930802233417547e-02 4.763372256560467061e-02 0.000000000000000000e+00
0.000000000000000000e+00 8.293603089472420531e-02 1.237334548571836224e-01 1.196671514471210340e-01 0.000000000000000000e+00
2.091777233338820013e-02 0.000000000000000000e+00 1.404062095769758323e-01 1.286195013545559374e-01 1.941081293315362333e-02
9.955714734650482345e-02 0.000000000000000000e+00 5.630892081788334280e-02 8.566519546527144591e-02 6.615060108125418725e-02
1.310835300439364137e-01 0.000000000000000000e+00 0.000000000000000000e+00 2.226561164052348260e-02 7.580346802349197111e-02
1.088088515640428522e-01 0.000000000000000000e+00 0.000000000000000000e+00 0.000000000000000000e+00 4.560818886499174579e-02
4.615490163080469138e-02 0.000000000000000000e+00 0.000000000000000000e+00 0.000000000000000000e+00 8.497954422765465268e-03
3.304032677440844456e-03 0.000000000000000000e+00 0.000000000000000000e+00 0.000000000000000000e+00 9.539984706736937686e-03
1.792777075462912350e-04 6.515237996142498027e-04 8.100750581347908709e-04 0.000000000000000000e+00 4.642503394573951718e-03
0.000000000000000000e+00 7.159914718111741374e-04 1.181164263305377890e-03 0.000000000000000000e+00 1.885598684166861518e-05
0.000000000000000000e+00 7.159914718111741374e-04 1.181164263305377890e-03 0.000000000000000000e+00 1.885598684166861518e-05
0.000000000000000000e+00 7.159914718111741374e-04 1.181164263305377890e-03 0.000000000000000000e+00 1.885598684166861518e-05
0.000000000000000000e+00 0.000000000000000000e+00 0.000000000000000000e+00 0.000000000000000000e+00 0.000000000000000000e+00
0.000000000000000000e+00 0.000000000000000000e+00 0.000000000000000000e+00 0.000000000000000000e+00 0.000000000000000000e+00
0.000000000000000000e+00 0.000000000000000000e+00 0.000000000000000000e+00 0.000000000000000000e+00 0.000000000000000000e+00
0.000000000000000000e+00 0.000000000000000000e+00 0.000000000000000000e+00 0.000000000000000000e+00 0.000000000000000000e+00
0.000000000000000000e+00 0.000000000000000000e+00 0.000000000000000000e+00 0.000000000000000000e+00 0.000000000000000000e+00
1.574199707063554980e-04 2.338510196089410575e-03 0.000000000000000000e+00 0.000000000000000000e+00 0.000000000000000000e+00
0.000000000000000000e+00 0.000000000000000000e+00 0.000000000000000000e+00 0.000000000000000000e+00 0.000000000000000000e+00
0.000000000000000000e+00 0.000000000000000000e+00 0.000000000000000000e+00 0.000000000000000000e+00 0.000000000000000000e+00
0.000000000000000000e+00 0.000000000000000000e+00 0.000000000000000000e+00 0.000000000000000000e+00 0.000000000000000000e+00
0.000000000000000000e+00 0.000000000000000000e+00 0.000000000000000000e+00 0.000000000000000000e+00 0.000000000000000000e+00
5.962195319780153741e-03 0.000000000000000000e+00 0.000000000000000000e+00 3.925298137885129446e-04 1.018829888444772354e-03
2.299591587864217076e-03 1.919659363012868021e-03 1.266006507817862489e-03 0.000000000000000000e+00 0.000000000000000000e+00
1.902256361062665941e-04 1.407572209680277298e-02 2.523364349461981217e-04 0.000000000000000000e+00 0.000000000000000000e+00
0.000000000000000000e+00 6.429325306936393980e-02 8.965350714455715478e-03 0.000000000000000000e+00 6.722590111559935411e-03
0.000000000000000000e+00 1.451374272553027367e-01 7.246364661573593581e-03 0.000000000000000000e+00 4.194915880729546166e-03
0.000000000000000000e+00 1.850980415337321605e-01 1.368940825089702551e-02 3.030167431683412904e-02 0.000000000000000000e+00
0.000000000000000000e+00 9.987445314404339025e-02 7.633893498354178686e-02 1.125981020744085404e-01 0.000000000000000000e+00
0.000000000000000000e+00 1.692033066177525344e-02 1.315768391634100920e-01 1.374633592257846204e-01 1.166873660180296627e-03
4.828346400537249228e-02 0.000000000000000000e+00 1.278175572080063327e-01 1.052607335517327103e-01 4.737270272867200732e-02
1.142323862312839000e-01 0.000000000000000000e+00 3.275571059320250139e-02 2.481466995332212711e-02 7.659557770628745710e-02
1.217468330416446309e-01 0.000000000000000000e+00 0.000000000000000000e+00 0.000000000000000000e+00 6.010500448438096943e-02
8.833375089379118250e-02 0.000000000000000000e+00 0.000000000000000000e+00 0.000000000000000000e+00 3.184324937805313449e-02
3.098779963752145220e-02 0.000000000000000000e+00 0.000000000000000000e+00 0.000000000000000000e+00 7.502639272755466833e-03
3.225081688814955029e-03 0.000000000000000000e+00 0.000000000000000000e+00 0.000000000000000000e+00 1.135300431501572171e-02
4.526765880611593524e-05 0.000000000000000000e+00 0.000000000000000000e+00 0.000000000000000000e+00 7.386892308211339634e-04
0.000000000000000000e+00 0.000000000000000000e+00 0.000000000000000000e+00 0.000000000000000000e+00 0.000000000000000000e+00
0.000000000000000000e+00 0.000000000000000000e+00 0.000000000000000000e+00 0.000000000000000000e+00 0.000000000000000000e+00
0.000000000000000000e+00 0.000000000000000000e+00 0.000000000000000000e+00 0.000000000000000000e+00 0.000000000000000000e+00
0.000000000000000000e+00 0.000000000000000000e+00 0.000000000000000000e+00 0.000000000000000000e+00 0.000000000000000000e+00
0.000000000000000000e+00 0.000000000000000000e+00 0.000000000000000000e+00 0.000000000000000000e+00 0.000000000000000000e+00
0.000000000000000000e+00 0.000000000000000000e+00 0.000000000000000000e+00 0.000000000000000000e+00 0.000000000000000000e+00
0.000000000000000000e+00 0.000000000000000000e+00 0.000000000000000000e+00 0.000000000000000000e+00 0.000000000000000000e+00
0.000000000000000000e+00 0.000000000000000000e+00 0.000000000000000000e+00 0.000000000000000000e+00 0.000000000000000000e+00
0.000000000000000000e+00 0.000000000000000000e+00 0.000000000000000000e+00 0.000000000000000000e+00 0.000000000000000000e+00
0.000000000000000000e+00 0.000000000000000000e+00 0.000000000000000000e+00 0.000000000000000000e+00 0.000000000000000000e+00
0.000000000000000000e+00 0.000000000000000000e+00 0.000000000000000000e+00 0.000000000000000000e+00 0.000000000000000000e+00
0.000000000000000000e+00 0.000000000000000000e+00 0.000000000000000000e+00 0.000000000000000000e+00 0.000000000000000000e+00
0.000000000000000000e+00 0.000000000000000000e+00 0.000000000000000000e+00 0.000000000000000000e+00 0.000000000000000000e+00
8.831705192887568138e-04 1.634611175033874554e-03 0.000000000000000000e+00 0.000000000000000000e+00 0.000000000000000000e+00
5.151782068128016182e-04 1.497557749140250929e-02 0.000000000000000000e+00 0.000000000000000000e+00 0.000000000000000000e+00
0.000000000000000000e+00 5.888402026284166729e-02 1.957270838550701636e-03 0.000000000000000000e+00 6.427376134408444713e-03
0.000000000000000000e+00 1.333257751009770398e-01 2.481050836045749393e-03 0.000000000000000000e+00 2.258691221130515925e-04
0.000000000000000000e+00 1.756988597915694061e-01 2.913404333562307630e-03 1.840733094993842606e-02 0.000000000000000000e+00
0.000000000000000000e+00 1.183363483230060326e-01 2.786076893326609044e-02 9.676361285460144401e-02 0.000000000000000000e+00
0.000000000000000000e+00 3.611882803581849960e-02 1.060225684356101566e-01 1.378496583614484405e-01 0.000000000000000000e+00
8.547228967305307498e-03 0.000000000000000000e+00 1.356886238072717854e-01 1.196147159827198464e-01 2.998192382728585847e-02
6.707218536157406874e-02 0.000000000000000000e+00 1.027082070577995665e-01 5.346906972518643969e-02 6.734178450391861692e-02
1.168817065772031621e-01 0.000000000000000000e+00 1.083511320017269131e-02 0.000000000000000000e+00 6.617659454695251631e-02
1.004362027713248950e-01 0.000000000000000000e+00 0.000000000000000000e+00 0.000000000000000000e+00 3.524747122412778821e-02
6.186481061419384087e-02 0.000000000000000000e+00 0.000000000000000000e+00 0.000000000000000000e+00 1.145415400122319627e-02
1.907762612829376134e-02 0.000000000000000000e+00 0.000000000000000000e+00 0.000000000000000000e+00 1.113861533254875170e-02
3.112750831777554451e-03 0.000000000000000000e+00 0.000000000000000000e+00 0.000000000000000000e+00 9.519960668163284304e-03
0.000000000000000000e+00 0.000000000000000000e+00 0.000000000000000000e+00 0.000000000000000000e+00 0.000000000000000000e+00
0.000000000000000000e+00 0.000000000000000000e+00 0.000000000000000000e+00 0.000000000000000000e+00 0.000000000000000000e+00
0.000000000000000000e+00 0.000000000000000000e+00 0.000000000000000000e+00 0.000000000000000000e+00 0.000000000000000000e+00
0.000000000000000000e+00 0.000000000000000000e+00 0.000000000000000000e+00 0.000000000000000000e+00 0.000000000000000000e+00
0.000000000000000000e+00 0.000000000000000000e+00 0.000000000000000000e+00 0.000000000000000000e+00 0.000000000000000000e+00
0.000000000000000000e+00 0.000000000000000000e+00 0.000000000000000000e+00 0.000000000000000000e+00 0.000000000000000000e+00
0.000000000000000000e+00 0.000000000000000000e+00 0.000000000000000000e+00 0.000000000000000000e+00 0.000000000000000000e+00
0.000000000000000000e+00 0.000000000000000000e+00 0.000000000000000000e+00 0.000000000000000000e+00 0.000000000000000000e+00
0.000000000000000000e+00 0.000000000000000000e+00 0.000000000000000000e+00 0.000000000000000000e+00 0.000000000000000000e+00
0.000000000000000000e+00 0.000000000000000000e+00 0.000000000000000000e+00 0.000000000000000000e+00 0.000000000000000000e+00
0.000000000000000000e+00 0.000000000000000000e+00 0.000000000000000000e+00 0.000000000000000000e+00 0.000000000000000000e+00
0.000000000000000000e+00 0.000000000000000000e+00 0.000000000000000000e+00 0.000000000000000000e+00 0.000000000000000000e+00
0.000000000000000000e+00 0.000000000000000000e+00 0.000000000000000000e+00 0.000000000000000000e+00 0.000000000000000000e+00
1.802260683830680531e-04 3.050751478631022386e-03 0.000000000000000000e+00 0.000000000000000000e+00 0.000000000000000000e+00
1.495388452108271232e-03 1.426509363028418201e-02 0.000000000000000000e+00 0.000000000000000000e+00 0.000000000000000000e+00
2.586786791311452335e-03 4.558857732695678622e-02 0.000000000000000000e+00 0.000000000000000000e+00 3.797084859484115330e-04
0.000000000000000000e+00 1.234561296424964566e-01 0.000000000000000000e+00 0.000000000000000000e+00 6.142695249469462548e-03
0.000000000000000000e+00 1.654783040219583445e-01 0.000000000000000000e+00 7.529378137049238910e-03 0.000000000000000000e+00
0.000000000000000000e+00 1.295630456384889717e-01 6.691452666665577420e-03 7.733346886633910011e-02 0.000000000000000000e+00
0.000000000000000000e+00 5.074253638332354432e-02 5.526083782977997405e-02 1.376530654084894278e-01 0.000000000000000000e+00
0.000000000000000000e+00 0.000000000000000000e+00 1.273350108304235340e-01 1.318730849340496725e-01 8.590544615393399738e-03
3.141466799914940239e-02 0.000000000000000000e+00 1.313957754663634681e-01 7.596851423431813521e-02 3.749057228255084362e-02
9.074754368872914312e-02 0.000000000000000000e+00 7.177927340218530350e-02 1.089913012689333442e-04 5.622101910744162212e-02
1.162542634888820842e-01 0.000000000000000000e+00 0.000000000000000000e+00 0.000000000000000000e+00 5.570297455451218155e-02
8.937480811741553566e-02 0.000000000000000000e+00 0.000000000000000000e+00 0.000000000000000000e+00 2.447361602677879111e-02
4.673096623873430194e-02 0.000000000000000000e+00 0.000000000000000000e+00 0.000000000000000000e+00 0.000000000000000000e+00
9.382345333935235634e-03 0.000000000000000000e+00 0.000000000000000000e+00 0.000000000000000000e+00 1.137067666093109081e-02
1.550916074690293070e-03 0.000000000000000000e+00 0.000000000000000000e+00 0.000000000000000000e+00 5.994479581469649813e-03
0.000000000000000000e+00 0.000000000000000000e+00 0.000000000000000000e+00 0.000000000000000000e+00 0.000000000000000000e+00
0.000000000000000000e+00 0.000000000000000000e+00 0.000000000000000000e+00 0.000000000000000000e+00 0.000000000000000000e+00
0.000000000000000000e+00 0.000000000000000000e+00 0.000000000000000000e+00 0.000000000000000000e+00 0.000000000000000000e+00
0.000000000000000000e+00 0.000000000000000000e+00 0.000000000000000000e+00 0.000000000000000000e+00 0.000000000000000000e+00
0.000000000000000000e+00 0.000000000000000000e+00 0.000000000000000000e+00 0.000000000000000000e+00 0.000000000000000000e+00
0.000000000000000000e+00 0.000000000000000000e+00 0.000000000000000000e+00 0.000000000000000000e+00 0.000000000000000000e+00
0.000000000000000000e+00 0.000000000000000000e+00 0.000000000000000000e+00 0.000000000000000000e+00 0.000000000000000000e+00
0.000000000000000000e+00 0.000000000000000000e+00 0.000000000000000000e+00 0.000000000000000000e+00 0.000000000000000000e+00
0.000000000000000000e+00 0.000000000000000000e+00 0.000000000000000000e+00 0.000000000000000000e+00 0.000000000000000000e+00
0.000000000000000000e+00 0.000000000000000000e+00 0.000000000000000000e+00 0.000000000000000000e+00 0.000000000000000000e+00
0.000000000000000000e+00 0.000000000000000000e+00 0.000000000000000000e+00 0.000000000000000000e+00 0.000000000000000000e+00
0.000000000000000000e+00 0.000000000000000000e+00 0.000000000000000000e+00 0.000000000000000000e+00 0.000000000000000000e+00
1.266705883870651226e-04 1.409333833315626816e-03 0.000000000000000000e+00 0.000000000000000000e+00 0.000000000000000000e+00
2.395571451730485468e-03 1.473494030456362278e-02 0.000000000000000000e+00 0.000000000000000000e+00 0.000000000000000000e+00
4.654214521580285306e-03 3.067344021498844345e-02 0.000000000000000000e+00 0.000000000000000000e+00 0.000000000000000000e+00
6.941210447743153926e-03 1.016957045622158828e-01 0.000000000000000000e+00 0.000000000000000000e+00 0.000000000000000000e+00
3.717526651780729292e-03 1.622585307146404698e-01 0.000000000000000000e+00 3.174543456071730017e-03 0.000000000000000000e+00
0.000000000000000000e+00 1.321964754924010721e-01 0.000000000000000000e+00 6.359638959239347078e-02 7.215656381130545506e-03
0.000000000000000000e+00 7.304758962624924301e-02 1.943648394989450079e-02 1.231127606984085826e-01 0.000000000000000000e+00
0.000000000000000000e+00 0.000000000000000000e+00 8.224560154934001943e-02 1.401665228468494395e-01 0.000000000000000000e+00
7.859832880108988049e-03 0.000000000000000000e+00 1.320603085066477944e-01 9.409360884065119668e-02 9.585248070901802864e-03
5.281032227278270597e-02 0.000000000000000000e+00 1.183946395014549985e-01 2.347258763180162799e-02 3.859327025115746185e-02
9.227645493819167100e-02 0.000000000000000000e+00 4.614821759302070031e-02 0.000000000000000000e+00 6.956036102380494524e-02
1.087433769520842614e-01 0.000000000000000000e+00 0.000000000000000000e+00 0.000000000000000000e+00 4.087808309096246234e-02
7.732141190026110833e-02 0.000000000000000000e+00 0.000000000000000000e+00 0.000000000000000000e+00 1.705086384701835767e-02
3.589480633103684509e-02 0.000000000000000000e+00 0.000000000000000000e+00 0.000000000000000000e+00 1.711629503866817729e-03
2.838255450514414434e-03 0.000000000000000000e+00 0.000000000000000000e+00 0.000000000000000000e+00 9.312971960855910211e-03
1.239195163198432209e-03 0.000000000000000000e+00 0.000000000000000000e+00 0.000000000000000000e+00 4.567894348063376159e-03
0.000000000000000000e+00 0.000000000000000000e+00 0.000000000000000000e+00 0.000000000000000000e+00 0.000000000000000000e+00
0.000000000000000000e+00 0.000000000000000000e+00 0.000000000000000000e+00 0.000000000000000000e+00 0.000000000000000000e+00
0.000000000000000000e+00 0.000000000000000000e+00 0.000000000000000000e+00 0.000000000000000000e+00 0.000000000000000000e+00
0.000000000000000000e+00 0.000000000000000000e+00 0.000000000000000000e+00 0.000000000000000000e+00 0.000000000000000000e+00
0.000000000000000000e+00 0.000000000000000000e+00 0.000000000000000000e+00 0.000000000000000000e+00 0.000000000000000000e+00
0.000000000000000000e+00 0.000000000000000000e+00 0.000000000000000000e+00 0.000000000000000000e+00 0.000000000000000000e+00
0.000000000000000000e+00 0.000000000000000000e+00 0.000000000000000000e+00 0.000000000000000000e+00 0.000000000000000000e+00
0.000000000000000000e+00 0.000000000000000000e+00 0.000000000000000000e+00 0.000000000000000000e+00 0.000000000000000000e+00
0.000000000000000000e+00 0.000000000000000000e+00 0.000000000000000000e+00 0.000000000000000000e+00 0.000000000000000000e+00
0.000000000000000000e+00 0.000000000000000000e+00 0.000000000000000000e+00 0.000000000000000000e+00 0.000000000000000000e+00
0.000000000000000000e+00 0.000000000000000000e+00 0.000000000000000000e+00 0.000000000000000000e+00 0.000000000000000000e+00
1.461292446349203022e-05 2.473582279971097840e-04 0.000000000000000000e+00 0.000000000000000000e+00 0.000000000000000000e+00
1.379807313309653651e-03 9.649693728494130457e-03 0.000000000000000000e+00 0.000000000000000000e+00 0.000000000000000000e+00
4.892128074939463417e-03 2.855508496976387131e-02 0.000000000000000000e+00 0.000000000000000000e+00 0.000000000000000000e+00
7.503851274076465266e-03 7.619715185157374671e-02 0.000000000000000000e+00 0.000000000000000000e+00 0.000000000000000000e+00
7.693875250083794144e-03 1.432866349740479217e-01 0.000000000000000000e+00 5.731806990622512936e-04 0.000000000000000000e+00
0.000000000000000000e+00 1.225594639996115398e-01 0.000000000000000000e+00 4.768642002594913887e-02 7.842118028231388066e-03
0.000000000000000000e+00 6.826501513610801208e-02 0.000000000000000000e+00 1.077038342453023601e-01 3.065618778572133619e-04
0.000000000000000000e+00 7.689001113659636386e-04 3.442912047674715620e-02 1.390540541324063462e-01 0.000000000000000000e+00
0.000000000000000000e+00 0.000000000000000000e+00 1.091087684053519968e-01 1.151349576103045530e-01 0.000000000000000000e+00
2.909611393304876656e-02 0.000000000000000000e+00 1.301687737556127822e-01 4.788405532094587580e-02 1.703545273887814224e-02
6.155532240337433653e-02 0.000000000000000000e+00 1.033485807011405855e-01 0.000000000000000000e+00 4.464097174507691834e-02
9.438462331331888555e-02 0.000000000000000000e+00 2.837056195389948618e-02 0.000000000000000000e+00 6.017335497167449615e-02
1.065558747518269705e-01 0.000000000000000000e+00 0.000000000000000000e+00 0.000000000000000000e+00 3.437179483622024301e-02
7.518810124438665698e-02 0.000000000000000000e+00 0.000000000000000000e+00 0.000000000000000000e+00 1.796021161975748862e-02
2.784010205292988469e-02 0.000000000000000000e+00 0.000000000000000000e+00 0.000000000000000000e+00 9.893200256552269877e-04
3.126820000778199760e-03 0.000000000000000000e+00 0.000000000000000000e+00 0.000000000000000000e+00 5.541524789256149081e-03
8.668261732718101058e-04 0.000000000000000000e+00 0.000000000000000000e+00 0.000000000000000000e+00 3.195275849384233112e-03
0.000000000000000000e+00 0.000000000000000000e+00 0.000000000000000000e+00 0.000000000000000000e+00 0.000000000000000000e+00
0.000000000000000000e+00 0.000000000000000000e+00 0.000000000000000000e+00 0.000000000000000000e+00 0.000000000000000000e+00
0.000000000000000000e+00 0.000000000000000000e+00 0.000000000000000000e+00 0.000000000000000000e+00 0.000000000000000000e+00
0.000000000000000000e+00 0.000000000000000000e+00 0.000000000000000000e+00 0.000000000000000000e+00 0.000000000000000000e+00
0.000000000000000000e+00 0.000000000000000000e+00 0.000000000000000000e+00 0.000000000000000000e+00 0.000000000000000000e+00
0.000000000000000000e+00 0.000000000000000000e+00 0.000000000000000000e+00 0.000000000000000000e+00 0.000000000000000000e+00
0.000000000000000000e+00 0.000000000000000000e+00 0.000000000000000000e+00 0.000000000000000000e+00 0.000000000000000000e+00
0.000000000000000000e+00 0.000000000000000000e+00 0.000000000000000000e+00 0.000000000000000000e+00 0.000000000000000000e+00
0.000000000000000000e+00 0.000000000000000000e+00 0.000000000000000000e+00 0.000000000000000000e+00 0.000000000000000000e+00
0.000000000000000000e+00 0.000000000000000000e+00 0.000000000000000000e+00 0.000000000000000000e+00 0.000000000000000000e+00
0.000000000000000000e+00 0.000000000000000000e+00 0.000000000000000000e+00 0.000000000000000000e+00 0.000000000000000000e+00
8.554423036347252591e-05 1.725613780723432708e-03 0.000000000000000000e+00 0.000000000000000000e+00 0.000000000000000000e+00
4.704374741148680504e-03 2.326513073779627738e-02 0.000000000000000000e+00 0.000000000000000000e+00 0.000000000000000000e+00
7.230100480280329985e-03 4.056862400949211300e-02 0.000000000000000000e+00 0.000000000000000000e+00 0.000000000000000000e+00
9.409988658400127159e-03 1.213280663758214833e-01 0.000000000000000000e+00 0.000000000000000000e+00 0.000000000000000000e+00
0.000000000000000000e+00 1.277861890778109188e-01 0.000000000000000000e+00 2.758169874791192161e-02 1.186269982324496958e-02
0.000000000000000000e+00 7.901464678156029653e-02 0.000000000000000000e+00 8.865985762335565346e-02 7.223479030833380651e-03
0.000000000000000000e+00 1.394125997830444191e-02 9.572784867563242581e-03 1.295538120082641298e-01 0.000000000000000000e+00
0.000000000000000000e+00 0.000000000000000000e+00 4.561748074943408615e-02 1.294034617583692814e-01 0.000000000000000000e+00
0.000000000000000000e+00 0.000000000000000000e+00 1.184058445323039194e-01 7.801350206172906476e-02 0.000000000000000000e+00
3.453407554556579828e-02 0.000000000000000000e+00 1.234152975493473109e-01 1.213245390864164594e-02 3.432774792963135674e-02
6.226769842849501357e-02 0.000000000000000000e+00 9.465294663881430870e-02 0.000000000000000000e+00 5.041966267184474354e-02
9.413983065171285802e-02 0.000000000000000000e+00 1.723010778027429454e-02 0.000000000000000000e+00 4.770938393052856497e-02
1.062142050107354740e-01 0.000000000000000000e+00 0.000000000000000000e+00 0.000000000000000000e+00 3.536101526841698567e-02
6.760153246406468142e-02 0.000000000000000000e+00 0.000000000000000000e+00 0.000000000000000000e+00 1.832770355875715587e-02
2.649411265145262817e-02 0.000000000000000000e+00 0.000000000000000000e+00 0.000000000000000000e+00 0.000000000000000000e+00
1.538311237073915943e-03 0.000000000000000000e+00 0.000000000000000000e+00 0.000000000000000000e+00 5.670489535526949086e-03
6.226497864346800405e-04 0.000000000000000000e+00 0.000000000000000000e+00 0.000000000000000000e+00 2.295198145332338641e-03
0.000000000000000000e+00 0.000000000000000000e+00 0.000000000000000000e+00 0.000000000000000000e+00 0.000000000000000000e+00
0.000000000000000000e+00 0.000000000000000000e+00 0.000000000000000000e+00 0.000000000000000000e+00 0.000000000000000000e+00
0.000000000000000000e+00 0.000000000000000000e+00 0.000000000000000000e+00 0.000000000000000000e+00 0.000000000000000000e+00
0.000000000000000000e+00 0.000000000000000000e+00 0.000000000000000000e+00 0.000000000000000000e+00 0.000000000000000000e+00
0.000000000000000000e+00 0.000000000000000000e+00 0.000000000000000000e+00 0.000000000000000000e+00 0.000000000000000000e+00
0.000000000000000000e+00 0.000000000000000000e+00 0.000000000000000000e+00 0.000000000000000000e+00 0.000000000000000000e+00
0.000000000000000000e+00 0.000000000000000000e+00 0.000000000000000000e+00 0.000000000000000000e+00 0.000000000000000000e+00
0.000000000000000000e+00 0.000000000000000000e+00 0.000000000000000000e+00 0.000000000000000000e+00 0.000000000000000000e+00
0.000000000000000000e+00 0.000000000000000000e+00 0.000000000000000000e+00 0.000000000000000000e+00 0.000000000000000000e+00
0.000000000000000000e+00 0.000000000000000000e+00 0.000000000000000000e+00 0.000000000000000000e+00 0.000000000000000000e+00
0.000000000000000000e+00 0.000000000000000000e+00 0.000000000000000000e+00 0.000000000000000000e+00 0.000000000000000000e+00
8.368892565141153447e-05 5.210168845879361611e-03 0.000000000000000000e+00 0.000000000000000000e+00 2.874627601952778680e-04
3.888939347897788380e-03 2.796863292576064544e-02 0.000000000000000000e+00 0.000000000000000000e+00 0.000000000000000000e+00
9.598693997299297120e-03 6.718824158119238166e-02 0.000000000000000000e+00 0.000000000000000000e+00 0.000000000000000000e+00
5.574783149193566177e-03 1.114389290866589777e-01 0.000000000000000000e+00 5.270164947011168194e-03 6.430374596251033775e-03
0.000000000000000000e+00 9.868690962795073629e-02 0.000000000000000000e+00 4.771561435565530029e-02 1.031905281276840336e-02
0.000000000000000000e+00 3.315089660141572192e-02 0.000000000000000000e+00 1.039557721638799392e-01 0.000000000000000000e+00
0.000000000000000000e+00 0.000000000000000000e+00 2.715256320919474681e-03 1.285042709294831886e-01 0.000000000000000000e+00
0.000000000000000000e+00 0.000000000000000000e+00 4.052109236046967655e-02 1.028223214482590075e-01 0.000000000000000000e+00
3.817883634978867010e-03 0.000000000000000000e+00 9.730576059050967397e-02 3.915452148335071825e-02 1.363536566292639779e-02
3.267309195597110222e-02 0.000000000000000000e+00 1.092592075026019155e-01 0.000000000000000000e+00 3.976013850506371350e-02
7.510660430666445120e-02 0.000000000000000000e+00 6.628613521961174149e-02 0.000000000000000000e+00 3.283941519089662864e-02
1.020013334480418671e-01 0.000000000000000000e+00 3.918470734467027414e-03 0.000000000000000000e+00 3.159647126342546991e-02
1.009051892549011342e-01 0.000000000000000000e+00 0.000000000000000000e+00 0.000000000000000000e+00 2.685770509069936030e-02
4.973756187759149211e-02 0.000000000000000000e+00 0.000000000000000000e+00 0.000000000000000000e+00 2.194828843994026373e-03
1.893057382206808636e-02 0.000000000000000000e+00 0.000000000000000000e+00 0.000000000000000000e+00 0.000000000000000000e+00
1.544415646744844248e-03 0.000000000000000000e+00 0.000000000000000000e+00 0.000000000000000000e+00 5.692991478128248475e-03
0.000000000000000000e+00 0.000000000000000000e+00 0.000000000000000000e+00 0.000000000000000000e+00 0.000000000000000000e+00
0.000000000000000000e+00 0.000000000000000000e+00 0.000000000000000000e+00 0.000000000000000000e+00 0.000000000000000000e+00
0.000000000000000000e+00 0.000000000000000000e+00 0.000000000000000000e+00 0.000000000000000000e+00 0.000000000000000000e+00
0.000000000000000000e+00 0.000000000000000000e+00 0.000000000000000000e+00 0.000000000000000000e+00 0.000000000000000000e+00
0.000000000000000000e+00 0.000000000000000000e+00 0.000000000000000000e+00 0.000000000000000000e+00 0.000000000000000000e+00
0.000000000000000000e+00 0.000000000000000000e+00 0.000000000000000000e+00 0.000000000000000000e+00 0.000000000000000000e+00
0.000000000000000000e+00 0.000000000000000000e+00 0.000000000000000000e+00 0.000000000000000000e+00 0.000000000000000000e+00
0.000000000000000000e+00 0.000000000000000000e+00 0.000000000000000000e+00 0.000000000000000000e+00 0.000000000000000000e+00
0.000000000000000000e+00 0.000000000000000000e+00 0.000000000000000000e+00 0.000000000000000000e+00 0.000000000000000000e+00
0.000000000000000000e+00 0.000000000000000000e+00 0.000000000000000000e+00 0.000000000000000000e+00 0.000000000000000000e+00
0.000000000000000000e+00 0.000000000000000000e+00 0.000000000000000000e+00 0.000000000000000000e+00 0.000000000000000000e+00
0.000000000000000000e+00 0.000000000000000000e+00 0.000000000000000000e+00 0.000000000000000000e+00 0.000000000000000000e+00
3.741466485035358164e-05 4.426867790555178740e-03 0.000000000000000000e+00 0.000000000000000000e+00 4.156173346168144157e-04
0.000000000000000000e+00 2.238248848286640905e-02 0.000000000000000000e+00 0.000000000000000000e+00 5.691277544609929864e-03
8.606134443288905025e-04 4.593217267478300753e-02 0.000000000000000000e+00 9.193132437095314496e-04 1.833222509103170708e-02
5.114860333991473954e-04 5.462541700730333405e-02 0.000000000000000000e+00 1.407128222596604368e-02 1.892675901902593494e-02
3.798852156136411982e-04 3.539919792773125323e-02 0.000000000000000000e+00 4.144478841989464313e-02 0.000000000000000000e+00
2.155259558998058860e-03 0.000000000000000000e+00 0.000000000000000000e+00 7.808446412139574688e-02 0.000000000000000000e+00
0.000000000000000000e+00 0.000000000000000000e+00 0.000000000000000000e+00 8.862168542569276442e-02 0.000000000000000000e+00
0.000000000000000000e+00 0.000000000000000000e+00 1.159825724786230604e-02 5.397477480134828948e-02 7.654525911935900623e-03
5.949486531309555737e-03 0.000000000000000000e+00 4.806246084968922999e-02 6.579059333996610699e-03 1.954066800873192206e-02
2.956929326236707942e-02 0.000000000000000000e+00 5.162312028338814779e-02 0.000000000000000000e+00 1.662271716767997273e-02
6.094877145477264890e-02 0.000000000000000000e+00 1.790624950621733796e-02 0.000000000000000000e+00 1.150592142835950814e-02
8.021460084343164099e-02 0.000000000000000000e+00 0.000000000000000000e+00 0.000000000000000000e+00 1.192397626072091467e-02
6.021365714473807251e-02 0.000000000000000000e+00 0.000000000000000000e+00 0.000000000000000000e+00 1.236587502577239303e-02
2.818090043018397356e-02 0.000000000000000000e+00 0.000000000000000000e+00 0.000000000000000000e+00 9.719874677622341794e-03
9.593290312903937980e-03 0.000000000000000000e+00 0.000000000000000000e+00 0.000000000000000000e+00 2.613033812896205059e-03
1.294134850236787178e-03 0.000000000000000000e+00 0.000000000000000000e+00 0.000000000000000000e+00 4.770411831475052447e-03
0.000000000000000000e+00 0.000000000000000000e+00 0.000000000000000000e+00 0.000000000000000000e+00 0.000000000000000000e+00
0.000000000000000000e+00 0.000000000000000000e+00 0.000000000000000000e+00 0.000000000000000000e+00 0.000000000000000000e+00
0.000000000000000000e+00 0.000000000000000000e+00 0.000000000000000000e+00 0.000000000000000000e+00 0.000000000000000000e+00
0.000000000000000000e+00 0.000000000000000000e+00 0.000000000000000000e+00 0.000000000000000000e+00 0.000000000000000000e+00
0.000000000000000000e+00 0.000000000000000000e+00 0.000000000000000000e+00 0.000000000000000000e+00 0.000000000000000000e+00
0.000000000000000000e+00 0.000000000000000000e+00 0.000000000000000000e+00 0.000000000000000000e+00 0.000000000000000000e+00
0.000000000000000000e+00 0.000000000000000000e+00 0.000000000000000000e+00 0.000000000000000000e+00 0.000000000000000000e+00
0.000000000000000000e+00 0.000000000000000000e+00 0.000000000000000000e+00 0.000000000000000000e+00 0.000000000000000000e+00
0.000000000000000000e+00 0.000000000000000000e+00 0.000000000000000000e+00 0.000000000000000000e+00 0.000000000000000000e+00
0.000000000000000000e+00 0.000000000000000000e+00 0.000000000000000000e+00 0.000000000000000000e+00 0.000000000000000000e+00
0.000000000000000000e+00 0.000000000000000000e+00 0.000000000000000000e+00 0.000000000000000000e+00 0.000000000000000000e+00
0.000000000000000000e+00 0.000000000000000000e+00 0.000000000000000000e+00 0.000000000000000000e+00 0.000000000000000000e+00
0.000000000000000000e+00 0.000000000000000000e+00 0.000000000000000000e+00 0.000000000000000000e+00 0.000000000000000000e+00
0.000000000000000000e+00 0.000000000000000000e+00 0.000000000000000000e+00 1.127292466197119545e-03 7.973750886216190645e-03
0.000000000000000000e+00 2.197663751882683158e-03 0.000000000000000000e+00 1.584701442113984953e-03 1.440741835526118848e-02
0.000000000000000000e+00 7.284161073571496919e-03 0.000000000000000000e+00 1.923891928385534737e-03 1.085260411248871980e-02
0.000000000000000000e+00 4.041237195005762881e-03 0.000000000000000000e+00 2.007899126762360213e-03 4.298762437133936930e-03
0.000000000000000000e+00 0.000000000000000000e+00 0.000000000000000000e+00 0.000000000000000000e+00 0.000000000000000000e+00
0.000000000000000000e+00 0.000000000000000000e+00 0.000000000000000000e+00 0.000000000000000000e+00 7.678275638171614759e-04
0.000000000000000000e+00 0.000000000000000000e+00 0.000000000000000000e+00 0.000000000000000000e+00 1.298908295457365872e-02
0.000000000000000000e+00 0.000000000000000000e+00 2.903120077840719033e-03 0.000000000000000000e+00 1.595994587211982743e-02
0.000000000000000000e+00 0.000000000000000000e+00 6.653155809596378659e-03 0.000000000000000000e+00 1.384430478771228948e-02
3.023435139971969443e-03 0.000000000000000000e+00 1.395700235779002811e-03 0.000000000000000000e+00 1.087345528888506406e-02
1.022050781465292518e-02 0.000000000000000000e+00 0.000000000000000000e+00 0.000000000000000000e+00 1.467033142731774542e-02
1.407293968551503668e-02 0.000000000000000000e+00 0.000000000000000000e+00 0.000000000000000000e+00 1.910113650982012481e-02
7.835624869691528230e-03 0.000000000000000000e+00 0.000000000000000000e+00 0.000000000000000000e+00 1.461368336069721226e-02
1.384761742980091925e-03 0.000000000000000000e+00 0.000000000000000000e+00 0.000000000000000000e+00 5.292129437623188139e-03
0.000000000000000000e+00 0.000000000000000000e+00 0.000000000000000000e+00 0.000000000000000000e+00 0.000000000000000000e+00
0.000000000000000000e+00 0.000000000000000000e+00 0.000000000000000000e+00 0.000000000000000000e+00 0.000000000000000000e+00
0.000000000000000000e+00 0.000000000000000000e+00 0.000000000000000000e+00 0.000000000000000000e+00 0.000000000000000000e+00
0.000000000000000000e+00 0.000000000000000000e+00 0.000000000000000000e+00 0.000000000000000000e+00 0.000000000000000000e+00
0.000000000000000000e+00 0.000000000000000000e+00 0.000000000000000000e+00 0.000000000000000000e+00 0.000000000000000000e+00
0.000000000000000000e+00 0.000000000000000000e+00 0.000000000000000000e+00 0.000000000000000000e+00 0.000000000000000000e+00
0.000000000000000000e+00 0.000000000000000000e+00 0.000000000000000000e+00 0.000000000000000000e+00 0.000000000000000000e+00
0.000000000000000000e+00 0.000000000000000000e+00 0.000000000000000000e+00 0.000000000000000000e+00 0.000000000000000000e+00
0.000000000000000000e+00 0.000000000000000000e+00 0.000000000000000000e+00 0.000000000000000000e+00 0.000000000000000000e+00
