0.000000000000000000e+00 0.000000000000000000e+00 0.000000000000000000e+00 0.000000000000000000e+00 0.000000000000000000e+00
0.000000000000000000e+00 0.000000000000000000e+00 0.000000000000000000e+00 0.000000000000000000e+00 0.000000000000000000e+00
0.000000000000000000e+00 0.000000000000000000e+00 0.000000000000000000e+00 0.000000000000000000e+00 0.000000000000000000e+00
0.000000000000000000e+00 0.000000000000000000e+00 0.000000000000000000e+00 0.000000000000000000e+00 0.000000000000000000e+00
0.000000000000000000e+00 0.000000000000000000e+00 0.000000000000000000e+00 0.000000000000000000e+00 0.000000000000000000e+00
0.000000000000000000e+00 0.000000000000000000e+00 0.000000000000000000e+00 0.000000000000000000e+00 0.000000000000000000e+00
0.000000000000000000e+00 0.000000000000000000e+00 0.000000000000000000e+00 0.000000000000000000e+00 0.000000000000000000e+00
0.000000000000000000e+00 0.000000000000000000e+00 0.000000000000000000e+00 0.000000000000000000e+00 0.000000000000000000e+00
0.000000000000000000e+00 0.000000000000000000e+00 0.000000000000000000e+00 0.000000000000000000e+00 0.000000000000000000e+00
0.000000000000000000e+00 0.000000000000000000e+00 0.000000000000000000e+00 0.000000000000000000e+00 0.000000000000000000e+00
0.000000000000000000e+00 0.000000000000000000e+00 0.000000000000000000e+00 0.000000000000000000e+00 0.000000000000000000e+00
0.000000000000000000e+00 0.000000000000000000e+00 0.000000000000000000e+00 0.000000000000000000e+00 0.000000000000000000e+00
0.000000000000000000e+00 0.000000000000000000e+00 0.000000000000000000e+00 0.000000000000000000e+00 0.000000000000000000e+00
0.000000000000000000e+00 0.000000000000000000e+00 0.000000000000000000e+00 0.000000000000000000e+00 0.000000000000000000e+00
0.000000000000000000e+00 0.000000000000000000e+00 0.000000000000000000e+00 0.000000000000000000e+00 0.000000000000000000e+00
0.000000000000000000e+00 0.000000000000000000e+00 0.000000000000000000e+00 0.000000000000000000e+00 0.000000000000000000e+00
0.000000000000000000e+00 0.000000000000000000e+00 0.000000000000000000e+00 0.000000000000000000e+00 0.000000000000000000e+00
0.000000000000000000e+00 0.000000000000000000e+00 0.000000000000000000e+00 0.000000000000000000e+00 0.000000000000000000e+00
0.000000000000000000e+00 0.000000000000000000e+00 0.000000000000000000e+00 0.000000000000000000e+00 0.000000000000000000e+00
0.000000000000000000e+00 0.000000000000000000e+00 0.000000000000000000e+00 0.000000000000000000e+00 0.000000000000000000e+00
0.000000000000000000e+00 0.000000000000000000e+00 0.000000000000000000e+00 0.000000000000000000e+00 0.000000000000000000e+00
0.000000000000000000e+00 0.000000000000000000e+00 0.000000000000000000e+00 0.000000000000000000e+00 0.000000000000000000e+00
0.000000000000000000e+00 0.000000000000000000e+00 0.000000000000000000e+00 0.000000000000000000e+00 0.000000000000000000e+00
0.000000000000000000e+00 0.000000000000000000e+00 0.000000000000000000e+00 0.000000000000000000e+00 0.000000000000000000e+00
0.000000000000000000e+00 0.000000000000000000e+00 0.000000000000000000e+00 0.000000000000000000e+00 0.000000000000000000e+00
0.000000000000000000e+00 0.000000000000000000e+00 0.000000000000000000e+00 0.000000000000000000e+00 0.000000000000000000e+00
0.000000000000000000e+00 0.000000000000000000e+00 0.000000000000000000e+00 0.000000000000000000e+00 0.000000000000000000e+00
0.000000000000000000e+00 0.000000000000000000e+00 0.000000000000000000e+00 0.000000000000000000e+00 0.000000000000000000e+00
0.000000000000000000e+00 0.000000000000000000e+00 0.000000000000000000e+00 0.000000000000000000e+00 0.000000000000000000e+00
0.000000000000000000e+00 0.000000000000000000e+00 0.000000000000000000e+00 0.000000000000000000e+00 0.000000000000000000e+00
0.000000000000000000e+00 0.000000000000000000e+00 0.000000000000000000e+00 0.000000000000000000e+00 0.000000000000000000e+00
0.000000000000000000e+00 0.000000000000000000e+00 0.000000000000000000e+00 0.000000000000000000e+00 0.000000000000000000e+00
0.000000000000000000e+00 0.000000000000000000e+00 0.000000000000000000e+00 0.000000000000000000e+00 0.000000000000000000e+00
0.000000000000000000e+00 0.000000000000000000e+00 0.000000000000000000e+00 0.000000000000000000e+00 0.000000000000000000e+00
0.000000000000000000e+00 0.000000000000000000e+00 0.000000000000000000e+00 0.000000000000000000e+00 0.000000000000000000e+00
0.000000000000000000e+00 0.000000000000000000e+00 0.000000000000000000e+00 0.000000000000000000e+00 0.000000000000000000e+00
0.000000000000000000e+00 0.000000000000000000e+00 0.000000000000000000e+00 0.000000000000000000e+00 0.000000000000000000e+00
0.000000000000000000e+00 0.000000000000000000e+00 0.000000000000000000e+00 0.000000000000000000e+00 0.000000000000000000e+00
0.000000000000000000e+00 0.000000000000000000e+00 0.000000000000000000e+00 0.000000000000000000e+00 0.000000000000000000e+00
0.000000000000000000e+00 0.000000000000000000e+00 0.000000000000000000e+00 0.000000000000000000e+00 0.000000000000000000e+00
0.000000000000000000e+00 0.000000000000000000e+00 0.000000000000000000e+00 0.000000000000000000e+00 0.000000000000000000e+00
0.000000000000000000e+00 0.000000000000000000e+00 0.000000000000000000e+00 0.000000000000000000e+00 0.000000000000000000e+00
0.000000000000000000e+00 0.000000000000000000e+00 0.000000000000000000e+00 0.000000000000000000e+00 0.000000000000000000e+00
0.000000000000000000e+00 0.000000000000000000e+00 0.000000000000000000e+00 0.000000000000000000e+00 0.000000000000000000e+00
0.000000000000000000e+00 0.000000000000000000e+00 0.000000000000000000e+00 0.000000000000000000e+00 0.000000000000000000e+00
0.000000000000000000e+00 0.000000000000000000e+00 0.000000000000000000e+00 0.000000000000000000e+00 0.000000000000000000e+00
0.000000000000000000e+00 0.000000000000000000e+00 0.000000000000000000e+00 0.000000000000000000e+00 0.000000000000000000e+00
0.000000000000000000e+00 0.000000000000000000e+00 0.000000000000000000e+00 0.000000000000000000e+00 0.000000000000000000e+00
0.000000000000000000e+00 0.000000000000000000e+00 0.000000000000000000e+00 0.000000000000000000e+00 0.000000000000000000e+00
0.000000000000000000e+00 0.000000000000000000e+00 0.000000000000000000e+00 0.000000000000000000e+00 0.000000000000000000e+00
0.000000000000000000e+00 0.000000000000000000e+00 0.000000000000000000e+00 0.000000000000000000e+00 0.000000000000000000e+00
0.000000000000000000e+00 0.000000000000000000e+00 0.000000000000000000e+00 0.000000000000000000e+00 0.000000000000000000e+00
0.000000000000000000e+00 0.000000000000000000e+00 0.000000000000000000e+00 0.000000000000000000e+00 0.000000000000000000e+00
0.000000000000000000e+00 0.000000000000000000e+00 0.000000000000000000e+00 0.000000000000000000e+00 0.000000000000000000e+00
0.000000000000000000e+00 0.000000000000000000e+00 0.000000000000000000e+00 0.000000000000000000e+00 0.000000000000000000e+00
0.000000000000000000e+00 0.000000000000000000e+00 0.000000000000000000e+00 0.000000000000000000e+00 0.000000000000000000e+00
0.000000000000000000e+00 0.000000000000000000e+00 0.000000000000000000e+00 0.000000000000000000e+00 0.000000000000000000e+00
0.000000000000000000e+00 0.000000000000000000e+00 0.000000000000000000e+00 0.000000000000000000e+00 0.000000000000000000e+00
0.000000000000000000e+00 0.000000000000000000e+00 0.000000000000000000e+00 0.000000000000000000e+00 0.000000000000000000e+00
0.000000000000000000e+00 0.000000000000000000e+00 0.000000000000000000e+00 0.000000000000000000e+00 0.000000000000000000e+00
0.000000000000000000e+00 0.000000000000000000e+00 0.000000000000000000e+00 0.000000000000000000e+00 0.000000000000000000e+00
0.000000000000000000e+00 0.000000000000000000e+00 0.000000000000000000e+00 0.000000000000000000e+00 0.000000000000000000e+00
0.000000000000000000e+00 0.000000000000000000e+00 0.000000000000000000e+00 0.000000000000000000e+00 0.000000000000000000e+00
0.000000000000000000e+00 0.000000000000000000e+00 0.000000000000000000e+00 0.000000000000000000e+00 0.000000000000000000e+00
0.000000000000000000e+00 0.000000000000000000e+00 0.000000000000000000e+00 0.000000000000000000e+00 0.000000000000000000e+00
0.000000000000000000e+00 0.000000000000000000e+00 0.000000000000000000e+00 0.000000000000000000e+00 0.000000000000000000e+00
0.000000000000000000e+00 0.000000000000000000e+00 0.000000000000000000e+00 0.000000000000000000e+00 0.000000000000000000e+00
0.000000000000000000e+00 0.000000000000000000e+00 0.000000000000000000e+00 0.000000000000000000e+00 0.000000000000000000e+00
0.000000000000000000e+00 0.000000000000000000e+00 0.000000000000000000e+00 0.000000000000000000e+00 0.000000000000000000e+00
0.000000000000000000e+00 0.000000000000000000e+00 0.000000000000000000e+00 0.000000000000000000e+00 0.000000000000000000e+00
0.000000000000000000e+00 0.000000000000000000e+00 0.000000000000000000e+00 0.000000000000000000e+00 0.000000000000000000e+00
0.000000000000000000e+00 0.000000000000000000e+00 0.000000000000000000e+00 0.000000000000000000e+00 0.000000000000000000e+00
0.000000000000000000e+00 0.000000000000000000e+00 0.000000000000000000e+00 0.000000000000000000e+00 0.000000000000000000e+00
0.000000000000000000e+00 0.000000000000000000e+00 0.000000000000000000e+00 0.000000000000000000e+00 0.000000000000000000e+00
0.000000000000000000e+00 0.000000000000000000e+00 0.000000000000000000e+00 0.000000000000000000e+00 0.000000000000000000e+00
0.000000000000000000e+00 0.000000000000000000e+00 0.000000000000000000e+00 0.000000000000000000e+00 0.000000000000000000e+00
0.000000000000000000e+00 0.000000000000000000e+00 0.000000000000000000e+00 0.000000000000000000e+00 0.000000000000000000e+00
0.000000000000000000e+00 0.000000000000000000e+00 0.000000000000000000e+00 0.000000000000000000e+00 0.000000000000000000e+00
0.000000000000000000e+00 0.000000000000000000e+00 0.000000000000000000e+00 0.000000000000000000e+00 0.000000000000000000e+00
0.000000000000000000e+00 0.000000000000000000e+00 0.000000000000000000e+00 0.000000000000000000e+00 0.000000000000000000e+00
0.000000000000000000e+00 0.000000000000000000e+00 0.000000000000000000e+00 0.000000000000000000e+00 0.000000000000000000e+00
0.000000000000000000e+00 0.000000000000000000e+00 0.000000000000000000e+00 0.000000000000000000e+00 0.000000000000000000e+00
0.000000000000000000e+00 0.000000000000000000e+00 0.000000000000000000e+00 0.000000000000000000e+00 0.000000000000000000e+00
0.000000000000000000e+00 0.000000000000000000e+00 0.000000000000000000e+00 0.000000000000000000e+00 0.000000000000000000e+00
0.000000000000000000e+00 0.000000000000000000e+00 0.000000000000000000e+00 0.000000000000000000e+00 0.000000000000000000e+00
0.000000000000000000e+00 0.000000000000000000e+00 0.000000000000000000e+00 0.000000000000000000e+00 0.000000000000000000e+00
0.000000000000000000e+00 0.000000000000000000e+00 0.000000000000000000e+00 0.000000000000000000e+00 0.000000000000000000e+00
0.000000000000000000e+00 0.000000000000000000e+00 0.000000000000000000e+00 0.000000000000000000e+00 0.000000000000000000e+00
0.000000000000000000e+00 0.000000000000000000e+00 0.000000000000000000e+00 0.000000000000000000e+00 0.000000000000000000e+00
0.000000000000000000e+00 0.000000000000000000e+00 0.000000000000000000e+00 0.000000000000000000e+00 0.000000000000000000e+00
0.000000000000000000e+00 0.000000000000000000e+00 0.000000000000000000e+00 0.000000000000000000e+00 0.000000000000000000e+00
0.000000000000000000e+00 0.000000000000000000e+00 0.000000000000000000e+00 0.000000000000000000e+00 0.000000000000000000e+00
0.000000000000000000e+00 0.000000000000000000e+00 0.000000000000000000e+00 0.000000000000000000e+00 0.000000000000000000e+00
0.000000000000000000e+00 0.000000000000000000e+00 0.000000000000000000e+00 0.000000000000000000e+00 0.000000000000000000e+00
0.000000000000000000e+00 0.000000000000000000e+00 0.000000000000000000e+00 0.000000000000000000e+00 0.000000000000000000e+00
0.000000000000000000e+00 0.000000000000000000e+00 0.000000000000000000e+00 0.000000000000000000e+00 0.000000000000000000e+00
0.000000000000000000e+00 0.000000000000000000e+00 0.000000000000000000e+00 0.000000000000000000e+00 0.000000000000000000e+00
0.000000000000000000e+00 0.000000000000000000e+00 0.000000000000000000e+00 0.000000000000000000e+00 0.000000000000000000e+00
0.000000000000000000e+00 0.000000000000000000e+00 0.000000000000000000e+00 0.000000000000000000e+00 0.000000000000000000e+00
0.000000000000000000e+00 0.000000000000000000e+00 0.000000000000000000e+00 0.000000000000000000e+00 0.000000000000000000e+00
0.000000000000000000e+00 0.000000000000000000e+00 0.000000000000000000e+00 0.000000000000000000e+00 0.000000000000000000e+00
0.000000000000000000e+00 0.000000000000000000e+00 0.000000000000000000e+00 0.000000000000000000e+00 0.000000000000000000e+00
0.000000000000000000e+00 0.000000000000000000e+00 0.000000000000000000e+00 0.000000000000000000e+00 0.000000000000000000e+00
0.000000000000000000e+00 0.000000000000000000e+00 0.000000000000000000e+00 0.000000000000000000e+00 0.000000000000000000e+00
0.000000000000000000e+00 0.000000000000000000e+00 0.000000000000000000e+00 0.000000000000000000e+00 0.000000000000000000e+00
0.000000000000000000e+00 0.000000000000000000e+00 0.000000000000000000e+00 0.000000000000000000e+00 0.000000000000000000e+00
0.000000000000000000e+00 0.000000000000000000e+00 0.000000000000000000e+00 0.000000000000000000e+00 0.000000000000000000e+00
0.000000000000000000e+00 0.000000000000000000e+00 0.000000000000000000e+00 0.000000000000000000e+00 0.000000000000000000e+00
0.000000000000000000e+00 0.000000000000000000e+00 0.000000000000000000e+00 0.000000000000000000e+00 0.000000000000000000e+00
0.000000000000000000e+00 0.000000000000000000e+00 0.000000000000000000e+00 0.000000000000000000e+00 0.000000000000000000e+00
0.000000000000000000e+00 0.000000000000000000e+00 0.000000000000000000e+00 0.000000000000000000e+00 0.000000000000000000e+00
0.000000000000000000e+00 0.000000000000000000e+00 0.000000000000000000e+00 0.000000000000000000e+00 0.000000000000000000e+00
0.000000000000000000e+00 0.000000000000000000e+00 0.000000000000000000e+00 0.000000000000000000e+00 0.000000000000000000e+00
0.000000000000000000e+00 0.000000000000000000e+00 0.000000000000000000e+00 0.000000000000000000e+00 0.000000000000000000e+00
0.000000000000000000e+00 0.000000000000000000e+00 0.000000000000000000e+00 0.000000000000000000e+00 0.000000000000000000e+00
0.000000000000000000e+00 0.000000000000000000e+00 0.000000000000000000e+00 0.000000000000000000e+00 0.000000000000000000e+00
0.000000000000000000e+00 0.000000000000000000e+00 0.000000000000000000e+00 0.000000000000000000e+00 0.000000000000000000e+00
0.000000000000000000e+00 0.000000000000000000e+00 0.000000000000000000e+00 0.000000000000000000e+00 0.000000000000000000e+00
0.000000000000000000e+00 0.000000000000000000e+00 0.000000000000000000e+00 0.000000000000000000e+00 0.000000000000000000e+00
0.000000000000000000e+00 0.000000000000000000e+00 0.000000000000000000e+00 0.000000000000000000e+00 0.000000000000000000e+00
0.000000000000000000e+00 0.000000000000000000e+00 0.000000000000000000e+00 0.000000000000000000e+00 0.000000000000000000e+00
0.000000000000000000e+00 0.000000000000000000e+00 0.000000000000000000e+00 0.000000000000000000e+00 0.000000000000000000e+00
0.000000000000000000e+00 0.000000000000000000e+00 0.000000000000000000e+00 0.000000000000000000e+00 0.000000000000000000e+00
5.952146694968058968e-03 0.000000000000000000e+00 0.000000000000000000e+00 0.000000000000000000e+00 9.478344373207415964e-05
1.303577965814317098e-02 0.000000000000000000e+00 0.000000000000000000e+00 0.000000000000000000e+00 3.257192720820185124e-03
4.485251712644523076e-02 0.000000000000000000e+00 0.000000000000000000e+00 0.000000000000000000e+00 4.889949673613174126e-03
8.202860804830652830e-02 0.000000000000000000e+00 0.000000000000000000e+00 0.000000000000000000e+00 8.481991403342784008e-03
9.814503646564813610e-02 0.000000000000000000e+00 0.000000000000000000e+00 0.000000000000000000e+00 2.282605213173208303e-02
9.269360031446445547e-02 0.000000000000000000e+00 0.000000000000000000e+00 0.000000000000000000e+00 3.635118645048223546e-02
6.044321120907794609e-02 0.000000000000000000e+00 0.000000000000000000e+00 0.000000000000000000e+00 3.683786852790814359e-02
2.937543958119981022e-02 0.000000000000000000e+00 0.000000000000000000e+00 0.000000000000000000e+00 3.607432854876849865e-02
7.551383201016184654e-03 0.000000000000000000e+00 1.080797111297596451e-03 0.000000000000000000e+00 3.493477824238140628e-02
0.000000000000000000e+00 0.000000000000000000e+00 3.136024859559699302e-03 0.000000000000000000e+00 3.015744727425618416e-02
0.000000000000000000e+00 1.829828330528426817e-03 1.316277278456499944e-02 0.000000000000000000e+00 5.756506241003514664e-03
0.000000000000000000e+00 1.679100202778675355e-03 1.127490482213176076e-02 0.000000000000000000e+00 0.000000000000000000e+00
0.000000000000000000e+00 3.423369866226638053e-03 4.434298215815828462e-03 0.000000000000000000e+00 2.477330787114481476e-03
0.000000000000000000e+00 2.449185513133023476e-03 1.255842675657221430e-03 0.000000000000000000e+00 1.794407783461575813e-03
0.000000000000000000e+00 0.000000000000000000e+00 0.000000000000000000e+00 0.000000000000000000e+00 0.000000000000000000e+00
0.000000000000000000e+00 0.000000000000000000e+00 0.000000000000000000e+00 0.000000000000000000e+00 0.000000000000000000e+00
0.000000000000000000e+00 0.000000000000000000e+00 0.000000000000000000e+00 0.000000000000000000e+00 0.000000000000000000e+00
0.000000000000000000e+00 0.000000000000000000e+00 0.000000000000000000e+00 0.000000000000000000e+00 0.000000000000000000e+00
0.000000000000000000e+00 0.000000000000000000e+00 0.000000000000000000e+00 0.000000000000000000e+00 0.000000000000000000e+00
0.000000000000000000e+00 0.000000000000000000e+00 0.000000000000000000e+00 0.000000000000000000e+00 0.000000000000000000e+00
0.000000000000000000e+00 0.000000000000000000e+00 0.000000000000000000e+00 0.000000000000000000e+00 0.000000000000000000e+00
0.000000000000000000e+00 0.000000000000000000e+00 0.000000000000000000e+00 0.000000000000000000e+00 0.000000000000000000e+00
0.000000000000000000e+00 0.000000000000000000e+00 0.000000000000000000e+00 0.000000000000000000e+00 0.000000000000000000e+00
0.000000000000000000e+00 0.000000000000000000e+00 0.000000000000000000e+00 0.000000000000000000e+00 0.000000000000000000e+00
0.000000000000000000e+00 0.000000000000000000e+00 0.000000000000000000e+00 0.000000000000000000e+00 0.000000000000000000e+00
7.074713511857024699e-04 4.416888558320894724e-04 5.931768380317297454e-05 0.000000000000000000e+00 0.000000000000000000e+00
3.358957067307280497e-03 1.280320025612035218e-03 1.677066738567906221e-04 0.000000000000000000e+00 0.000000000000000000e+00
1.943614808622110696e-02 2.462517244437795530e-03 2.021750093717736562e-05 0.000000000000000000e+00 0.000000000000000000e+00
7.208185318729849744e-02 0.000000000000000000e+00 0.000000000000000000e+00 8.148146172780118546e-03 0.000000000000000000e+00
1.175182024538370257e-01 1.268891347869313289e-03 0.000000000000000000e+00 1.040086191705047979e-02 3.733190644731427480e-03
1.602821067064684191e-01 8.334565495908505608e-03 0.000000000000000000e+00 0.000000000000000000e+00 2.867074191201197594e-02
1.785957747272357565e-01 2.033579916810347721e-02 0.000000000000000000e+00 0.000000000000000000e+00 6.531693004756959631e-02
1.601464208946713208e-01 2.504623463810401809e-02 0.000000000000000000e+00 7.898313694074132058e-03 8.821004922490928435e-02
1.413050114398959334e-01 1.050447623211054303e-02 1.259362838016163215e-02 8.307676615933085734e-03 1.028948948277459835e-01
1.164901883913188468e-01 0.000000000000000000e+00 3.585598065903056880e-02 0.000000000000000000e+00 1.100890702464438070e-01
8.462156543169020717e-02 0.000000000000000000e+00 5.524788728764219725e-02 0.000000000000000000e+00 9.976489294006199438e-02
5.929555522726815547e-02 0.000000000000000000e+00 5.891307856967081119e-02 0.000000000000000000e+00 8.474982696407210025e-02
2.364677544617058147e-02 0.000000000000000000e+00 5.218464506105529449e-02 0.000000000000000000e+00 6.906638616804208763e-02
7.007071512818597615e-03 0.000000000000000000e+00 4.215935198902411030e-02 0.000000000000000000e+00 3.525961731526608411e-02
0.000000000000000000e+00 6.672761571508720700e-03 2.502240718109823361e-02 5.386794321995903335e-03 4.226798171635461412e-03
0.000000000000000000e+00 1.035791759842111769e-02 8.588811453633684451e-03 1.312523292288451590e-02 1.449483718849007175e-04
0.000000000000000000e+00 1.382780757428124464e-03 3.751748293525257656e-04 6.639193454109606519e-03 6.483648455648332275e-04
0.000000000000000000e+00 0.000000000000000000e+00 1.320466673519110233e-03 4.102990948172716493e-03 0.000000000000000000e+00
0.000000000000000000e+00 0.000000000000000000e+00 9.334333381773021396e-04 2.900390153018643849e-03 0.000000000000000000e+00
0.000000000000000000e+00 0.000000000000000000e+00 0.000000000000000000e+00 0.000000000000000000e+00 0.000000000000000000e+00
0.000000000000000000e+00 0.000000000000000000e+00 0.000000000000000000e+00 0.000000000000000000e+00 0.000000000000000000e+00
0.000000000000000000e+00 0.000000000000000000e+00 0.000000000000000000e+00 0.000000000000000000e+00 0.000000000000000000e+00
0.000000000000000000e+00 0.000000000000000000e+00 0.000000000000000000e+00 0.000000000000000000e+00 0.000000000000000000e+00
0.000000000000000000e+00 0.000000000000000000e+00 0.000000000000000000e+00 0.000000000000000000e+00 0.000000000000000000e+00
1.533520221998248962e-04 0.000000000000000000e+00 1.749897965902729585e-03 0.000000000000000000e+00 0.000000000000000000e+00
0.000000000000000000e+00 3.329087418723102520e-04 0.000000000000000000e+00 2.400023295182465754e-04 0.000000000000000000e+00
0.000000000000000000e+00 6.214296514949789636e-03 0.000000000000000000e+00 4.480043484340599270e-03 0.000000000000000000e+00
3.825655209326449691e-03 8.538675047896949338e-03 0.000000000000000000e+00 7.317921429956839897e-03 0.000000000000000000e+00
1.890697189858349392e-02 1.307334941026587656e-02 0.000000000000000000e+00 4.867814327422940145e-03 0.000000000000000000e+00
3.465172215630872576e-02 2.101348947987230834e-02 0.000000000000000000e+00 1.097340384553864220e-02 0.000000000000000000e+00
9.262248391054681007e-02 3.156985236477936885e-02 0.000000000000000000e+00 2.963802804481144304e-02 0.000000000000000000e+00
1.276993420736353413e-01 4.929843239086104806e-02 0.000000000000000000e+00 4.314698159377614028e-02 0.000000000000000000e+00
1.483499926618004339e-01 6.144747116568692602e-02 0.000000000000000000e+00 2.795142817816670747e-02 3.355627010167145513e-02
1.299363089529762538e-01 7.679020759630479642e-02 0.000000000000000000e+00 3.936845587672576502e-02 8.941364595061564169e-02
8.116154058562109752e-02 8.469840568543794690e-02 3.047693066580262652e-04 5.480258598497415173e-02 1.147074709757146260e-01
3.571508117952440498e-02 9.317272719728261765e-02 2.331727709164599371e-02 4.803175278759579808e-02 1.215667357517582203e-01
1.951318858532907416e-02 9.159649477377108939e-02 5.697813622862271665e-02 5.307398562710388679e-02 9.965467574101705139e-02
2.824559721974705812e-02 8.208976746445056927e-02 8.359091196349911768e-02 5.998605688165030425e-02 8.311846480915463520e-02
3.117458538482351452e-02 4.568047319603724815e-02 8.588749509760430778e-02 4.254765846002898921e-02 8.925711110121932468e-02
3.469568133473724392e-02 1.177665861023391609e-02 8.898799669408953561e-02 2.547846337883446013e-02 8.622984349607408505e-02
1.849200617155416851e-02 6.007749068721789272e-03 8.672771906331235015e-02 0.000000000000000000e+00 7.981854024845858042e-02
1.668450669995236862e-02 0.000000000000000000e+00 6.795463821341846122e-02 0.000000000000000000e+00 6.850874185349634105e-02
0.000000000000000000e+00 2.517534114095134473e-03 4.134938329375524579e-02 1.076517792687193067e-02 2.266774614685242856e-02
0.000000000000000000e+00 5.398913855721149298e-03 1.321448229557735735e-02 2.377121509269437480e-02 4.160216849433402524e-03
0.000000000000000000e+00 3.157342035095072295e-03 1.199855015603196531e-02 1.966056304992552448e-02 0.000000000000000000e+00
0.000000000000000000e+00 0.000000000000000000e+00 5.632489785796784484e-03 1.042689860115078582e-02 0.000000000000000000e+00
0.000000000000000000e+00 2.179440001457006977e-04 2.885895067628968264e-03 9.411388555571066281e-03 0.000000000000000000e+00
0.000000000000000000e+00 4.910205667048343162e-04 1.223287615824483190e-03 1.060515882227132736e-02 0.000000000000000000e+00
0.000000000000000000e+00 0.000000000000000000e+00 0.000000000000000000e+00 0.000000000000000000e+00 0.000000000000000000e+00
0.000000000000000000e+00 0.000000000000000000e+00 0.000000000000000000e+00 0.000000000000000000e+00 0.000000000000000000e+00
0.000000000000000000e+00 0.000000000000000000e+00 0.000000000000000000e+00 0.000000000000000000e+00 0.000000000000000000e+00
0.000000000000000000e+00 0.000000000000000000e+00 0.000000000000000000e+00 0.000000000000000000e+00 0.000000000000000000e+00
6.365555638483287246e-05 0.000000000000000000e+00 7.263727405633975832e-04 0.000000000000000000e+00 0.000000000000000000e+00
0.000000000000000000e+00 1.841060042551396483e-03 0.000000000000000000e+00 1.114402670911359902e-03 0.000000000000000000e+00
1.032822007231311810e-02 8.056189578516623553e-03 0.000000000000000000e+00 5.594305535684949461e-03 0.000000000000000000e+00
3.136598569230298478e-02 1.393198497337558815e-02 0.000000000000000000e+00 1.145938031545463802e-02 0.000000000000000000e+00
4.359775577899983878e-02 2.593280467273034393e-02 1.225750055352189689e-04 1.597545750745990936e-02 0.000000000000000000e+00
6.328780960567641223e-02 5.529130034257672549e-02 0.000000000000000000e+00 3.677046395344497898e-02 0.000000000000000000e+00
7.816249385714144071e-02 8.208562309440753380e-02 0.000000000000000000e+00 6.682131436022427373e-02 0.000000000000000000e+00
7.708671177809145458e-02 9.075750929663117805e-02 0.000000000000000000e+00 7.541168362123977509e-02 2.211825654168210822e-02
3.428559691753196859e-02 7.520852702630453912e-02 0.000000000000000000e+00 6.549530726814237203e-02 1.052253406830116061e-01
0.000000000000000000e+00 7.743726196426151120e-02 7.455048965928780247e-03 5.914259987191281681e-02 1.280171789766776924e-01
0.000000000000000000e+00 9.251128509566848568e-02 5.259252233796043313e-02 6.039232391012298862e-02 1.036593239676117106e-01
0.000000000000000000e+00 1.055198574866628020e-01 7.232643812143846329e-02 7.096105230468433001e-02 7.153815109074654344e-02
0.000000000000000000e+00 1.119924352900786568e-01 8.950844069531108116e-02 6.510660586225597291e-02 4.301044941110875736e-02
0.000000000000000000e+00 1.221509557118015954e-01 7.906674341922405314e-02 7.259178329001017560e-02 2.410053449931394767e-02
2.520168490473887780e-03 8.338748608602906953e-02 6.217421987122278421e-02 7.055192375078905842e-02 3.784542207879454390e-02
1.785859815828533606e-02 4.304217555511052895e-02 5.705753411202686004e-02 5.242799831988154829e-02 6.188389386004247705e-02
1.493214564119561480e-02 1.185981844067955995e-02 7.164383621847211780e-02 2.602841719668627998e-02 7.414586222109921521e-02
8.791877045438937360e-03 0.000000000000000000e+00 8.373650027424535403e-02 4.672055036388978247e-03 6.697239621722723968e-02
0.000000000000000000e+00 0.000000000000000000e+00 6.197612699009198006e-02 2.680893226504578453e-02 2.226146202539180594e-02
0.000000000000000000e+00 3.204785915521247714e-03 4.298201027625448561e-02 4.274594623958534456e-02 0.000000000000000000e+00
0.000000000000000000e+00 5.530392950395753709e-03 1.572434132065764906e-02 2.376626374862161190e-02 0.000000000000000000e+00
0.000000000000000000e+00 8.891146557051569314e-04 9.844749911135739634e-03 1.987093400702862403e-02 0.000000000000000000e+00
0.000000000000000000e+00 1.319479222603747856e-03 5.795670400760216841e-03 1.812547156329221212e-02 0.000000000000000000e+00
0.000000000000000000e+00 0.000000000000000000e+00 2.767396212858150794e-04 9.398119701006821952e-03 0.000000000000000000e+00
0.000000000000000000e+00 0.000000000000000000e+00 0.000000000000000000e+00 0.000000000000000000e+00 0.000000000000000000e+00
0.000000000000000000e+00 0.000000000000000000e+00 0.000000000000000000e+00 0.000000000000000000e+00 0.000000000000000000e+00
0.000000000000000000e+00 0.000000000000000000e+00 0.000000000000000000e+00 0.000000000000000000e+00 0.000000000000000000e+00
0.000000000000000000e+00 0.000000000000000000e+00 0.000000000000000000e+00 0.000000000000000000e+00 0.000000000000000000e+00
0.000000000000000000e+00 0.000000000000000000e+00 0.000000000000000000e+00 0.000000000000000000e+00 0.000000000000000000e+00
1.228547532589039856e-02 0.000000000000000000e+00 8.937266780266585147e-05 0.000000000000000000e+00 0.000000000000000000e+00
4.323449861247075782e-02 1.029142551572114449e-02 8.586221206939301850e-04 2.091497498551577513e-03 0.000000000000000000e+00
3.518277307052718184e-02 2.856790180825070219e-02 0.000000000000000000e+00 3.371570079645199586e-02 0.000000000000000000e+00
4.333632497723868826e-02 5.488712040497813194e-02 2.625784285186598226e-03 2.818122499504277512e-02 0.000000000000000000e+00
4.270303597309133697e-02 9.375514187424852097e-02 0.000000000000000000e+00 5.929134885354113427e-02 0.000000000000000000e+00
3.476031941346225534e-02 8.648835611594647699e-02 0.000000000000000000e+00 1.034971765949774386e-01 1.811703651092435403e-03
2.308917703116173531e-02 6.383469471991332078e-02 0.000000000000000000e+00 9.920292481657531913e-02 7.687154765789767918e-02
0.000000000000000000e+00 4.485973652413483004e-02 1.542368285414310279e-02 5.670445033828146186e-02 1.243773750261338434e-01
0.000000000000000000e+00 5.686890306456657967e-02 7.624635067252130693e-02 3.916149828952217304e-02 9.589896775781472926e-02
0.000000000000000000e+00 8.265708300486218629e-02 9.851471081882667846e-02 2.920669348415780991e-02 4.500249295878448047e-02
0.000000000000000000e+00 9.737905217460804397e-02 1.051524246934412016e-01 2.661050332215928599e-02 2.792412831179197710e-03
0.000000000000000000e+00 1.073206654255322301e-01 5.842092953123923654e-02 3.101417098322634472e-02 0.000000000000000000e+00
0.000000000000000000e+00 1.360259086777772242e-01 2.522469411583612431e-02 3.571121193309526737e-02 0.000000000000000000e+00
1.504141433396267817e-02 1.067623379895934060e-01 2.060828449773568702e-02 3.153617303417951406e-02 1.818276306704031536e-02
2.830050527429994744e-02 5.242973940295521385e-02 4.685745245695782657e-02 4.594282112021987746e-02 3.874774207370459966e-02
1.479199540419136490e-02 2.060007335018851729e-04 6.621503271420489667e-02 4.630719341140847323e-02 7.059180697484203348e-02
1.280273089372842288e-02 0.000000000000000000e+00 9.358444322281526950e-02 3.279271884476609583e-02 6.000207488822967283e-02
7.478420377153764328e-03 0.000000000000000000e+00 9.829027032649299833e-02 5.296974229697973269e-02 1.110144710140104247e-02
0.000000000000000000e+00 0.000000000000000000e+00 6.921386625934880521e-02 6.606259428155719649e-02 0.000000000000000000e+00
0.000000000000000000e+00 1.103520383848272113e-02 4.406782687702587992e-02 5.123778860888807823e-02 0.000000000000000000e+00
0.000000000000000000e+00 3.640728804799893154e-03 9.034560174063462068e-03 2.415105351601793890e-02 0.000000000000000000e+00
0.000000000000000000e+00 0.000000000000000000e+00 2.004317979159403983e-03 8.896104330358863693e-03 0.000000000000000000e+00
0.000000000000000000e+00 0.000000000000000000e+00 0.000000000000000000e+00 0.000000000000000000e+00 0.000000000000000000e+00
0.000000000000000000e+00 0.000000000000000000e+00 0.000000000000000000e+00 0.000000000000000000e+00 0.000000000000000000e+00
0.000000000000000000e+00 0.000000000000000000e+00 0.000000000000000000e+00 0.000000000000000000e+00 0.000000000000000000e+00
0.000000000000000000e+00 0.000000000000000000e+00 0.000000000000000000e+00 0.000000000000000000e+00 0.000000000000000000e+00
0.000000000000000000e+00 0.000000000000000000e+00 0.000000000000000000e+00 0.000000000000000000e+00 0.000000000000000000e+00
2.616188551746332844e-03 1.728844636694725151e-03 3.631343662522312169e-04 0.000000000000000000e+00 0.000000000000000000e+00
2.902019072789728885e-02 7.151379257832349463e-03 1.095019477769861678e-03 9.856790341667719980e-04 0.000000000000000000e+00
3.387433867788132436e-02 1.789906614697555146e-02 1.502570252157778979e-03 1.193384688335948941e-02 0.000000000000000000e+00
1.802463707650029182e-02 3.876312305077830866e-02 1.707824088154426398e-03 2.587001118451617149e-02 0.000000000000000000e+00
3.605333240939127132e-02 7.300876870628278392e-02 3.106947987422777752e-03 3.128844780201495146e-02 0.000000000000000000e+00
4.336627301806829371e-02 9.566521759492252475e-02 0.000000000000000000e+00 8.617309400098450978e-02 0.000000000000000000e+00
2.191501554615822231e-02 8.197056566592662852e-02 0.000000000000000000e+00 1.275639449004594972e-01 1.958364814304359297e-02
1.624194300239409361e-02 4.418258289452339088e-02 4.684095230684650409e-04 9.421627691879495836e-02 8.632195645644759330e-02
0.000000000000000000e+00 2.043729255448617499e-02 6.041465184845684622e-02 2.503021355106363477e-02 1.103591016427253740e-01
0.000000000000000000e+00 4.010050747857497183e-02 1.138221379429539687e-01 0.000000000000000000e+00 5.891840502756615777e-02
4.859957299046341951e-05 6.578954142720669362e-02 9.503723906789190989e-02 0.000000000000000000e+00 3.124122520854278988e-03
1.057326580828491132e-02 7.345836961185808756e-02 5.924357288606657557e-02 0.000000000000000000e+00 0.000000000000000000e+00
1.172062528810330698e-02 1.096713818305843080e-01 1.934378199512928193e-02 0.000000000000000000e+00 0.000000000000000000e+00
2.599847661213765607e-02 1.305123739351273515e-01 1.013815392706281585e-02 0.000000000000000000e+00 2.059511305132662520e-02
3.662812454339674229e-02 9.077187177318339628e-02 2.525802177803582529e-02 9.401749405842678084e-03 3.455332590506087626e-02
5.410347747185494105e-02 3.567450246488305943e-02 5.055444211623057876e-02 4.673291333033766093e-02 5.932876683570605103e-02
1.760598246255381388e-02 0.000000000000000000e+00 8.704183328770649652e-02 5.384525202015970347e-02 7.225566484603361539e-02
1.336841457562524399e-02 0.000000000000000000e+00 9.664289237270895505e-02 7.591911281490305863e-02 4.523981358640668388e-02
0.000000000000000000e+00 0.000000000000000000e+00 1.060430537409361440e-01 9.896968562792599067e-02 0.000000000000000000e+00
0.000000000000000000e+00 0.000000000000000000e+00 7.893189634369847385e-02 7.792076837385061849e-02 0.000000000000000000e+00
0.000000000000000000e+00 6.443675760717697872e-04 3.371635807801390272e-02 4.058800644946587016e-02 0.000000000000000000e+00
0.000000000000000000e+00 7.382009895706052004e-04 9.084616065241406246e-03 1.382994210810352745e-02 0.000000000000000000e+00
0.000000000000000000e+00 0.000000000000000000e+00 0.000000000000000000e+00 6.909324185935796165e-04 1.624563812758273210e-04
0.000000000000000000e+00 0.000000000000000000e+00 0.000000000000000000e+00 0.000000000000000000e+00 0.000000000000000000e+00
0.000000000000000000e+00 0.000000000000000000e+00 0.000000000000000000e+00 0.000000000000000000e+00 0.000000000000000000e+00
0.000000000000000000e+00 0.000000000000000000e+00 0.000000000000000000e+00 0.000000000000000000e+00 0.000000000000000000e+00
0.000000000000000000e+00 0.000000000000000000e+00 0.000000000000000000e+00 0.000000000000000000e+00 0.000000000000000000e+00
0.000000000000000000e+00 0.000000000000000000e+00 0.000000000000000000e+00 0.000000000000000000e+00 0.000000000000000000e+00
4.999265036337151736e-04 1.206316616499059774e-02 2.235275988342322155e-03 0.000000000000000000e+00 0.000000000000000000e+00
2.188670293382471987e-02 1.453286467609079050e-02 1.277675966393378550e-03 5.040441135172123166e-03 0.000000000000000000e+00
2.327646481124432537e-02 1.761017735087672814e-02 1.542100459722015255e-03 1.329894214079321846e-02 0.000000000000000000e+00
1.032538148520364962e-02 4.598805556743720824e-02 1.925206466614547834e-03 2.575041292028212511e-02 0.000000000000000000e+00
3.264615320215161209e-02 6.938615130591702096e-02 2.355407363582766658e-03 3.506026428670767220e-02 0.000000000000000000e+00
4.044512994421921304e-02 6.345750174150883993e-02 0.000000000000000000e+00 1.090482519929709682e-01 0.000000000000000000e+00
1.591278700430832915e-02 6.066519039072225394e-02 0.000000000000000000e+00 1.572945740696362893e-01 8.406682348673075178e-03
9.579564567695110153e-03 4.111942457833611675e-02 1.619325429618443182e-02 9.692519695943176139e-02 8.036654265219743409e-02
4.388410077625157224e-02 2.097508662251848163e-02 6.801391217168142878e-02 0.000000000000000000e+00 1.088994127212087465e-01
5.139507150041944944e-02 2.532897785290696632e-02 9.346569892088567311e-02 0.000000000000000000e+00 7.231860269998501012e-02
4.931548819479127793e-02 3.651560364304936440e-02 7.380659951100888849e-02 0.000000000000000000e+00 1.420677715920445026e-02
4.871374082663401661e-02 7.530242202855938483e-02 4.974144703417637814e-02 0.000000000000000000e+00 0.000000000000000000e+00
4.793193050576766839e-02 1.332671894434691862e-01 3.144590990422190674e-02 0.000000000000000000e+00 1.466758987918089299e-02
4.966411858863541834e-02 1.166677581382486867e-01 3.562643865446787905e-02 0.000000000000000000e+00 4.487543821702533881e-02
6.652699791862433376e-02 4.339252722820510777e-02 5.255079804986612091e-02 9.508454224106253905e-03 7.121951555399509692e-02
6.451511641092512461e-02 0.000000000000000000e+00 7.343522975096702932e-02 7.141045896129580295e-02 8.100348832777312658e-02
3.022055596302502048e-02 0.000000000000000000e+00 7.740106329910594052e-02 1.053365472708058526e-01 5.865466011545283215e-02
4.888059242277270448e-03 0.000000000000000000e+00 9.444564639749492008e-02 1.007284288964701430e-01 1.669467497560497143e-02
0.000000000000000000e+00 0.000000000000000000e+00 7.149576632637830165e-02 8.469631202282155991e-02 0.000000000000000000e+00
0.000000000000000000e+00 0.000000000000000000e+00 3.523734792908030794e-02 3.979342538970145199e-02 0.000000000000000000e+00
0.000000000000000000e+00 0.000000000000000000e+00 6.273115805454905144e-03 1.252641194220222715e-02 2.874533772762559967e-03
1.905751866595330885e-03 0.000000000000000000e+00 0.000000000000000000e+00 0.000000000000000000e+00 5.201218869141928207e-03
1.014308320314996322e-03 0.000000000000000000e+00 0.000000000000000000e+00 0.000000000000000000e+00 2.674335257394266398e-03
0.000000000000000000e+00 0.000000000000000000e+00 0.000000000000000000e+00 0.000000000000000000e+00 0.000000000000000000e+00
0.000000000000000000e+00 0.000000000000000000e+00 0.000000000000000000e+00 0.000000000000000000e+00 0.000000000000000000e+00
0.000000000000000000e+00 0.000000000000000000e+00 0.000000000000000000e+00 0.000000000000000000e+00 0.000000000000000000e+00
0.000000000000000000e+00 0.000000000000000000e+00 0.000000000000000000e+00 0.000000000000000000e+00 0.000000000000000000e+00
0.000000000000000000e+00 0.000000000000000000e+00 0.000000000000000000e+00 0.000000000000000000e+00 0.000000000000000000e+00
3.196656538608519740e-04 1.363399412820253363e-02 2.504594878451551695e-03 0.000000000000000000e+00 0.000000000000000000e+00
1.384466013364425360e-02 1.597899219227495726e-02 1.241593853911907583e-03 5.458981198907524902e-03 0.000000000000000000e+00
2.449797085518050019e-02 1.717842463619603452e-02 2.075422697205823834e-03 1.007368870923484351e-02 0.000000000000000000e+00
1.973473478663625297e-02 3.539507468794258344e-02 4.397607900994850334e-03 9.421457100606964868e-03 0.000000000000000000e+00
2.952271374170152216e-02 5.490976591222414965e-02 6.909993132699387465e-05 3.511555207052891037e-02 0.000000000000000000e+00
2.154916969226935985e-02 4.876616025013952999e-02 0.000000000000000000e+00 1.315936371988303266e-01 0.000000000000000000e+00
1.619938042442762433e-02 5.072662917090116352e-02 4.747374260389647729e-04 1.703520036468664511e-01 0.000000000000000000e+00
1.866523018268138184e-02 5.386622837068469338e-02 1.450955844218182120e-02 1.262415229725438459e-01 5.413689600816753295e-02
8.310661422702005086e-02 3.471015824313376102e-02 4.013465237050959505e-02 0.000000000000000000e+00 1.163288697040982117e-01
1.165528953189543110e-01 1.929990187486402969e-02 8.228569993803547256e-02 0.000000000000000000e+00 9.009564112931037205e-02
1.092232879633946302e-01 5.109446551132792308e-02 6.702271692167066641e-02 0.000000000000000000e+00 3.685407983196260784e-02
7.263072242102697196e-02 1.069007496664384632e-01 5.852365795219964528e-02 0.000000000000000000e+00 2.488213849886151616e-02
5.285046529189282860e-02 1.205810830639206382e-01 4.922284528253371289e-02 0.000000000000000000e+00 6.468199611458612386e-02
7.817046028567725680e-02 4.736649752301440308e-02 6.625385972797713519e-02 0.000000000000000000e+00 9.320719082633353858e-02
6.826443762404053872e-02 0.000000000000000000e+00 7.502413700029617050e-02 8.040122398046957441e-02 8.778861556534596489e-02
2.530874632891574189e-02 0.000000000000000000e+00 7.257990421876210629e-02 1.331183673734871453e-01 5.317366791774925244e-02
0.000000000000000000e+00 0.000000000000000000e+00 8.227492679192949243e-02 1.259401854871390891e-01 9.764414944396903467e-03
0.000000000000000000e+00 0.000000000000000000e+00 6.013859203831094236e-02 7.169416184011508097e-02 0.000000000000000000e+00
0.000000000000000000e+00 1.579654512020473977e-03 3.445664612785340891e-02 4.011654345291349594e-02 0.000000000000000000e+00
0.000000000000000000e+00 2.059414801387260234e-03 4.938517468636875740e-03 1.151403566334524391e-02 0.000000000000000000e+00
4.809114389839780649e-04 0.000000000000000000e+00 0.000000000000000000e+00 1.714624384502409500e-04 1.431067309964118234e-03
3.949519123350429557e-04 0.000000000000000000e+00 0.000000000000000000e+00 0.000000000000000000e+00 1.041334082525200311e-03
0.000000000000000000e+00 0.000000000000000000e+00 0.000000000000000000e+00 0.000000000000000000e+00 0.000000000000000000e+00
0.000000000000000000e+00 0.000000000000000000e+00 0.000000000000000000e+00 0.000000000000000000e+00 0.000000000000000000e+00
0.000000000000000000e+00 0.000000000000000000e+00 0.000000000000000000e+00 0.000000000000000000e+00 0.000000000000000000e+00
0.000000000000000000e+00 0.000000000000000000e+00 0.000000000000000000e+00 0.000000000000000000e+00 0.000000000000000000e+00
0.000000000000000000e+00 0.000000000000000000e+00 0.000000000000000000e+00 0.000000000000000000e+00 0.000000000000000000e+00
0.000000000000000000e+00 0.000000000000000000e+00 0.000000000000000000e+00 0.000000000000000000e+00 0.000000000000000000e+00
0.000000000000000000e+00 1.352515793995827213e-02 2.505369753579817817e-03 0.000000000000000000e+00 0.000000000000000000e+00
3.508741680189516373e-03 1.409930504072223756e-02 2.369573770407876201e-03 0.000000000000000000e+00 0.000000000000000000e+00
1.925583691723597654e-02 1.464364316973584997e-02 3.384252899399727791e-03 0.000000000000000000e+00 0.000000000000000000e+00
1.784075718116652498e-02 3.361865043988600255e-02 5.114971405451876341e-03 5.561624596096111095e-03 0.000000000000000000e+00
1.262097751217597895e-02 4.454813807525157682e-02 6.646187501495167023e-03 3.337969765366687741e-02 0.000000000000000000e+00
7.147790572991522505e-03 5.550426085709549845e-02 8.382847735851486209e-03 1.022794183837771181e-01 0.000000000000000000e+00
6.744789938080633304e-03 6.984542586853863255e-02 5.124108290232663038e-03 1.485264458049870284e-01 0.000000000000000000e+00
1.106276640334059869e-02 7.523785085033744824e-02 5.724967257931173892e-03 1.374902035453166860e-01 2.704858846168626402e-02
6.550984669703620311e-02 5.502929237422684444e-02 3.064202067771405399e-02 4.430949808163781034e-02 9.986977889677478570e-02
1.473056496015349159e-01 3.855403994704248438e-02 6.681903954186772798e-02 0.000000000000000000e+00 1.061612996222755234e-01
1.583692864372233111e-01 8.440750975970677528e-02 6.821029417847429555e-02 0.000000000000000000e+00 7.679759387611133359e-02
1.075982761478183336e-01 1.159812160733793701e-01 7.706727343326333357e-02 0.000000000000000000e+00 8.058981128515783909e-02
9.262022515915484255e-02 5.614769380094396245e-02 8.211895619010889380e-02 1.720950555007825025e-02 1.002478995567711306e-01
6.920914253380557046e-02 0.000000000000000000e+00 8.147442587436894146e-02 9.525431273204183757e-02 8.725759628930968015e-02
2.155980314868335621e-02 0.000000000000000000e+00 7.699009859022114266e-02 1.493933775378677720e-01 4.316065898945934537e-02
0.000000000000000000e+00 0.000000000000000000e+00 6.356346891624518880e-02 1.302388114610057990e-01 4.169231345581883227e-03
0.000000000000000000e+00 3.352658981579422024e-03 3.656705193701284551e-02 7.858487461204748115e-02 0.000000000000000000e+00
0.000000000000000000e+00 1.107646129296763204e-02 1.477964844787300717e-02 4.287785347499151190e-02 0.000000000000000000e+00
1.751673098454192097e-03 5.593579627089171821e-03 2.479553186498703425e-03 1.340313110480797695e-02 0.000000000000000000e+00
1.726371838258982175e-03 2.235844979443033474e-03 0.000000000000000000e+00 7.038013180485381930e-03 0.000000000000000000e+00
8.967649952264947297e-04 1.173935449526392321e-03 0.000000000000000000e+00 3.732568250217687626e-03 0.000000000000000000e+00
0.000000000000000000e+00 0.000000000000000000e+00 0.000000000000000000e+00 0.000000000000000000e+00 0.000000000000000000e+00
0.000000000000000000e+00 0.000000000000000000e+00 0.000000000000000000e+00 0.000000000000000000e+00 0.000000000000000000e+00
0.000000000000000000e+00 0.000000000000000000e+00 0.000000000000000000e+00 0.000000000000000000e+00 0.000000000000000000e+00
0.000000000000000000e+00 0.000000000000000000e+00 0.000000000000000000e+00 0.000000000000000000e+00 0.000000000000000000e+00
0.000000000000000000e+00 0.000000000000000000e+00 0.000000000000000000e+00 0.000000000000000000e+00 0.000000000000000000e+00
0.000000000000000000e+00 0.000000000000000000e+00 0.000000000000000000e+00 0.000000000000000000e+00 0.000000000000000000e+00
0.000000000000000000e+00 0.000000000000000000e+00 0.000000000000000000e+00 0.000000000000000000e+00 0.000000000000000000e+00
0.000000000000000000e+00 3.047169970662536639e-03 5.644508930990104140e-04 0.000000000000000000e+00 0.000000000000000000e+00
5.584375347928832159e-04 3.073182736584954746e-03 5.934902138839823682e-04 0.000000000000000000e+00 0.000000000000000000e+00
1.205964702741297960e-02 1.073001646982793544e-02 2.421376107367717839e-03 0.000000000000000000e+00 0.000000000000000000e+00
1.422020505729508152e-02 2.428252599817043791e-02 4.893761476442259721e-03 3.066327323281998161e-03 0.000000000000000000e+00
4.953367445767201116e-03 4.183339192623444086e-02 1.077284588390868374e-02 2.019292702072303727e-02 0.000000000000000000e+00
0.000000000000000000e+00 4.957865154145987135e-02 1.776057775159358906e-02 6.125820749499946011e-02 0.000000000000000000e+00
0.000000000000000000e+00 7.162867653154438019e-02 1.560640873168646185e-02 1.050504331953370785e-01 0.000000000000000000e+00
3.814837029648872509e-03 8.959096826929584256e-02 1.376970939629064763e-02 1.236945218184125062e-01 1.686538885596511501e-03
6.305834060232121119e-02 8.446851800335275495e-02 4.435307536816186780e-02 7.963052270644678521e-02 7.044589790664250450e-02
1.197400634756096843e-01 8.574791991751538889e-02 6.092014824805888629e-02 0.000000000000000000e+00 1.201996429186997090e-01
1.219344593436074847e-01 1.037125834172016869e-01 7.832475092932232597e-02 0.000000000000000000e+00 1.168667142572350076e-01
1.050688765619277321e-01 8.090357906549326683e-02 9.186285328970321407e-02 2.604497985669110630e-02 1.038182165518386907e-01
9.932709757152952124e-02 4.811054477566546576e-03 8.457207211077084896e-02 9.444503946901804114e-02 8.628665670742009797e-02
5.861903468925974692e-02 0.000000000000000000e+00 7.208943972261534772e-02 1.408892659900640165e-01 3.272019664375398762e-02
1.101788414406622806e-02 0.000000000000000000e+00 3.374364516076084480e-02 1.313778693706665057e-01 0.000000000000000000e+00
0.000000000000000000e+00 7.962558385374704159e-03 1.411930664076961606e-02 7.289004488099685986e-02 0.000000000000000000e+00
0.000000000000000000e+00 1.011573975851294029e-02 2.411378698092400338e-03 2.902491542311685241e-02 0.000000000000000000e+00
0.000000000000000000e+00 6.226819054962760662e-03 0.000000000000000000e+00 1.429943732732412431e-02 1.408560500510800881e-03
1.048573748528327122e-03 2.421986823626331303e-03 0.000000000000000000e+00 8.573064495431879581e-03 3.862458349975876008e-03
9.159815822554336030e-04 1.880623526693008538e-03 0.000000000000000000e+00 7.880718686968693834e-03 1.702002411891412022e-03
1.758940054873944867e-03 2.376136596143120158e-03 0.000000000000000000e+00 7.760174948637015187e-03 0.000000000000000000e+00
3.645386159457301013e-04 4.772095323278018248e-04 0.000000000000000000e+00 1.517304166755156477e-03 0.000000000000000000e+00
0.000000000000000000e+00 0.000000000000000000e+00 0.000000000000000000e+00 0.000000000000000000e+00 0.000000000000000000e+00
0.000000000000000000e+00 0.000000000000000000e+00 0.000000000000000000e+00 0.000000000000000000e+00 0.000000000000000000e+00
0.000000000000000000e+00 0.000000000000000000e+00 0.000000000000000000e+00 0.000000000000000000e+00 0.000000000000000000e+00
0.000000000000000000e+00 0.000000000000000000e+00 0.000000000000000000e+00 0.000000000000000000e+00 0.000000000000000000e+00
0.000000000000000000e+00 0.000000000000000000e+00 0.000000000000000000e+00 0.000000000000000000e+00 0.000000000000000000e+00
0.000000000000000000e+00 0.000000000000000000e+00 0.000000000000000000e+00 0.000000000000000000e+00 0.000000000000000000e+00
0.000000000000000000e+00 0.000000000000000000e+00 0.000000000000000000e+00 0.000000000000000000e+00 0.000000000000000000e+00
0.000000000000000000e+00 0.000000000000000000e+00 0.000000000000000000e+00 0.000000000000000000e+00 0.000000000000000000e+00
3.801114643463680311e-03 7.370693308096371542e-03 1.508453364849044300e-03 0.000000000000000000e+00 0.000000000000000000e+00
1.171620416904028440e-02 1.419362012239786669e-02 3.429754181723311448e-03 0.000000000000000000e+00 0.000000000000000000e+00
1.394822335580022353e-02 1.545282891123154687e-02 5.367554360714416745e-03 4.965768871999396913e-03 0.000000000000000000e+00
1.762785990657115068e-02 2.589629874836318207e-02 2.015279370085745064e-02 3.115444670864362178e-02 0.000000000000000000e+00
3.665959809347325155e-02 3.183363857598418140e-02 3.076927406070758750e-02 6.546498822622873193e-02 0.000000000000000000e+00
4.877475032738304989e-02 5.086583193279447385e-02 4.552926711065715532e-02 7.079798335739313775e-02 0.000000000000000000e+00
7.561206849545419606e-02 8.786417031654197851e-02 8.089471701518866076e-02 5.826602845239570866e-02 6.127839025924473881e-02
7.526975420729217769e-02 9.473687269519062704e-02 8.896002186730624095e-02 4.536740779069470958e-02 1.081361012423051049e-01
5.449601982818948198e-02 1.053161818790686044e-01 9.886113903607823827e-02 6.227579191354353644e-02 1.005574048754549754e-01
6.028662463214518735e-02 7.115530708007422600e-02 7.927817831216878164e-02 8.055109946008423560e-02 1.015206737819101812e-01
7.381100838657746188e-02 3.067384055000076798e-02 4.676939224543737172e-02 1.081904568897747720e-01 5.717264307012837748e-02
7.509017939198485425e-02 7.467362312244184459e-03 1.166120727833152432e-02 9.990643025922105180e-02 0.000000000000000000e+00
7.117522428536930679e-02 0.000000000000000000e+00 5.062457646709318283e-04 4.958101180251143353e-02 0.000000000000000000e+00
5.275884590849574951e-02 0.000000000000000000e+00 3.726175334138615296e-04 2.534643005194116977e-02 0.000000000000000000e+00
1.339359767593785271e-02 0.000000000000000000e+00 0.000000000000000000e+00 7.442965634342841447e-03 1.892552873245438019e-03
0.000000000000000000e+00 0.000000000000000000e+00 0.000000000000000000e+00 1.278700629573053865e-03 5.851174123050731715e-03
0.000000000000000000e+00 0.000000000000000000e+00 0.000000000000000000e+00 1.890007035912257298e-03 5.794108520999528313e-03
9.138139387661373974e-06 1.139677463230286125e-03 0.000000000000000000e+00 6.769533039222788533e-03 4.149320031099569712e-03
1.359201190126876468e-03 1.921490704841006831e-03 0.000000000000000000e+00 6.506101566869347715e-03 0.000000000000000000e+00
7.290772318914578716e-05 9.544190646556035141e-05 0.000000000000000000e+00 3.034608333510315989e-04 0.000000000000000000e+00
0.000000000000000000e+00 0.000000000000000000e+00 0.000000000000000000e+00 0.000000000000000000e+00 0.000000000000000000e+00
0.000000000000000000e+00 0.000000000000000000e+00 0.000000000000000000e+00 0.000000000000000000e+00 0.000000000000000000e+00
0.000000000000000000e+00 0.000000000000000000e+00 0.000000000000000000e+00 0.000000000000000000e+00 0.000000000000000000e+00
0.000000000000000000e+00 0.000000000000000000e+00 0.000000000000000000e+00 0.000000000000000000e+00 0.000000000000000000e+00
0.000000000000000000e+00 0.000000000000000000e+00 0.000000000000000000e+00 0.000000000000000000e+00 0.000000000000000000e+00
0.000000000000000000e+00 0.000000000000000000e+00 0.000000000000000000e+00 0.000000000000000000e+00 0.000000000000000000e+00
0.000000000000000000e+00 0.000000000000000000e+00 0.000000000000000000e+00 0.000000000000000000e+00 0.000000000000000000e+00
0.000000000000000000e+00 0.000000000000000000e+00 7.318791694718068989e-05 0.000000000000000000e+00 3.939065620891450507e-04
0.000000000000000000e+00 0.000000000000000000e+00 8.474390383357779000e-05 0.000000000000000000e+00 4.561023350505885154e-04
1.683650682938703062e-03 0.000000000000000000e+00 6.858756260929990110e-06 0.000000000000000000e+00 1.251248436227994426e-03
7.449345485320408439e-03 2.340781506886031524e-03 3.315409450206655440e-03 0.000000000000000000e+00 2.139984847930917478e-03
5.216770187692076205e-02 8.470693051278744765e-03 2.291012512017242403e-02 3.887067460300347877e-03 0.000000000000000000e+00
8.280236928662818019e-02 1.377825992194441421e-02 5.795095539313138006e-02 1.113945124894633043e-02 0.000000000000000000e+00
8.905634987413954540e-02 2.443946367222915930e-02 1.072807337666995403e-01 1.262875531645414606e-02 3.429157764292685429e-02
5.648923618392477641e-02 8.049632782155836941e-02 1.112835826780102511e-01 4.947746997341683634e-02 6.983082238196776370e-02
3.245265109297342659e-02 9.027383341207678713e-02 1.027899531862646876e-01 9.830465373543617602e-02 7.634259592508368941e-02
1.298475310263057063e-02 9.635333914978015668e-02 9.194615530019475957e-02 9.891012446147148807e-02 8.741828135638246566e-02
9.026251758817913345e-04 9.713306153345122040e-02 3.210854536446025587e-02 9.155529110024260286e-02 1.007946074748064386e-01
3.737795302641123973e-02 8.889029694862722597e-02 0.000000000000000000e+00 5.993982504109392206e-02 5.497249503632591072e-02
8.853360378213639970e-02 5.923168095504519753e-02 4.243270244775136299e-03 3.239222169156090458e-02 0.000000000000000000e+00
9.425305827927657476e-02 1.087744330675492060e-02 0.000000000000000000e+00 3.766994054465111312e-03 0.000000000000000000e+00
8.012623027185562796e-02 0.000000000000000000e+00 0.000000000000000000e+00 4.437337684359915491e-03 0.000000000000000000e+00
4.376617169351651460e-02 0.000000000000000000e+00 0.000000000000000000e+00 3.891799716431559517e-03 0.000000000000000000e+00
4.331072101253684303e-03 0.000000000000000000e+00 0.000000000000000000e+00 6.199080021204762814e-04 1.172177187118636282e-03
0.000000000000000000e+00 0.000000000000000000e+00 0.000000000000000000e+00 1.125416506866547500e-04 1.846995897017455037e-03
0.000000000000000000e+00 0.000000000000000000e+00 0.000000000000000000e+00 2.923159758094894954e-05 4.797391940305084797e-04
2.989216650754983155e-04 3.913118165087972958e-04 0.000000000000000000e+00 1.244189416739229209e-03 0.000000000000000000e+00
0.000000000000000000e+00 0.000000000000000000e+00 0.000000000000000000e+00 0.000000000000000000e+00 0.000000000000000000e+00
0.000000000000000000e+00 0.000000000000000000e+00 0.000000000000000000e+00 0.000000000000000000e+00 0.000000000000000000e+00
0.000000000000000000e+00 0.000000000000000000e+00 0.000000000000000000e+00 0.000000000000000000e+00 0.000000000000000000e+00
0.000000000000000000e+00 0.000000000000000000e+00 0.000000000000000000e+00 0.000000000000000000e+00 0.000000000000000000e+00
0.000000000000000000e+00 0.000000000000000000e+00 0.000000000000000000e+00 0.000000000000000000e+00 0.000000000000000000e+00
0.000000000000000000e+00 0.000000000000000000e+00 0.000000000000000000e+00 0.000000000000000000e+00 0.000000000000000000e+00
0.000000000000000000e+00 0.000000000000000000e+00 0.000000000000000000e+00 0.000000000000000000e+00 0.000000000000000000e+00
0.000000000000000000e+00 0.000000000000000000e+00 0.000000000000000000e+00 0.000000000000000000e+00 0.000000000000000000e+00
0.000000000000000000e+00 0.000000000000000000e+00 3.851995628798975208e-06 0.000000000000000000e+00 2.073192432048131525e-05
1.540197216047651651e-03 0.000000000000000000e+00 0.000000000000000000e+00 0.000000000000000000e+00 2.150047854378302464e-03
6.245673068949113976e-03 0.000000000000000000e+00 5.637202930292926472e-04 0.000000000000000000e+00 6.872222553826582564e-03
2.848228385957882192e-02 0.000000000000000000e+00 1.587875365960698948e-02 0.000000000000000000e+00 5.844676343308085990e-03
7.537756103621394421e-02 0.000000000000000000e+00 5.425590790501926691e-02 0.000000000000000000e+00 8.447708827558020328e-03
1.087218508955341972e-01 5.146343939698732510e-04 1.108205506845502536e-01 0.000000000000000000e+00 3.193050387344962410e-02
5.889482972147973977e-02 3.960235962528137893e-02 1.197299355605855181e-01 2.777319298501279218e-02 7.043201731184516035e-02
9.462741354456804393e-03 9.832547673835043134e-02 1.070646079929525318e-01 9.404703379553701337e-02 5.591887968651003404e-02
0.000000000000000000e+00 7.679758266606283301e-02 8.778996203546664268e-02 1.327695948893534428e-01 4.729125949080861813e-02
0.000000000000000000e+00 7.158690843985086871e-02 7.908104317932325433e-02 9.707545725302690887e-02 8.042097659244608343e-02
0.000000000000000000e+00 8.018687356387116383e-02 7.913578212803733941e-03 7.103861785052784095e-02 1.134926107929775524e-01
1.411306404771004927e-02 1.120964122840394095e-01 0.000000000000000000e+00 3.551251470104690999e-02 8.439301796749784645e-02
5.871793865700083992e-02 1.007417693047718554e-01 0.000000000000000000e+00 2.274282567689108261e-02 1.433980301883106163e-02
9.826129138946146369e-02 4.780788551108870049e-02 1.986576298433902308e-04 0.000000000000000000e+00 0.000000000000000000e+00
8.839631148000329230e-02 2.914330228724378979e-03 1.992732994477392893e-03 0.000000000000000000e+00 0.000000000000000000e+00
6.989282968455151623e-02 0.000000000000000000e+00 8.475983983329063443e-04 0.000000000000000000e+00 0.000000000000000000e+00
4.154461474867361670e-02 0.000000000000000000e+00 0.000000000000000000e+00 3.958998483513056664e-04 0.000000000000000000e+00
2.192746092985739526e-03 0.000000000000000000e+00 0.000000000000000000e+00 2.194078830542032957e-04 0.000000000000000000e+00
0.000000000000000000e+00 0.000000000000000000e+00 0.000000000000000000e+00 0.000000000000000000e+00 0.000000000000000000e+00
0.000000000000000000e+00 0.000000000000000000e+00 0.000000000000000000e+00 0.000000000000000000e+00 0.000000000000000000e+00
0.000000000000000000e+00 0.000000000000000000e+00 0.000000000000000000e+00 0.000000000000000000e+00 0.000000000000000000e+00
0.000000000000000000e+00 0.000000000000000000e+00 0.000000000000000000e+00 0.000000000000000000e+00 0.000000000000000000e+00
0.000000000000000000e+00 0.000000000000000000e+00 0.000000000000000000e+00 0.000000000000000000e+00 0.000000000000000000e+00
0.000000000000000000e+00 0.000000000000000000e+00 0.000000000000000000e+00 0.000000000000000000e+00 0.000000000000000000e+00
0.000000000000000000e+00 0.000000000000000000e+00 0.000000000000000000e+00 0.000000000000000000e+00 0.000000000000000000e+00
0.000000000000000000e+00 0.000000000000000000e+00 0.000000000000000000e+00 0.000000000000000000e+00 0.000000000000000000e+00
0.000000000000000000e+00 0.000000000000000000e+00 0.000000000000000000e+00 0.000000000000000000e+00 0.000000000000000000e+00
0.000000000000000000e+00 0.000000000000000000e+00 0.000000000000000000e+00 0.000000000000000000e+00 0.000000000000000000e+00
0.000000000000000000e+00 0.000000000000000000e+00 0.000000000000000000e+00 0.000000000000000000e+00 0.000000000000000000e+00
3.960552100571459143e-03 0.000000000000000000e+00 0.000000000000000000e+00 0.000000000000000000e+00 5.404952590493672382e-03
1.766712046040852524e-02 0.000000000000000000e+00 1.375249250070432507e-02 0.000000000000000000e+00 6.465511771482781479e-03
5.549139508237488361e-02 0.000000000000000000e+00 6.950088307729185289e-02 0.000000000000000000e+00 2.230661234212014834e-05
8.065590102746496293e-02 0.000000000000000000e+00 1.203145013458887108e-01 0.000000000000000000e+00 2.955448150097953960e-02
8.126521499884863109e-02 7.387534070022548811e-03 1.226428424626709729e-01 2.718961344409230249e-02 6.945412698396082052e-02
3.703993988458665482e-02 6.215643544761245698e-02 8.438583623422667157e-02 8.446467208589800157e-02 7.233776329077709621e-02
0.000000000000000000e+00 9.930183550390916936e-02 5.248097755534791853e-02 1.269450127037246856e-01 3.512008350718824612e-02
0.000000000000000000e+00 8.356781750409568443e-02 7.060832945767879509e-02 1.198046059880529951e-01 6.610799377998859312e-03
0.000000000000000000e+00 2.995471766353718229e-02 9.228238748970210570e-02 6.969372568646291233e-02 6.527099461556711002e-02
0.000000000000000000e+00 2.868715252933287316e-02 2.145972341359591792e-02 4.747274329811110305e-02 1.188040724446701168e-01
0.000000000000000000e+00 6.598586905752676368e-02 0.000000000000000000e+00 4.464643021487295360e-02 1.119578738994983919e-01
3.262667602780807558e-02 1.012563250616971555e-01 0.000000000000000000e+00 3.857896152687243646e-02 3.296298187891733011e-02
7.577703899672336152e-02 9.324092739069066160e-02 0.000000000000000000e+00 1.843238049026820966e-02 0.000000000000000000e+00
7.426036098905212934e-02 3.461714009835346190e-02 3.906522832848591253e-03 0.000000000000000000e+00 0.000000000000000000e+00
9.176941951282724386e-02 4.695444523024350399e-03 2.763816561582000189e-03 0.000000000000000000e+00 0.000000000000000000e+00
6.274824202061438094e-02 2.029440012335166665e-05 1.508046688192360386e-03 0.000000000000000000e+00 0.000000000000000000e+00
1.511223198068205147e-02 3.378590741120854682e-03 1.003865509011696343e-03 0.000000000000000000e+00 0.000000000000000000e+00
0.000000000000000000e+00 4.811321006309266066e-04 8.912382522615950838e-05 0.000000000000000000e+00 0.000000000000000000e+00
0.000000000000000000e+00 0.000000000000000000e+00 0.000000000000000000e+00 0.000000000000000000e+00 0.000000000000000000e+00
0.000000000000000000e+00 0.000000000000000000e+00 0.000000000000000000e+00 0.000000000000000000e+00 0.000000000000000000e+00
0.000000000000000000e+00 0.000000000000000000e+00 0.000000000000000000e+00 0.000000000000000000e+00 0.000000000000000000e+00
0.000000000000000000e+00 0.000000000000000000e+00 0.000000000000000000e+00 0.000000000000000000e+00 0.000000000000000000e+00
0.000000000000000000e+00 0.000000000000000000e+00 0.000000000000000000e+00 0.000000000000000000e+00 0.000000000000000000e+00
0.000000000000000000e+00 0.000000000000000000e+00 0.000000000000000000e+00 0.000000000000000000e+00 0.000000000000000000e+00
0.000000000000000000e+00 0.000000000000000000e+00 0.000000000000000000e+00 0.000000000000000000e+00 0.000000000000000000e+00
0.000000000000000000e+00 0.000000000000000000e+00 0.000000000000000000e+00 0.000000000000000000e+00 0.000000000000000000e+00
0.000000000000000000e+00 0.000000000000000000e+00 0.000000000000000000e+00 0.000000000000000000e+00 0.000000000000000000e+00
1.502025033740883499e-03 0.000000000000000000e+00 0.000000000000000000e+00 0.000000000000000000e+00 2.080905158808526740e-03
7.052291610626424886e-03 0.000000000000000000e+00 6.340605051869963212e-03 0.000000000000000000e+00 4.782227525591816603e-03
3.369887594906927075e-02 0.000000000000000000e+00 5.675722210951286706e-02 0.000000000000000000e+00 0.000000000000000000e+00
5.067055528801891334e-02 0.000000000000000000e+00 1.202337432632313990e-01 0.000000000000000000e+00 9.884279212318432956e-03
6.125284626314349279e-02 0.000000000000000000e+00 1.275956435542605349e-01 2.923959384360498917e-02 6.300823856913227716e-02
4.469659556356068292e-02 2.524104812745750492e-02 7.196583469754025408e-02 8.318151211216212593e-02 8.735100387090072305e-02
4.454590648613582574e-03 7.503212107820968202e-02 0.000000000000000000e+00 1.192355573372982369e-01 6.356168955652606589e-02
0.000000000000000000e+00 1.101240499782095289e-01 3.187284473429115306e-02 1.060453669190456055e-01 0.000000000000000000e+00
0.000000000000000000e+00 8.438872426103750934e-02 8.996667128360912036e-02 7.225308473141982268e-02 0.000000000000000000e+00
0.000000000000000000e+00 1.919281112903759023e-02 1.175621572316884605e-01 2.589394762043563045e-02 4.604244252335736726e-02
0.000000000000000000e+00 3.473992325678552234e-03 3.812361177952722918e-02 2.678908433014775756e-02 1.161257564567764744e-01
0.000000000000000000e+00 4.566597201432382597e-02 0.000000000000000000e+00 4.041038458863424609e-02 1.186832746189381838e-01
0.000000000000000000e+00 9.219629594424347263e-02 0.000000000000000000e+00 5.813813305051136054e-02 3.475144545316721095e-02
4.903175078363126993e-02 1.030941297659745681e-01 0.000000000000000000e+00 4.354791357162845350e-02 0.000000000000000000e+00
7.717588158427898803e-02 6.645306517488049070e-02 4.578992302379210691e-03 1.005255936230766778e-03 0.000000000000000000e+00
9.154355974920139194e-02 1.407426397833973220e-02 3.429411224976778357e-03 0.000000000000000000e+00 0.000000000000000000e+00
7.995116099241313112e-02 3.147594526965445758e-03 2.713382965299724996e-03 0.000000000000000000e+00 0.000000000000000000e+00
2.422296609389833558e-02 9.746811508174118427e-03 2.525313671918800931e-03 0.000000000000000000e+00 0.000000000000000000e+00
0.000000000000000000e+00 7.007874614098674564e-03 1.302526665909347443e-03 0.000000000000000000e+00 0.000000000000000000e+00
0.000000000000000000e+00 0.000000000000000000e+00 0.000000000000000000e+00 0.000000000000000000e+00 0.000000000000000000e+00
0.000000000000000000e+00 0.000000000000000000e+00 0.000000000000000000e+00 0.000000000000000000e+00 0.000000000000000000e+00
0.000000000000000000e+00 0.000000000000000000e+00 0.000000000000000000e+00 0.000000000000000000e+00 0.000000000000000000e+00
0.000000000000000000e+00 0.000000000000000000e+00 0.000000000000000000e+00 0.000000000000000000e+00 0.000000000000000000e+00
0.000000000000000000e+00 0.000000000000000000e+00 0.000000000000000000e+00 0.000000000000000000e+00 0.000000000000000000e+00
0.000000000000000000e+00 0.000000000000000000e+00 0.000000000000000000e+00 0.000000000000000000e+00 0.000000000000000000e+00
0.000000000000000000e+00 0.000000000000000000e+00 0.000000000000000000e+00 0.000000000000000000e+00 0.000000000000000000e+00
0.000000000000000000e+00 0.000000000000000000e+00 0.000000000000000000e+00 0.000000000000000000e+00 0.000000000000000000e+00
0.000000000000000000e+00 0.000000000000000000e+00 0.000000000000000000e+00 0.000000000000000000e+00 0.000000000000000000e+00
3.156632800874720202e-03 0.000000000000000000e+00 4.207739235200439257e-03 0.000000000000000000e+00 1.503212703225746162e-03
1.147237058504804383e-02 0.000000000000000000e+00 3.852033996113292391e-02 0.000000000000000000e+00 0.000000000000000000e+00
4.133776703511577583e-02 0.000000000000000000e+00 1.009319331170672462e-01 0.000000000000000000e+00 0.000000000000000000e+00
4.082785068642046794e-02 0.000000000000000000e+00 1.407920715046306892e-01 0.000000000000000000e+00 4.251762186246417496e-02
4.474285820465933455e-02 0.000000000000000000e+00 7.870848877899884466e-02 5.871540599419946410e-02 9.534777887457845935e-02
3.985849602288735194e-02 2.947870903042273602e-02 0.000000000000000000e+00 1.130915755992740607e-01 8.689508704428236530e-02
2.210891101113967444e-02 8.303322320945340229e-02 0.000000000000000000e+00 9.385461456923621659e-02 2.510766675935683159e-02
0.000000000000000000e+00 1.163030887355816501e-01 5.421068535098597096e-02 4.398454833877094711e-02 0.000000000000000000e+00
0.000000000000000000e+00 8.534335172176969742e-02 1.250485470305236768e-01 1.030516134025610125e-02 0.000000000000000000e+00
0.000000000000000000e+00 1.438578858477995194e-02 1.246774394740983866e-01 1.471329519792632413e-02 5.298651691146789855e-02
0.000000000000000000e+00 0.000000000000000000e+00 3.135313544723287993e-02 3.571845545245599940e-02 1.145236784451732354e-01
0.000000000000000000e+00 3.477492760313830727e-02 0.000000000000000000e+00 4.169250702391652519e-02 1.212116086818628008e-01
0.000000000000000000e+00 8.947355120795834338e-02 0.000000000000000000e+00 6.695262077378889842e-02 2.927845922617291000e-02
4.209436783211512045e-02 1.063872201503952702e-01 0.000000000000000000e+00 5.316666850329385130e-02 0.000000000000000000e+00
8.045876485354981622e-02 7.779055204884546826e-02 3.651243658340159494e-03 1.048697168693285033e-02 0.000000000000000000e+00
8.939047233623749478e-02 1.830943501412207741e-02 4.001332452947898612e-03 0.000000000000000000e+00 0.000000000000000000e+00
7.679518750566087515e-02 5.810468531107068971e-03 2.873434757381311544e-03 0.000000000000000000e+00 0.000000000000000000e+00
2.185906597619177369e-02 1.272816802284274657e-02 3.007020814393276346e-03 0.000000000000000000e+00 0.000000000000000000e+00
4.584219804996895586e-04 1.345844124270827169e-02 2.530443409389162169e-03 0.000000000000000000e+00 0.000000000000000000e+00
0.000000000000000000e+00 0.000000000000000000e+00 0.000000000000000000e+00 0.000000000000000000e+00 0.000000000000000000e+00
0.000000000000000000e+00 0.000000000000000000e+00 0.000000000000000000e+00 0.000000000000000000e+00 0.000000000000000000e+00
0.000000000000000000e+00 0.000000000000000000e+00 0.000000000000000000e+00 0.000000000000000000e+00 0.000000000000000000e+00
0.000000000000000000e+00 0.000000000000000000e+00 0.000000000000000000e+00 0.000000000000000000e+00 0.000000000000000000e+00
0.000000000000000000e+00 0.000000000000000000e+00 0.000000000000000000e+00 0.000000000000000000e+00 0.000000000000000000e+00
0.000000000000000000e+00 0.000000000000000000e+00 0.000000000000000000e+00 0.000000000000000000e+00 0.000000000000000000e+00
0.000000000000000000e+00 0.000000000000000000e+00 0.000000000000000000e+00 0.000000000000000000e+00 0.000000000000000000e+00
0.000000000000000000e+00 0.000000000000000000e+00 0.000000000000000000e+00 0.000000000000000000e+00 0.000000000000000000e+00
0.000000000000000000e+00 0.000000000000000000e+00 0.000000000000000000e+00 0.000000000000000000e+00 0.000000000000000000e+00
3.590519972131437764e-03 0.000000000000000000e+00 2.061391836244497178e-02 0.000000000000000000e+00 0.000000000000000000e+00
1.983290294969660555e-02 0.000000000000000000e+00 5.790802910860255032e-02 1.014255363717856111e-03 0.000000000000000000e+00
4.284082779207021296e-02 0.000000000000000000e+00 1.280427607588250916e-01 0.000000000000000000e+00 3.140574985839487878e-03
3.529352419705342192e-02 0.000000000000000000e+00 1.365398165466070457e-01 1.522083874091684913e-02 6.871737421996623740e-02
4.029819910063021232e-02 0.000000000000000000e+00 5.167005929539764814e-02 6.861972697925489140e-02 1.035217113305677422e-01
4.653493579939473740e-02 4.288198476877509019e-02 0.000000000000000000e+00 1.166828290032242837e-01 5.264119753605613766e-02
4.800096441329815278e-02 7.778815960975442312e-02 2.256083777203555726e-02 6.588682266305929958e-02 0.000000000000000000e+00
1.720280121952834709e-02 1.117552956442921797e-01 1.061494192114840890e-01 1.052707711875291996e-02 0.000000000000000000e+00
0.000000000000000000e+00 8.715308670172688954e-02 1.410234032504468216e-01 0.000000000000000000e+00 2.721545200739646387e-03
0.000000000000000000e+00 1.938389840236517253e-02 9.921676980995666750e-02 1.749806249359437890e-02 8.041093028680225407e-02
0.000000000000000000e+00 0.000000000000000000e+00 2.445928217372046135e-03 5.134781936076485837e-02 1.248183564474762003e-01
0.000000000000000000e+00 2.942940881658772517e-02 0.000000000000000000e+00 5.362983322845212009e-02 1.017758425159289853e-01
2.872328727766538733e-02 8.322142328148210422e-02 0.000000000000000000e+00 8.242095195380448602e-02 4.131313499549611919e-03
5.947986489838801710e-02 1.113982230688470715e-01 0.000000000000000000e+00 5.133114644346650074e-02 0.000000000000000000e+00
9.661573360069503069e-02 7.299137343722204851e-02 1.926350963245232126e-03 9.253304176269691941e-03 0.000000000000000000e+00
7.739108381801471093e-02 2.260623167618708643e-02 4.332677148245367427e-03 2.285817151885774132e-04 0.000000000000000000e+00
5.083473562379361987e-02 6.678880490316687311e-03 2.496425248312780527e-03 0.000000000000000000e+00 0.000000000000000000e+00
1.593040083666022802e-02 1.395267203805575923e-02 3.145608176788657322e-03 0.000000000000000000e+00 0.000000000000000000e+00
4.584219804996895586e-04 1.345844124270827169e-02 2.530443409389162169e-03 0.000000000000000000e+00 0.000000000000000000e+00
0.000000000000000000e+00 0.000000000000000000e+00 0.000000000000000000e+00 0.000000000000000000e+00 0.000000000000000000e+00
0.000000000000000000e+00 0.000000000000000000e+00 0.000000000000000000e+00 0.000000000000000000e+00 0.000000000000000000e+00
0.000000000000000000e+00 0.000000000000000000e+00 0.000000000000000000e+00 0.000000000000000000e+00 0.000000000000000000e+00
0.000000000000000000e+00 0.000000000000000000e+00 0.000000000000000000e+00 0.000000000000000000e+00 0.000000000000000000e+00
0.000000000000000000e+00 0.000000000000000000e+00 0.000000000000000000e+00 0.000000000000000000e+00 0.000000000000000000e+00
0.000000000000000000e+00 0.000000000000000000e+00 0.000000000000000000e+00 0.000000000000000000e+00 0.000000000000000000e+00
0.000000000000000000e+00 0.000000000000000000e+00 0.000000000000000000e+00 0.000000000000000000e+00 0.000000000000000000e+00
0.000000000000000000e+00 0.000000000000000000e+00 0.000000000000000000e+00 0.000000000000000000e+00 0.000000000000000000e+00
0.000000000000000000e+00 0.000000000000000000e+00 0.000000000000000000e+00 0.000000000000000000e+00 0.000000000000000000e+00
6.736297686101279337e-04 9.772389695679442254e-04 2.044369881715603701e-02 5.294588266013602884e-03 0.000000000000000000e+00
1.458175650435509368e-02 0.000000000000000000e+00 6.472900080898412456e-02 8.814133939799000811e-03 0.000000000000000000e+00
3.189391861584288390e-02 0.000000000000000000e+00 1.267099257591824679e-01 0.000000000000000000e+00 1.930203486951808517e-02
2.974013765627689723e-02 0.000000000000000000e+00 1.093433628570405491e-01 2.591173427376642843e-02 9.517200851958698693e-02
4.931797497822106024e-02 0.000000000000000000e+00 3.625281550907807210e-02 6.591262033245783025e-02 1.077415995859534598e-01
6.849962697028273706e-02 2.809326142566016121e-02 2.923712510974919247e-03 9.772493219445028967e-02 5.135053415639042468e-02
9.691040220622762491e-02 5.958874130363341765e-02 6.021851028581644977e-02 4.792196564955112509e-02 0.000000000000000000e+00
7.756704271607485490e-02 8.506741240488321920e-02 1.264803807681025016e-01 0.000000000000000000e+00 3.647935669671345006e-03
4.477730154183486022e-02 6.514349640873545733e-02 1.181729117388414241e-01 0.000000000000000000e+00 5.698658791892695363e-02
3.326013187494198525e-02 0.000000000000000000e+00 4.121528186178009812e-02 2.981443421178446573e-02 1.179917848069950426e-01
4.264908171637957213e-02 0.000000000000000000e+00 0.000000000000000000e+00 5.805998388275479538e-02 1.167189348929670717e-01
6.782761500021473877e-02 2.974511928201880456e-02 0.000000000000000000e+00 5.976274584430914250e-02 6.424380140556891494e-02
1.015893930964536507e-01 7.722145735828198077e-02 0.000000000000000000e+00 6.104766283124036380e-02 0.000000000000000000e+00
7.525268736118849444e-02 1.036248149969097171e-01 0.000000000000000000e+00 3.525004287972370587e-02 0.000000000000000000e+00
9.202296233650440749e-02 6.668633852940045181e-02 4.529976574185985878e-03 6.026917926290466763e-03 0.000000000000000000e+00
6.479961321645073824e-02 2.335840548784053755e-02 4.378638342941778942e-03 3.109260947037860000e-03 0.000000000000000000e+00
2.817655670790893130e-02 1.116310197144817877e-02 2.911105145685747957e-03 0.000000000000000000e+00 0.000000000000000000e+00
1.554042594124407234e-02 1.401889810849128726e-02 3.156108775392648877e-03 0.000000000000000000e+00 0.000000000000000000e+00
6.099278815403867118e-04 1.019743478287643210e-02 1.926381927300747704e-03 0.000000000000000000e+00 0.000000000000000000e+00
0.000000000000000000e+00 0.000000000000000000e+00 0.000000000000000000e+00 0.000000000000000000e+00 0.000000000000000000e+00
0.000000000000000000e+00 0.000000000000000000e+00 0.000000000000000000e+00 0.000000000000000000e+00 0.000000000000000000e+00
0.000000000000000000e+00 0.000000000000000000e+00 0.000000000000000000e+00 0.000000000000000000e+00 0.000000000000000000e+00
0.000000000000000000e+00 0.000000000000000000e+00 0.000000000000000000e+00 0.000000000000000000e+00 0.000000000000000000e+00
0.000000000000000000e+00 0.000000000000000000e+00 0.000000000000000000e+00 0.000000000000000000e+00 0.000000000000000000e+00
0.000000000000000000e+00 0.000000000000000000e+00 0.000000000000000000e+00 0.000000000000000000e+00 0.000000000000000000e+00
0.000000000000000000e+00 0.000000000000000000e+00 0.000000000000000000e+00 0.000000000000000000e+00 0.000000000000000000e+00
0.000000000000000000e+00 0.000000000000000000e+00 0.000000000000000000e+00 0.000000000000000000e+00 0.000000000000000000e+00
0.000000000000000000e+00 0.000000000000000000e+00 0.000000000000000000e+00 0.000000000000000000e+00 0.000000000000000000e+00
0.000000000000000000e+00 6.512554328300154249e-04 1.488436469508657919e-02 3.790084069493366778e-03 0.000000000000000000e+00
4.751855563588492856e-03 0.000000000000000000e+00 5.118514068379806381e-02 1.161845903022334925e-02 0.000000000000000000e+00
4.417996166691862125e-03 0.000000000000000000e+00 1.090783029479093225e-01 5.818031471440806082e-03 2.177383979174670262e-02
4.789003813416386449e-04 0.000000000000000000e+00 1.121147573967778144e-01 2.705599087734390090e-02 9.097979356354998770e-02
1.953651517887701472e-02 0.000000000000000000e+00 7.277100258594447479e-02 5.811142493558316136e-02 1.084126012820128410e-01
7.024779759316859828e-02 0.000000000000000000e+00 6.727549572044526360e-02 6.836045912966463856e-02 8.791638812832106020e-02
1.029083727010094568e-01 2.788059019486250831e-02 8.879599056343681629e-02 4.277867039869579641e-02 7.951326634369383639e-02
1.123352166418560144e-01 5.505587744309388409e-02 8.490932107110576998e-02 3.040525509873553967e-02 8.626105583861209958e-02
1.015572367119434855e-01 4.588632485266204430e-02 4.779197614657462040e-02 3.516762807881952668e-02 1.005669121104319497e-01
9.729439516805001020e-02 0.000000000000000000e+00 0.000000000000000000e+00 6.095254165051277456e-02 1.182686378422230650e-01
1.083776690485577787e-01 7.334078938344635451e-03 0.000000000000000000e+00 5.706175166651265840e-02 8.251509773077719823e-02
1.147344804418491959e-01 4.929514673781822814e-02 0.000000000000000000e+00 4.936390591494878993e-02 1.639839622651994774e-02
9.537152599007431286e-02 7.287476950826396460e-02 0.000000000000000000e+00 4.565864708893854068e-02 0.000000000000000000e+00
7.015143977419287247e-02 9.486334762423589972e-02 0.000000000000000000e+00 2.983520202317422806e-02 0.000000000000000000e+00
7.834771364911378988e-02 4.908945973045219374e-02 4.209357703197455502e-03 4.206846262201272175e-03 0.000000000000000000e+00
3.527548476312052095e-02 1.411710347256244988e-02 1.870837007125737261e-03 2.109051029557448310e-03 0.000000000000000000e+00
1.087395108570370084e-02 6.536665011283886682e-03 1.595945669690730043e-03 0.000000000000000000e+00 0.000000000000000000e+00
6.523548904953615189e-03 6.400832332135467963e-03 1.421277826535553195e-03 0.000000000000000000e+00 0.000000000000000000e+00
1.263351568515908951e-04 1.397031570306569298e-03 2.653886431906653069e-04 0.000000000000000000e+00 0.000000000000000000e+00
0.000000000000000000e+00 0.000000000000000000e+00 0.000000000000000000e+00 0.000000000000000000e+00 0.000000000000000000e+00
0.000000000000000000e+00 0.000000000000000000e+00 0.000000000000000000e+00 0.000000000000000000e+00 0.000000000000000000e+00
0.000000000000000000e+00 0.000000000000000000e+00 0.000000000000000000e+00 0.000000000000000000e+00 0.000000000000000000e+00
0.000000000000000000e+00 0.000000000000000000e+00 0.000000000000000000e+00 0.000000000000000000e+00 0.000000000000000000e+00
0.000000000000000000e+00 0.000000000000000000e+00 0.000000000000000000e+00 0.000000000000000000e+00 0.000000000000000000e+00
0.000000000000000000e+00 0.000000000000000000e+00 0.000000000000000000e+00 0.000000000000000000e+00 0.000000000000000000e+00
0.000000000000000000e+00 0.000000000000000000e+00 0.000000000000000000e+00 0.000000000000000000e+00 0.000000000000000000e+00
0.000000000000000000e+00 0.000000000000000000e+00 0.000000000000000000e+00 0.000000000000000000e+00 0.000000000000000000e+00
0.000000000000000000e+00 0.000000000000000000e+00 0.000000000000000000e+00 0.000000000000000000e+00 0.000000000000000000e+00
0.000000000000000000e+00 1.877566918128564550e-04 4.833867947604982701e-03 1.477046485930999520e-03 0.000000000000000000e+00
0.000000000000000000e+00 0.000000000000000000e+00 2.323438177959143494e-02 5.857809251337207403e-03 0.000000000000000000e+00
0.000000000000000000e+00 0.000000000000000000e+00 7.856633256319427161e-02 1.341565642259614881e-02 9.909257860008683499e-03
0.000000000000000000e+00 0.000000000000000000e+00 1.054199559415981979e-01 3.007217951330588487e-02 5.538538697717787507e-02
0.000000000000000000e+00 0.000000000000000000e+00 1.008413164356407460e-01 4.410679132496413135e-02 9.547334343890914732e-02
1.611850066522647895e-02 0.000000000000000000e+00 8.089868726041966884e-02 4.600677367884274671e-02 1.160576361864573969e-01
5.932847942578133721e-02 0.000000000000000000e+00 5.269134105087294045e-02 6.285297557040163408e-02 1.264847376510270238e-01
8.539977793537868733e-02 2.607047576631565597e-02 2.360186619689495779e-02 7.571273246291568282e-02 1.165971371571451892e-01
9.081770477090671256e-02 5.753039234924598594e-02 0.000000000000000000e+00 8.174515858850983641e-02 9.942937129052495382e-02
8.689942925674169760e-02 7.525133499574472584e-02 0.000000000000000000e+00 7.110685722237303219e-02 6.500467930032322039e-02
9.791453096400172529e-02 9.069962039143077137e-02 0.000000000000000000e+00 4.542056291939031154e-02 1.582784968228951455e-02
6.489718715506166691e-02 1.013475641798653182e-01 0.000000000000000000e+00 4.882234351467253097e-02 0.000000000000000000e+00
4.454604916064228148e-02 9.541141272139555540e-02 0.000000000000000000e+00 4.108578170640784372e-02 0.000000000000000000e+00
3.729412189323717819e-02 6.987809438622250013e-02 0.000000000000000000e+00 1.096638276698582229e-02 0.000000000000000000e+00
1.168078016096120268e-02 3.336886502862325410e-02 9.383042721286268635e-04 7.550947045390784575e-03 0.000000000000000000e+00
0.000000000000000000e+00 4.914452032790440211e-03 0.000000000000000000e+00 3.211985278361188800e-03 0.000000000000000000e+00
2.545485900547574988e-04 9.459187608152177032e-06 1.055975301271704421e-05 0.000000000000000000e+00 0.000000000000000000e+00
0.000000000000000000e+00 0.000000000000000000e+00 0.000000000000000000e+00 0.000000000000000000e+00 0.000000000000000000e+00
0.000000000000000000e+00 0.000000000000000000e+00 0.000000000000000000e+00 0.000000000000000000e+00 0.000000000000000000e+00
0.000000000000000000e+00 0.000000000000000000e+00 0.000000000000000000e+00 0.000000000000000000e+00 0.000000000000000000e+00
0.000000000000000000e+00 0.000000000000000000e+00 0.000000000000000000e+00 0.000000000000000000e+00 0.000000000000000000e+00
0.000000000000000000e+00 0.000000000000000000e+00 0.000000000000000000e+00 0.000000000000000000e+00 0.000000000000000000e+00
0.000000000000000000e+00 0.000000000000000000e+00 0.000000000000000000e+00 0.000000000000000000e+00 0.000000000000000000e+00
0.000000000000000000e+00 0.000000000000000000e+00 0.000000000000000000e+00 0.000000000000000000e+00 0.000000000000000000e+00
0.000000000000000000e+00 0.000000000000000000e+00 0.000000000000000000e+00 0.000000000000000000e+00 0.000000000000000000e+00
0.000000000000000000e+00 0.000000000000000000e+00 0.000000000000000000e+00 0.000000000000000000e+00 0.000000000000000000e+00
0.000000000000000000e+00 0.000000000000000000e+00 0.000000000000000000e+00 0.000000000000000000e+00 0.000000000000000000e+00
0.000000000000000000e+00 0.000000000000000000e+00 0.000000000000000000e+00 0.000000000000000000e+00 0.000000000000000000e+00
0.000000000000000000e+00 0.000000000000000000e+00 0.000000000000000000e+00 0.000000000000000000e+00 0.000000000000000000e+00
6.023612522526555871e-05 4.929347504651355040e-05 4.066040325455731741e-03 8.573900166949429563e-05 0.000000000000000000e+00
0.000000000000000000e+00 0.000000000000000000e+00 2.364508855540674997e-02 6.402283817989581384e-03 0.000000000000000000e+00
0.000000000000000000e+00 0.000000000000000000e+00 5.091934978937811412e-02 1.657854509076094746e-02 1.546343546538056501e-02
0.000000000000000000e+00 0.000000000000000000e+00 6.945078740936687367e-02 2.157158000760657848e-02 4.096870644001335271e-02
0.000000000000000000e+00 0.000000000000000000e+00 6.193887392047590229e-02 3.672502117913184483e-02 5.525095411044468607e-02
0.000000000000000000e+00 0.000000000000000000e+00 3.113703700468940100e-02 5.923267880636338967e-02 5.658216303002523012e-02
0.000000000000000000e+00 1.510684104088859912e-02 0.000000000000000000e+00 8.661127322521228189e-02 4.742339259284000103e-02
5.143187611587029737e-03 6.167760918712674595e-02 0.000000000000000000e+00 8.114917986366328162e-02 2.349812367372114408e-02
1.878655170791576276e-02 9.722990614397378217e-02 0.000000000000000000e+00 5.710690086652946834e-02 1.034053366782862601e-03
1.902545845038245559e-02 1.113287987070039758e-01 0.000000000000000000e+00 4.514692057202214504e-02 0.000000000000000000e+00
1.784589302785202433e-02 1.037621183311535078e-01 0.000000000000000000e+00 2.830700084763249774e-02 0.000000000000000000e+00
6.097553330933600316e-03 7.013305919972090408e-02 0.000000000000000000e+00 1.995813600259785381e-02 0.000000000000000000e+00
0.000000000000000000e+00 3.378045914008633716e-02 0.000000000000000000e+00 4.054878452182841125e-03 0.000000000000000000e+00
0.000000000000000000e+00 8.918731012702192651e-03 0.000000000000000000e+00 5.944630766319355421e-03 0.000000000000000000e+00
0.000000000000000000e+00 1.627553849153516282e-03 0.000000000000000000e+00 1.173344722089206130e-03 0.000000000000000000e+00
0.000000000000000000e+00 0.000000000000000000e+00 0.000000000000000000e+00 0.000000000000000000e+00 0.000000000000000000e+00
0.000000000000000000e+00 0.000000000000000000e+00 0.000000000000000000e+00 0.000000000000000000e+00 0.000000000000000000e+00
0.000000000000000000e+00 0.000000000000000000e+00 0.000000000000000000e+00 0.000000000000000000e+00 0.000000000000000000e+00
0.000000000000000000e+00 0.000000000000000000e+00 0.000000000000000000e+00 0.000000000000000000e+00 0.000000000000000000e+00
0.000000000000000000e+00 0.000000000000000000e+00 0.000000000000000000e+00 0.000000000000000000e+00 0.000000000000000000e+00
0.000000000000000000e+00 0.000000000000000000e+00 0.000000000000000000e+00 0.000000000000000000e+00 0.000000000000000000e+00
0.000000000000000000e+00 0.000000000000000000e+00 0.000000000000000000e+00 0.000000000000000000e+00 0.000000000000000000e+00
0.000000000000000000e+00 0.000000000000000000e+00 0.000000000000000000e+00 0.000000000000000000e+00 0.000000000000000000e+00
0.000000000000000000e+00 0.000000000000000000e+00 0.000000000000000000e+00 0.000000000000000000e+00 0.000000000000000000e+00
0.000000000000000000e+00 0.000000000000000000e+00 0.000000000000000000e+00 0.000000000000000000e+00 0.000000000000000000e+00
0.000000000000000000e+00 0.000000000000000000e+00 0.000000000000000000e+00 0.000000000000000000e+00 0.000000000000000000e+00
0.000000000000000000e+00 0.000000000000000000e+00 0.000000000000000000e+00 0.000000000000000000e+00 0.000000000000000000e+00
0.000000000000000000e+00 0.000000000000000000e+00 0.000000000000000000e+00 0.000000000000000000e+00 0.000000000000000000e+00
0.000000000000000000e+00 0.000000000000000000e+00 0.000000000000000000e+00 0.000000000000000000e+00 0.000000000000000000e+00
0.000000000000000000e+00 0.000000000000000000e+00 0.000000000000000000e+00 4.710430877741998376e-04 1.009419502059754074e-04
0.000000000000000000e+00 0.000000000000000000e+00 0.000000000000000000e+00 7.944926747124839150e-03 1.702554226807452813e-03
0.000000000000000000e+00 0.000000000000000000e+00 0.000000000000000000e+00 8.060405954995122565e-03 1.639410466074348819e-03
0.000000000000000000e+00 0.000000000000000000e+00 6.591740366660670480e-05 9.423060607864439803e-03 8.943140894237322025e-04
0.000000000000000000e+00 1.022040313717282071e-03 0.000000000000000000e+00 1.442579745829027267e-02 0.000000000000000000e+00
0.000000000000000000e+00 3.989264378994762834e-03 0.000000000000000000e+00 1.360838735201187928e-02 0.000000000000000000e+00
0.000000000000000000e+00 9.867317981462630366e-03 0.000000000000000000e+00 9.521060464216980421e-03 0.000000000000000000e+00
0.000000000000000000e+00 2.004718965612792628e-02 0.000000000000000000e+00 1.960484556649646354e-02 0.000000000000000000e+00
0.000000000000000000e+00 1.826052420649876620e-02 0.000000000000000000e+00 1.303852941685324299e-02 0.000000000000000000e+00
0.000000000000000000e+00 2.320780986927089076e-02 0.000000000000000000e+00 6.559182201839722226e-03 0.000000000000000000e+00
0.000000000000000000e+00 1.262355909227078944e-02 0.000000000000000000e+00 6.524323562812831337e-03 0.000000000000000000e+00
0.000000000000000000e+00 8.433688127431854947e-03 0.000000000000000000e+00 6.080059014462246142e-03 0.000000000000000000e+00
0.000000000000000000e+00 1.664543709361552019e-03 0.000000000000000000e+00 1.200011647591232985e-03 0.000000000000000000e+00
0.000000000000000000e+00 0.000000000000000000e+00 0.000000000000000000e+00 0.000000000000000000e+00 0.000000000000000000e+00
0.000000000000000000e+00 0.000000000000000000e+00 0.000000000000000000e+00 0.000000000000000000e+00 0.000000000000000000e+00
0.000000000000000000e+00 0.000000000000000000e+00 0.000000000000000000e+00 0.000000000000000000e+00 0.000000000000000000e+00
0.000000000000000000e+00 0.000000000000000000e+00 0.000000000000000000e+00 0.000000000000000000e+00 0.000000000000000000e+00
0.000000000000000000e+00 0.000000000000000000e+00 0.000000000000000000e+00 0.000000000000000000e+00 0.000000000000000000e+00
0.000000000000000000e+00 0.000000000000000000e+00 0.000000000000000000e+00 0.000000000000000000e+00 0.000000000000000000e+00
0.000000000000000000e+00 0.000000000000000000e+00 0.000000000000000000e+00 0.000000000000000000e+00 0.000000000000000000e+00
0.000000000000000000e+00 0.000000000000000000e+00 0.000000000000000000e+00 0.000000000000000000e+00 0.000000000000000000e+00
0.000000000000000000e+00 0.000000000000000000e+00 0.000000000000000000e+00 0.000000000000000000e+00 0.000000000000000000e+00
0.000000000000000000e+00 0.000000000000000000e+00 0.000000000000000000e+00 0.000000000000000000e+00 0.000000000000000000e+00
0.000000000000000000e+00 0.000000000000000000e+00 0.000000000000000000e+00 0.000000000000000000e+00 0.000000000000000000e+00
0.000000000000000000e+00 0.000000000000000000e+00 0.000000000000000000e+00 0.000000000000000000e+00 0.000000000000000000e+00
0.000000000000000000e+00 0.000000000000000000e+00 0.000000000000000000e+00 0.000000000000000000e+00 0.000000000000000000e+00
0.000000000000000000e+00 0.000000000000000000e+00 0.000000000000000000e+00 0.000000000000000000e+00 0.000000000000000000e+00
0.000000000000000000e+00 0.000000000000000000e+00 0.000000000000000000e+00 0.000000000000000000e+00 0.000000000000000000e+00
0.000000000000000000e+00 0.000000000000000000e+00 0.000000000000000000e+00 0.000000000000000000e+00 0.000000000000000000e+00
0.000000000000000000e+00 0.000000000000000000e+00 0.000000000000000000e+00 0.000000000000000000e+00 0.000000000000000000e+00
0.000000000000000000e+00 0.000000000000000000e+00 0.000000000000000000e+00 0.000000000000000000e+00 0.000000000000000000e+00
0.000000000000000000e+00 0.000000000000000000e+00 0.000000000000000000e+00 0.000000000000000000e+00 0.000000000000000000e+00
0.000000000000000000e+00 0.000000000000000000e+00 0.000000000000000000e+00 0.000000000000000000e+00 0.000000000000000000e+00
0.000000000000000000e+00 0.000000000000000000e+00 0.000000000000000000e+00 0.000000000000000000e+00 0.000000000000000000e+00
0.000000000000000000e+00 0.000000000000000000e+00 0.000000000000000000e+00 0.000000000000000000e+00 0.000000000000000000e+00
0.000000000000000000e+00 0.000000000000000000e+00 0.000000000000000000e+00 0.000000000000000000e+00 0.000000000000000000e+00
0.000000000000000000e+00 0.000000000000000000e+00 0.000000000000000000e+00 0.000000000000000000e+00 0.000000000000000000e+00
0.000000000000000000e+00 0.000000000000000000e+00 0.000000000000000000e+00 0.000000000000000000e+00 0.000000000000000000e+00
0.000000000000000000e+00 0.000000000000000000e+00 0.000000000000000000e+00 0.000000000000000000e+00 0.000000000000000000e+00
0.000000000000000000e+00 0.000000000000000000e+00 0.000000000000000000e+00 0.000000000000000000e+00 0.000000000000000000e+00
0.000000000000000000e+00 0.000000000000000000e+00 0.000000000000000000e+00 0.000000000000000000e+00 0.000000000000000000e+00
0.000000000000000000e+00 0.000000000000000000e+00 0.000000000000000000e+00 0.000000000000000000e+00 0.000000000000000000e+00
0.000000000000000000e+00 0.000000000000000000e+00 0.000000000000000000e+00 0.000000000000000000e+00 0.000000000000000000e+00
0.000000000000000000e+00 0.000000000000000000e+00 0.000000000000000000e+00 0.000000000000000000e+00 0.000000000000000000e+00
0.000000000000000000e+00 0.000000000000000000e+00 0.000000000000000000e+00 0.000000000000000000e+00 0.000000000000000000e+00
0.000000000000000000e+00 0.000000000000000000e+00 0.000000000000000000e+00 0.000000000000000000e+00 0.000000000000000000e+00
0.000000000000000000e+00 0.000000000000000000e+00 0.000000000000000000e+00 0.000000000000000000e+00 0.000000000000000000e+00
0.000000000000000000e+00 0.000000000000000000e+00 0.000000000000000000e+00 0.000000000000000000e+00 0.000000000000000000e+00
0.000000000000000000e+00 0.000000000000000000e+00 0.000000000000000000e+00 0.000000000000000000e+00 0.000000000000000000e+00
0.000000000000000000e+00 0.000000000000000000e+00 0.000000000000000000e+00 0.000000000000000000e+00 0.000000000000000000e+00
0.000000000000000000e+00 0.000000000000000000e+00 0.000000000000000000e+00 0.000000000000000000e+00 0.000000000000000000e+00
0.000000000000000000e+00 0.000000000000000000e+00 0.000000000000000000e+00 0.000000000000000000e+00 0.000000000000000000e+00
0.000000000000000000e+00 0.000000000000000000e+00 0.000000000000000000e+00 0.000000000000000000e+00 0.000000000000000000e+00
0.000000000000000000e+00 0.000000000000000000e+00 0.000000000000000000e+00 0.000000000000000000e+00 0.000000000000000000e+00
0.000000000000000000e+00 0.000000000000000000e+00 0.000000000000000000e+00 0.000000000000000000e+00 0.000000000000000000e+00
0.000000000000000000e+00 0.000000000000000000e+00 0.000000000000000000e+00 0.000000000000000000e+00 0.000000000000000000e+00
0.000000000000000000e+00 0.000000000000000000e+00 0.000000000000000000e+00 0.000000000000000000e+00 0.000000000000000000e+00
0.000000000000000000e+00 0.000000000000000000e+00 0.000000000000000000e+00 0.000000000000000000e+00 0.000000000000000000e+00
0.000000000000000000e+00 0.000000000000000000e+00 0.000000000000000000e+00 0.000000000000000000e+00 0.000000000000000000e+00
0.000000000000000000e+00 0.000000000000000000e+00 0.000000000000000000e+00 0.000000000000000000e+00 0.000000000000000000e+00
0.000000000000000000e+00 0.000000000000000000e+00 0.000000000000000000e+00 0.000000000000000000e+00 0.000000000000000000e+00
0.000000000000000000e+00 0.000000000000000000e+00 0.000000000000000000e+00 0.000000000000000000e+00 0.000000000000000000e+00
0.000000000000000000e+00 0.000000000000000000e+00 0.000000000000000000e+00 0.000000000000000000e+00 0.000000000000000000e+00
0.000000000000000000e+00 0.000000000000000000e+00 0.000000000000000000e+00 0.000000000000000000e+00 0.000000000000000000e+00
0.000000000000000000e+00 0.000000000000000000e+00 0.000000000000000000e+00 0.000000000000000000e+00 0.000000000000000000e+00
0.000000000000000000e+00 0.000000000000000000e+00 0.000000000000000000e+00 0.000000000000000000e+00 0.000000000000000000e+00
0.000000000000000000e+00 0.000000000000000000e+00 0.000000000000000000e+00 0.000000000000000000e+00 0.000000000000000000e+00
0.000000000000000000e+00 0.000000000000000000e+00 0.000000000000000000e+00 0.000000000000000000e+00 0.000000000000000000e+00
0.000000000000000000e+00 0.000000000000000000e+00 0.000000000000000000e+00 0.000000000000000000e+00 0.000000000000000000e+00
0.000000000000000000e+00 0.000000000000000000e+00 0.000000000000000000e+00 0.000000000000000000e+00 0.000000000000000000e+00
0.000000000000000000e+00 0.000000000000000000e+00 0.000000000000000000e+00 0.000000000000000000e+00 0.000000000000000000e+00
0.000000000000000000e+00 0.000000000000000000e+00 0.000000000000000000e+00 0.000000000000000000e+00 0.000000000000000000e+00
0.000000000000000000e+00 0.000000000000000000e+00 0.000000000000000000e+00 0.000000000000000000e+00 0.000000000000000000e+00
0.000000000000000000e+00 0.000000000000000000e+00 0.000000000000000000e+00 0.000000000000000000e+00 0.000000000000000000e+00
0.000000000000000000e+00 0.000000000000000000e+00 0.000000000000000000e+00 0.000000000000000000e+00 0.000000000000000000e+00
0.000000000000000000e+00 0.000000000000000000e+00 0.000000000000000000e+00 0.000000000000000000e+00 0.000000000000000000e+00
0.000000000000000000e+00 0.000000000000000000e+00 0.000000000000000000e+00 0.000000000000000000e+00 0.000000000000000000e+00
