0.000000000000000000e+00 0.000000000000000000e+00 0.000000000000000000e+00 0.000000000000000000e+00 0.000000000000000000e+00
0.000000000000000000e+00 0.000000000000000000e+00 0.000000000000000000e+00 0.000000000000000000e+00 0.000000000000000000e+00
0.000000000000000000e+00 0.000000000000000000e+00 0.000000000000000000e+00 0.000000000000000000e+00 0.000000000000000000e+00
0.000000000000000000e+00 0.000000000000000000e+00 0.000000000000000000e+00 0.000000000000000000e+00 0.000000000000000000e+00
0.000000000000000000e+00 0.000000000000000000e+00 0.000000000000000000e+00 0.000000000000000000e+00 0.000000000000000000e+00
0.000000000000000000e+00 0.000000000000000000e+00 0.000000000000000000e+00 0.000000000000000000e+00 0.000000000000000000e+00
0.000000000000000000e+00 0.000000000000000000e+00 0.000000000000000000e+00 0.000000000000000000e+00 0.000000000000000000e+00
0.000000000000000000e+00 0.000000000000000000e+00 0.000000000000000000e+00 0.000000000000000000e+00 0.000000000000000000e+00
0.000000000000000000e+00 0.000000000000000000e+00 0.000000000000000000e+00 0.000000000000000000e+00 0.000000000000000000e+00
0.000000000000000000e+00 0.000000000000000000e+00 0.000000000000000000e+00 0.000000000000000000e+00 0.000000000000000000e+00
0.000000000000000000e+00 0.000000000000000000e+00 0.000000000000000000e+00 0.000000000000000000e+00 0.000000000000000000e+00
0.000000000000000000e+00 0.000000000000000000e+00 0.000000000000000000e+00 0.000000000000000000e+00 0.000000000000000000e+00
0.000000000000000000e+00 0.000000000000000000e+00 0.000000000000000000e+00 0.000000000000000000e+00 0.000000000000000000e+00
0.000000000000000000e+00 0.000000000000000000e+00 0.000000000000000000e+00 0.000000000000000000e+00 0.000000000000000000e+00
0.000000000000000000e+00 0.000000000000000000e+00 0.000000000000000000e+00 0.000000000000000000e+00 0.000000000000000000e+00
0.000000000000000000e+00 0.000000000000000000e+00 0.000000000000000000e+00 0.000000000000000000e+00 0.000000000000000000e+00
0.000000000000000000e+00 0.000000000000000000e+00 0.000000000000000000e+00 0.000000000000000000e+00 0.000000000000000000e+00
0.000000000000000000e+00 0.000000000000000000e+00 0.000000000000000000e+00 0.000000000000000000e+00 0.000000000000000000e+00
0.000000000000000000e+00 0.000000000000000000e+00 0.000000000000000000e+00 0.000000000000000000e+00 0.000000000000000000e+00
0.000000000000000000e+00 0.000000000000000000e+00 0.000000000000000000e+00 0.000000000000000000e+00 0.000000000000000000e+00
0.000000000000000000e+00 0.000000000000000000e+00 0.000000000000000000e+00 0.000000000000000000e+00 0.000000000000000000e+00
0.000000000000000000e+00 0.000000000000000000e+00 0.000000000000000000e+00 0.000000000000000000e+00 0.000000000000000000e+00
0.000000000000000000e+00 0.000000000000000000e+00 0.000000000000000000e+00 0.000000000000000000e+00 0.000000000000000000e+00
0.000000000000000000e+00 0.000000000000000000e+00 0.000000000000000000e+00 0.000000000000000000e+00 0.000000000000000000e+00
0.000000000000000000e+00 0.000000000000000000e+00 0.000000000000000000e+00 0.000000000000000000e+00 0.000000000000000000e+00
0.000000000000000000e+00 0.000000000000000000e+00 0.000000000000000000e+00 0.000000000000000000e+00 0.000000000000000000e+00
0.000000000000000000e+00 0.000000000000000000e+00 0.000000000000000000e+00 0.000000000000000000e+00 0.000000000000000000e+00
0.000000000000000000e+00 0.000000000000000000e+00 0.000000000000000000e+00 0.000000000000000000e+00 0.000000000000000000e+00
0.000000000000000000e+00 0.000000000000000000e+00 0.000000000000000000e+00 0.000000000000000000e+00 0.000000000000000000e+00
0.000000000000000000e+00 0.000000000000000000e+00 0.000000000000000000e+00 0.000000000000000000e+00 0.000000000000000000e+00
0.000000000000000000e+00 0.000000000000000000e+00 0.000000000000000000e+00 0.000000000000000000e+00 0.000000000000000000e+00
0.000000000000000000e+00 0.000000000000000000e+00 0.000000000000000000e+00 0.000000000000000000e+00 0.000000000000000000e+00
0.000000000000000000e+00 0.000000000000000000e+00 0.000000000000000000e+00 0.000000000000000000e+00 0.000000000000000000e+00
0.000000000000000000e+00 0.000000000000000000e+00 0.000000000000000000e+00 0.000000000000000000e+00 0.000000000000000000e+00
0.000000000000000000e+00 0.000000000000000000e+00 0.000000000000000000e+00 0.000000000000000000e+00 0.000000000000000000e+00
0.000000000000000000e+00 0.000000000000000000e+00 0.000000000000000000e+00 0.000000000000000000e+00 0.000000000000000000e+00
0.000000000000000000e+00 0.000000000000000000e+00 0.000000000000000000e+00 0.000000000000000000e+00 0.000000000000000000e+00
0.000000000000000000e+00 0.000000000000000000e+00 0.000000000000000000e+00 0.000000000000000000e+00 0.000000000000000000e+00
0.000000000000000000e+00 0.000000000000000000e+00 0.000000000000000000e+00 0.000000000000000000e+00 0.000000000000000000e+00
0.000000000000000000e+00 0.000000000000000000e+00 0.000000000000000000e+00 0.000000000000000000e+00 0.000000000000000000e+00
0.000000000000000000e+00 0.000000000000000000e+00 0.000000000000000000e+00 0.000000000000000000e+00 0.000000000000000000e+00
0.000000000000000000e+00 0.000000000000000000e+00 0.000000000000000000e+00 0.000000000000000000e+00 0.000000000000000000e+00
0.000000000000000000e+00 0.000000000000000000e+00 0.000000000000000000e+00 0.000000000000000000e+00 0.000000000000000000e+00
0.000000000000000000e+00 0.000000000000000000e+00 0.000000000000000000e+00 0.000000000000000000e+00 0.000000000000000000e+00
0.000000000000000000e+00 0.000000000000000000e+00 0.000000000000000000e+00 0.000000000000000000e+00 0.000000000000000000e+00
0.000000000000000000e+00 0.000000000000000000e+00 0.000000000000000000e+00 0.000000000000000000e+00 0.000000000000000000e+00
0.000000000000000000e+00 0.000000000000000000e+00 0.000000000000000000e+00 0.000000000000000000e+00 0.000000000000000000e+00
0.000000000000000000e+00 0.000000000000000000e+00 0.000000000000000000e+00 0.000000000000000000e+00 0.000000000000000000e+00
0.000000000000000000e+00 0.000000000000000000e+00 0.000000000000000000e+00 0.000000000000000000e+00 0.000000000000000000e+00
0.000000000000000000e+00 0.000000000000000000e+00 0.000000000000000000e+00 0.000000000000000000e+00 0.000000000000000000e+00
0.000000000000000000e+00 0.000000000000000000e+00 0.000000000000000000e+00 0.000000000000000000e+00 0.000000000000000000e+00
0.000000000000000000e+00 0.000000000000000000e+00 0.000000000000000000e+00 0.000000000000000000e+00 0.000000000000000000e+00
0.000000000000000000e+00 0.000000000000000000e+00 0.000000000000000000e+00 0.000000000000000000e+00 0.000000000000000000e+00
0.000000000000000000e+00 0.000000000000000000e+00 0.000000000000000000e+00 0.000000000000000000e+00 0.000000000000000000e+00
0.000000000000000000e+00 0.000000000000000000e+00 0.000000000000000000e+00 0.000000000000000000e+00 0.000000000000000000e+00
0.000000000000000000e+00 0.000000000000000000e+00 0.000000000000000000e+00 0.000000000000000000e+00 0.000000000000000000e+00
0.000000000000000000e+00 0.000000000000000000e+00 0.000000000000000000e+00 0.000000000000000000e+00 0.000000000000000000e+00
0.000000000000000000e+00 0.000000000000000000e+00 0.000000000000000000e+00 0.000000000000000000e+00 0.000000000000000000e+00
0.000000000000000000e+00 0.000000000000000000e+00 0.000000000000000000e+00 0.000000000000000000e+00 0.000000000000000000e+00
0.000000000000000000e+00 0.000000000000000000e+00 0.000000000000000000e+00 0.000000000000000000e+00 0.000000000000000000e+00
0.000000000000000000e+00 0.000000000000000000e+00 0.000000000000000000e+00 0.000000000000000000e+00 0.000000000000000000e+00
0.000000000000000000e+00 0.000000000000000000e+00 0.000000000000000000e+00 0.000000000000000000e+00 0.000000000000000000e+00
0.000000000000000000e+00 0.000000000000000000e+00 0.000000000000000000e+00 0.000000000000000000e+00 0.000000000000000000e+00
0.000000000000000000e+00 0.000000000000000000e+00 0.000000000000000000e+00 0.000000000000000000e+00 0.000000000000000000e+00
0.000000000000000000e+00 0.000000000000000000e+00 0.000000000000000000e+00 0.000000000000000000e+00 0.000000000000000000e+00
0.000000000000000000e+00 0.000000000000000000e+00 0.000000000000000000e+00 0.000000000000000000e+00 0.000000000000000000e+00
0.000000000000000000e+00 0.000000000000000000e+00 0.000000000000000000e+00 0.000000000000000000e+00 0.000000000000000000e+00
0.000000000000000000e+00 0.000000000000000000e+00 0.000000000000000000e+00 0.000000000000000000e+00 0.000000000000000000e+00
0.000000000000000000e+00 0.000000000000000000e+00 0.000000000000000000e+00 0.000000000000000000e+00 0.000000000000000000e+00
0.000000000000000000e+00 0.000000000000000000e+00 0.000000000000000000e+00 0.000000000000000000e+00 0.000000000000000000e+00
0.000000000000000000e+00 0.000000000000000000e+00 0.000000000000000000e+00 0.000000000000000000e+00 0.000000000000000000e+00
0.000000000000000000e+00 0.000000000000000000e+00 0.000000000000000000e+00 0.000000000000000000e+00 0.000000000000000000e+00
0.000000000000000000e+00 0.000000000000000000e+00 0.000000000000000000e+00 0.000000000000000000e+00 0.000000000000000000e+00
0.000000000000000000e+00 0.000000000000000000e+00 0.000000000000000000e+00 0.000000000000000000e+00 0.000000000000000000e+00
0.000000000000000000e+00 0.000000000000000000e+00 0.000000000000000000e+00 0.000000000000000000e+00 0.000000000000000000e+00
0.000000000000000000e+00 0.000000000000000000e+00 0.000000000000000000e+00 0.000000000000000000e+00 0.000000000000000000e+00
0.000000000000000000e+00 0.000000000000000000e+00 0.000000000000000000e+00 0.000000000000000000e+00 0.000000000000000000e+00
0.000000000000000000e+00 0.000000000000000000e+00 0.000000000000000000e+00 0.000000000000000000e+00 0.000000000000000000e+00
0.000000000000000000e+00 0.000000000000000000e+00 0.000000000000000000e+00 0.000000000000000000e+00 0.000000000000000000e+00
0.000000000000000000e+00 0.000000000000000000e+00 0.000000000000000000e+00 0.000000000000000000e+00 0.000000000000000000e+00
0.000000000000000000e+00 0.000000000000000000e+00 0.000000000000000000e+00 0.000000000000000000e+00 0.000000000000000000e+00
0.000000000000000000e+00 0.000000000000000000e+00 0.000000000000000000e+00 0.000000000000000000e+00 0.000000000000000000e+00
0.000000000000000000e+00 0.000000000000000000e+00 0.000000000000000000e+00 0.000000000000000000e+00 0.000000000000000000e+00
0.000000000000000000e+00 0.000000000000000000e+00 0.000000000000000000e+00 0.000000000000000000e+00 0.000000000000000000e+00
0.000000000000000000e+00 0.000000000000000000e+00 0.000000000000000000e+00 0.000000000000000000e+00 0.000000000000000000e+00
0.000000000000000000e+00 0.000000000000000000e+00 0.000000000000000000e+00 0.000000000000000000e+00 0.000000000000000000e+00
0.000000000000000000e+00 0.000000000000000000e+00 0.000000000000000000e+00 0.000000000000000000e+00 0.000000000000000000e+00
0.000000000000000000e+00 0.000000000000000000e+00 0.000000000000000000e+00 0.000000000000000000e+00 0.000000000000000000e+00
0.000000000000000000e+00 0.000000000000000000e+00 0.000000000000000000e+00 0.000000000000000000e+00 0.000000000000000000e+00
0.000000000000000000e+00 0.000000000000000000e+00 0.000000000000000000e+00 0.000000000000000000e+00 0.000000000000000000e+00
0.000000000000000000e+00 0.000000000000000000e+00 0.000000000000000000e+00 0.000000000000000000e+00 0.000000000000000000e+00
0.000000000000000000e+00 0.000000000000000000e+00 0.000000000000000000e+00 0.000000000000000000e+00 0.000000000000000000e+00
0.000000000000000000e+00 0.000000000000000000e+00 0.000000000000000000e+00 0.000000000000000000e+00 0.000000000000000000e+00
0.000000000000000000e+00 0.000000000000000000e+00 0.000000000000000000e+00 0.000000000000000000e+00 0.000000000000000000e+00
0.000000000000000000e+00 0.000000000000000000e+00 0.000000000000000000e+00 0.000000000000000000e+00 0.000000000000000000e+00
0.000000000000000000e+00 0.000000000000000000e+00 0.000000000000000000e+00 0.000000000000000000e+00 0.000000000000000000e+00
0.000000000000000000e+00 0.000000000000000000e+00 0.000000000000000000e+00 0.000000000000000000e+00 0.000000000000000000e+00
0.000000000000000000e+00 0.000000000000000000e+00 0.000000000000000000e+00 0.000000000000000000e+00 0.000000000000000000e+00
0.000000000000000000e+00 0.000000000000000000e+00 0.000000000000000000e+00 0.000000000000000000e+00 0.000000000000000000e+00
0.000000000000000000e+00 0.000000000000000000e+00 0.000000000000000000e+00 0.000000000000000000e+00 0.000000000000000000e+00
0.000000000000000000e+00 0.000000000000000000e+00 0.000000000000000000e+00 0.000000000000000000e+00 0.000000000000000000e+00
0.000000000000000000e+00 0.000000000000000000e+00 0.000000000000000000e+00 0.000000000000000000e+00 0.000000000000000000e+00
0.000000000000000000e+00 0.000000000000000000e+00 0.000000000000000000e+00 0.000000000000000000e+00 0.000000000000000000e+00
0.000000000000000000e+00 0.000000000000000000e+00 0.000000000000000000e+00 0.000000000000000000e+00 0.000000000000000000e+00
0.000000000000000000e+00 0.000000000000000000e+00 0.000000000000000000e+00 0.000000000000000000e+00 0.000000000000000000e+00
0.000000000000000000e+00 0.000000000000000000e+00 0.000000000000000000e+00 0.000000000000000000e+00 0.000000000000000000e+00
0.000000000000000000e+00 0.000000000000000000e+00 0.000000000000000000e+00 0.000000000000000000e+00 0.000000000000000000e+00
0.000000000000000000e+00 0.000000000000000000e+00 0.000000000000000000e+00 0.000000000000000000e+00 0.000000000000000000e+00
0.000000000000000000e+00 0.000000000000000000e+00 0.000000000000000000e+00 0.000000000000000000e+00 0.000000000000000000e+00
0.000000000000000000e+00 0.000000000000000000e+00 0.000000000000000000e+00 0.000000000000000000e+00 0.000000000000000000e+00
0.000000000000000000e+00 0.000000000000000000e+00 0.000000000000000000e+00 0.000000000000000000e+00 0.000000000000000000e+00
0.000000000000000000e+00 0.000000000000000000e+00 0.000000000000000000e+00 0.000000000000000000e+00 0.000000000000000000e+00
0.000000000000000000e+00 0.000000000000000000e+00 0.000000000000000000e+00 0.000000000000000000e+00 0.000000000000000000e+00
0.000000000000000000e+00 0.000000000000000000e+00 0.000000000000000000e+00 0.000000000000000000e+00 0.000000000000000000e+00
0.000000000000000000e+00 0.000000000000000000e+00 0.000000000000000000e+00 0.000000000000000000e+00 0.000000000000000000e+00
0.000000000000000000e+00 0.000000000000000000e+00 0.000000000000000000e+00 0.000000000000000000e+00 0.000000000000000000e+00
0.000000000000000000e+00 0.000000000000000000e+00 0.000000000000000000e+00 0.000000000000000000e+00 0.000000000000000000e+00
0.000000000000000000e+00 0.000000000000000000e+00 0.000000000000000000e+00 0.000000000000000000e+00 0.000000000000000000e+00
0.000000000000000000e+00 0.000000000000000000e+00 0.000000000000000000e+00 0.000000000000000000e+00 0.000000000000000000e+00
0.000000000000000000e+00 0.000000000000000000e+00 0.000000000000000000e+00 0.000000000000000000e+00 0.000000000000000000e+00
0.000000000000000000e+00 0.000000000000000000e+00 0.000000000000000000e+00 0.000000000000000000e+00 0.000000000000000000e+00
0.000000000000000000e+00 0.000000000000000000e+00 0.000000000000000000e+00 0.000000000000000000e+00 0.000000000000000000e+00
0.000000000000000000e+00 0.000000000000000000e+00 0.000000000000000000e+00 0.000000000000000000e+00 0.000000000000000000e+00
0.000000000000000000e+00 0.000000000000000000e+00 3.373370687801584343e-04 2.422965379837058685e-04 7.782365957166572040e-05
0.000000000000000000e+00 0.000000000000000000e+00 3.103501032777457661e-03 2.229128149450094153e-03 7.159776680593247849e-04
0.000000000000000000e+00 0.000000000000000000e+00 4.520316721654123529e-03 3.246773608981660345e-03 1.042837038260320927e-03
0.000000000000000000e+00 0.000000000000000000e+00 5.689751893425340490e-03 4.086734940658504067e-03 1.312625724775428682e-03
0.000000000000000000e+00 0.000000000000000000e+00 5.734730169262692787e-03 4.119041145722999141e-03 1.323002212718317342e-03
0.000000000000000000e+00 0.000000000000000000e+00 5.217479997133117088e-03 3.747519787481318372e-03 1.203672601375097104e-03
0.000000000000000000e+00 0.000000000000000000e+00 2.406337757298463668e-03 1.728381970950435042e-03 5.551421049445488245e-04
0.000000000000000000e+00 0.000000000000000000e+00 1.124456895933861357e-04 8.076551266123527142e-05 2.594121985722191697e-05
0.000000000000000000e+00 0.000000000000000000e+00 0.000000000000000000e+00 0.000000000000000000e+00 0.000000000000000000e+00
0.000000000000000000e+00 0.000000000000000000e+00 0.000000000000000000e+00 0.000000000000000000e+00 0.000000000000000000e+00
0.000000000000000000e+00 0.000000000000000000e+00 0.000000000000000000e+00 0.000000000000000000e+00 0.000000000000000000e+00
0.000000000000000000e+00 0.000000000000000000e+00 0.000000000000000000e+00 0.000000000000000000e+00 0.000000000000000000e+00
0.000000000000000000e+00 0.000000000000000000e+00 0.000000000000000000e+00 0.000000000000000000e+00 0.000000000000000000e+00
0.000000000000000000e+00 0.000000000000000000e+00 0.000000000000000000e+00 0.000000000000000000e+00 0.000000000000000000e+00
0.000000000000000000e+00 0.000000000000000000e+00 0.000000000000000000e+00 0.000000000000000000e+00 0.000000000000000000e+00
0.000000000000000000e+00 0.000000000000000000e+00 0.000000000000000000e+00 0.000000000000000000e+00 0.000000000000000000e+00
0.000000000000000000e+00 0.000000000000000000e+00 0.000000000000000000e+00 0.000000000000000000e+00 0.000000000000000000e+00
0.000000000000000000e+00 0.000000000000000000e+00 0.000000000000000000e+00 0.000000000000000000e+00 0.000000000000000000e+00
0.000000000000000000e+00 0.000000000000000000e+00 0.000000000000000000e+00 0.000000000000000000e+00 0.000000000000000000e+00
0.000000000000000000e+00 0.000000000000000000e+00 0.000000000000000000e+00 0.000000000000000000e+00 0.000000000000000000e+00
0.000000000000000000e+00 0.000000000000000000e+00 0.000000000000000000e+00 0.000000000000000000e+00 0.000000000000000000e+00
0.000000000000000000e+00 0.000000000000000000e+00 0.000000000000000000e+00 0.000000000000000000e+00 0.000000000000000000e+00
0.000000000000000000e+00 0.000000000000000000e+00 0.000000000000000000e+00 0.000000000000000000e+00 0.000000000000000000e+00
0.000000000000000000e+00 0.000000000000000000e+00 0.000000000000000000e+00 0.000000000000000000e+00 0.000000000000000000e+00
0.000000000000000000e+00 0.000000000000000000e+00 0.000000000000000000e+00 0.000000000000000000e+00 0.000000000000000000e+00
0.000000000000000000e+00 0.000000000000000000e+00 0.000000000000000000e+00 0.000000000000000000e+00 0.000000000000000000e+00
0.000000000000000000e+00 0.000000000000000000e+00 0.000000000000000000e+00 0.000000000000000000e+00 0.000000000000000000e+00
0.000000000000000000e+00 5.133444669549345682e-04 1.331347940693084495e-03 0.000000000000000000e+00 8.311516771245589495e-05
0.000000000000000000e+00 3.763434423150796918e-03 1.065843008453370121e-02 2.908973255095618701e-03 1.211152603077276114e-03
0.000000000000000000e+00 4.808582224990392250e-03 3.302323744611772305e-02 6.599694846366554015e-04 2.577711230971698364e-04
0.000000000000000000e+00 5.206516483898379274e-03 3.857290255611682539e-02 7.805833406466368245e-04 5.790251178152398164e-07
0.000000000000000000e+00 4.611661316382466638e-03 3.453808469966919426e-02 9.832384931337055656e-03 1.186513941159065113e-03
0.000000000000000000e+00 4.708960627042279960e-03 1.376320057610951053e-02 1.696369571893861783e-02 5.015650907128093965e-03
0.000000000000000000e+00 4.412659724142256774e-03 1.085856279723668985e-03 1.557254681007626262e-02 6.020922987020497184e-03
0.000000000000000000e+00 3.885965037800794084e-03 0.000000000000000000e+00 1.633681521701979208e-02 5.894585960291976075e-03
0.000000000000000000e+00 1.224155460361025767e-03 0.000000000000000000e+00 1.628773242694831619e-02 1.113525160920187740e-03
0.000000000000000000e+00 6.678438056882357414e-04 0.000000000000000000e+00 1.171561742021609565e-02 0.000000000000000000e+00
0.000000000000000000e+00 2.180714467553423487e-04 0.000000000000000000e+00 3.825507729050149370e-03 0.000000000000000000e+00
0.000000000000000000e+00 0.000000000000000000e+00 0.000000000000000000e+00 0.000000000000000000e+00 0.000000000000000000e+00
0.000000000000000000e+00 0.000000000000000000e+00 0.000000000000000000e+00 0.000000000000000000e+00 0.000000000000000000e+00
0.000000000000000000e+00 0.000000000000000000e+00 0.000000000000000000e+00 0.000000000000000000e+00 0.000000000000000000e+00
0.000000000000000000e+00 0.000000000000000000e+00 0.000000000000000000e+00 0.000000000000000000e+00 0.000000000000000000e+00
0.000000000000000000e+00 0.000000000000000000e+00 0.000000000000000000e+00 0.000000000000000000e+00 0.000000000000000000e+00
0.000000000000000000e+00 0.000000000000000000e+00 0.000000000000000000e+00 0.000000000000000000e+00 0.000000000000000000e+00
0.000000000000000000e+00 0.000000000000000000e+00 0.000000000000000000e+00 0.000000000000000000e+00 0.000000000000000000e+00
0.000000000000000000e+00 0.000000000000000000e+00 0.000000000000000000e+00 0.000000000000000000e+00 0.000000000000000000e+00
0.000000000000000000e+00 0.000000000000000000e+00 0.000000000000000000e+00 0.000000000000000000e+00 0.000000000000000000e+00
0.000000000000000000e+00 0.000000000000000000e+00 0.000000000000000000e+00 0.000000000000000000e+00 0.000000000000000000e+00
0.000000000000000000e+00 0.000000000000000000e+00 0.000000000000000000e+00 0.000000000000000000e+00 0.000000000000000000e+00
0.000000000000000000e+00 0.000000000000000000e+00 0.000000000000000000e+00 0.000000000000000000e+00 0.000000000000000000e+00
0.000000000000000000e+00 0.000000000000000000e+00 0.000000000000000000e+00 0.000000000000000000e+00 0.000000000000000000e+00
0.000000000000000000e+00 0.000000000000000000e+00 0.000000000000000000e+00 0.000000000000000000e+00 0.000000000000000000e+00
0.000000000000000000e+00 0.000000000000000000e+00 0.000000000000000000e+00 0.000000000000000000e+00 0.000000000000000000e+00
0.000000000000000000e+00 7.703774113139581130e-05 2.001660456686263454e-04 4.737756307343418948e-05 2.706206388204727514e-05
0.000000000000000000e+00 2.102321996063911784e-03 2.870927191557837415e-03 5.039293194409253914e-04 3.375142081797575795e-04
0.000000000000000000e+00 8.585344041188540387e-03 2.186355341494496118e-02 5.282326804177568669e-03 1.118398065154573191e-03
0.000000000000000000e+00 2.048351672379694968e-02 5.705776991154167671e-02 3.353977978060357270e-03 0.000000000000000000e+00
0.000000000000000000e+00 3.985891530197373939e-02 7.862575992498141431e-02 1.294565989363910151e-03 0.000000000000000000e+00
5.356866511139547413e-03 7.048603594223978863e-02 6.271051807077711315e-02 0.000000000000000000e+00 0.000000000000000000e+00
4.172569311454002450e-02 8.780982663918381059e-02 4.892990186292417443e-02 7.484483605575531669e-03 0.000000000000000000e+00
8.236251913140149594e-02 7.888895480822004369e-02 3.864700105582963285e-02 1.244304610899391560e-02 0.000000000000000000e+00
1.059835132157505716e-01 5.711675016608960820e-02 0.000000000000000000e+00 2.109602173126972485e-02 1.420965504553977320e-02
8.628049159287677627e-02 1.850395262505670144e-02 0.000000000000000000e+00 5.019655300593925396e-02 5.667508247040905361e-02
4.766623195454344764e-02 3.566407944116434074e-03 0.000000000000000000e+00 6.645012923984736086e-02 7.117132517553456661e-02
1.246429063302895504e-02 0.000000000000000000e+00 0.000000000000000000e+00 6.761457167257613199e-02 6.401791442732433779e-02
0.000000000000000000e+00 0.000000000000000000e+00 0.000000000000000000e+00 5.022431297576121501e-02 2.121673866628969937e-02
6.003249201202519704e-04 0.000000000000000000e+00 0.000000000000000000e+00 1.937034982206671876e-02 6.857528198647209030e-04
4.829289840884807704e-04 0.000000000000000000e+00 0.000000000000000000e+00 6.055176646835311663e-03 0.000000000000000000e+00
0.000000000000000000e+00 0.000000000000000000e+00 0.000000000000000000e+00 0.000000000000000000e+00 0.000000000000000000e+00
1.569427960748498419e-04 3.670326022511991169e-06 0.000000000000000000e+00 0.000000000000000000e+00 0.000000000000000000e+00
0.000000000000000000e+00 0.000000000000000000e+00 0.000000000000000000e+00 0.000000000000000000e+00 0.000000000000000000e+00
0.000000000000000000e+00 0.000000000000000000e+00 0.000000000000000000e+00 0.000000000000000000e+00 0.000000000000000000e+00
0.000000000000000000e+00 0.000000000000000000e+00 0.000000000000000000e+00 0.000000000000000000e+00 0.000000000000000000e+00
0.000000000000000000e+00 0.000000000000000000e+00 0.000000000000000000e+00 0.000000000000000000e+00 0.000000000000000000e+00
0.000000000000000000e+00 0.000000000000000000e+00 0.000000000000000000e+00 0.000000000000000000e+00 0.000000000000000000e+00
0.000000000000000000e+00 0.000000000000000000e+00 0.000000000000000000e+00 0.000000000000000000e+00 0.000000000000000000e+00
0.000000000000000000e+00 0.000000000000000000e+00 0.000000000000000000e+00 0.000000000000000000e+00 0.000000000000000000e+00
0.000000000000000000e+00 0.000000000000000000e+00 0.000000000000000000e+00 0.000000000000000000e+00 0.000000000000000000e+00
0.000000000000000000e+00 0.000000000000000000e+00 0.000000000000000000e+00 0.000000000000000000e+00 0.000000000000000000e+00
0.000000000000000000e+00 0.000000000000000000e+00 0.000000000000000000e+00 0.000000000000000000e+00 0.000000000000000000e+00
0.000000000000000000e+00 2.209877539546490999e-06 2.601348596023715914e-03 1.524827488361684509e-03 8.481092462234202545e-05
0.000000000000000000e+00 0.000000000000000000e+00 1.979414950555520580e-02 5.230513096652077837e-03 0.000000000000000000e+00
0.000000000000000000e+00 7.130624076713311388e-03 4.668916202500530965e-02 1.179350771962819899e-02 0.000000000000000000e+00
0.000000000000000000e+00 2.378962635322885016e-02 8.824806792626385676e-02 1.880957882874036147e-02 0.000000000000000000e+00
0.000000000000000000e+00 5.785373788907263032e-02 1.011015838976123543e-01 2.550018700842176730e-02 0.000000000000000000e+00
3.605181937476298337e-02 9.409671759048922335e-02 8.768647457484639307e-02 2.649186738167562741e-02 0.000000000000000000e+00
8.530533124831130021e-02 1.161921669095347248e-01 7.870546741682241110e-02 3.711981499432542853e-02 0.000000000000000000e+00
1.223600014567768346e-01 1.097214473350495018e-01 7.901299357717031513e-02 2.852121102122065141e-02 1.822017265744161826e-02
1.163717900946340117e-01 1.005750139017994177e-01 8.227271021680788998e-02 2.805358268422188106e-02 8.265356060075536304e-02
1.121403874896876041e-01 7.771727191193970874e-02 7.335226301988423403e-02 3.271682712346740685e-02 1.134678092622199846e-01
1.193151837524907971e-01 4.787505193031127426e-02 2.165012315785495509e-02 3.696953932140688986e-02 1.208079126103426132e-01
8.137529891004104121e-02 1.420972977975056527e-02 0.000000000000000000e+00 7.740857360401262599e-02 1.293676438847355115e-01
4.643851317062472339e-02 0.000000000000000000e+00 0.000000000000000000e+00 9.826093689743603532e-02 1.201232128046727382e-01
8.382975716203481045e-03 0.000000000000000000e+00 0.000000000000000000e+00 9.694341232411214648e-02 6.847922963368541227e-02
7.282436667292954170e-03 0.000000000000000000e+00 0.000000000000000000e+00 5.297574677133363996e-02 6.454446242393043973e-03
6.091536389666220991e-03 0.000000000000000000e+00 2.963241310513346077e-03 9.243246800047334039e-03 0.000000000000000000e+00
6.531909718474772754e-04 0.000000000000000000e+00 1.244054359673190833e-03 4.977015679005251329e-04 0.000000000000000000e+00
3.191170186855279631e-03 7.462996245774374492e-05 0.000000000000000000e+00 0.000000000000000000e+00 0.000000000000000000e+00
0.000000000000000000e+00 0.000000000000000000e+00 0.000000000000000000e+00 0.000000000000000000e+00 0.000000000000000000e+00
0.000000000000000000e+00 0.000000000000000000e+00 0.000000000000000000e+00 0.000000000000000000e+00 0.000000000000000000e+00
0.000000000000000000e+00 0.000000000000000000e+00 0.000000000000000000e+00 0.000000000000000000e+00 0.000000000000000000e+00
0.000000000000000000e+00 0.000000000000000000e+00 0.000000000000000000e+00 0.000000000000000000e+00 0.000000000000000000e+00
0.000000000000000000e+00 0.000000000000000000e+00 0.000000000000000000e+00 0.000000000000000000e+00 0.000000000000000000e+00
0.000000000000000000e+00 0.000000000000000000e+00 0.000000000000000000e+00 0.000000000000000000e+00 0.000000000000000000e+00
0.000000000000000000e+00 0.000000000000000000e+00 0.000000000000000000e+00 0.000000000000000000e+00 0.000000000000000000e+00
0.000000000000000000e+00 0.000000000000000000e+00 0.000000000000000000e+00 0.000000000000000000e+00 0.000000000000000000e+00
0.000000000000000000e+00 0.000000000000000000e+00 0.000000000000000000e+00 0.000000000000000000e+00 0.000000000000000000e+00
0.000000000000000000e+00 0.000000000000000000e+00 1.971195473848914859e-02 0.000000000000000000e+00 0.000000000000000000e+00
0.000000000000000000e+00 0.000000000000000000e+00 3.813015719548797089e-02 3.769037491622194598e-03 0.000000000000000000e+00
0.000000000000000000e+00 0.000000000000000000e+00 7.739555996310766572e-02 1.170356355180558403e-02 0.000000000000000000e+00
0.000000000000000000e+00 1.834846659618094220e-02 1.148638712428989433e-01 3.095822508076523719e-02 0.000000000000000000e+00
2.752944282839841616e-03 6.535860657668682294e-02 1.267240357311559540e-01 4.135965508627530152e-02 0.000000000000000000e+00
4.279853916571347422e-02 1.063900289326495663e-01 1.095621907221539515e-01 5.126214684535416316e-02 0.000000000000000000e+00
1.092502864074064300e-01 9.583954162264682330e-02 9.039344421636132110e-02 4.923962899593057468e-02 0.000000000000000000e+00
1.181106857903595486e-01 6.892142932247517784e-02 7.468667244241602998e-02 4.630917823492701479e-02 6.158128918067135027e-02
8.452247518321354125e-02 4.134563696395378990e-02 1.008199264735517714e-01 4.135913776029853661e-02 1.318971271452366867e-01
5.296284441014220690e-02 3.934501274805187604e-02 1.126858733128145579e-01 4.402464383174943541e-02 1.349198932452013999e-01
4.836335742156841477e-02 6.564640982895532384e-02 1.168533252461930183e-01 2.972453721676493812e-02 1.075532203975306661e-01
9.213743985992488283e-02 7.614382345461349899e-02 7.966064450770030114e-02 6.573379583338064339e-03 7.686575756215700828e-02
9.206897554557101626e-02 5.883527387015728694e-02 0.000000000000000000e+00 5.035863803981514147e-02 9.730713343885126487e-02
6.659147512568075467e-02 8.154484294914199002e-03 0.000000000000000000e+00 1.031278612903260283e-01 1.118972003106982888e-01
1.483364145815861332e-02 0.000000000000000000e+00 0.000000000000000000e+00 1.241449303751430699e-01 9.192200137115305592e-02
5.954559152680818403e-03 0.000000000000000000e+00 0.000000000000000000e+00 9.384004149845037723e-02 1.787054208371231107e-02
3.665974282404143268e-03 0.000000000000000000e+00 0.000000000000000000e+00 3.157389642420863757e-02 0.000000000000000000e+00
1.128566923904531774e-03 0.000000000000000000e+00 2.135547049775286116e-03 2.817805541983527551e-03 0.000000000000000000e+00
1.203228103240515075e-03 2.813916617259198919e-05 0.000000000000000000e+00 0.000000000000000000e+00 0.000000000000000000e+00
0.000000000000000000e+00 0.000000000000000000e+00 0.000000000000000000e+00 0.000000000000000000e+00 0.000000000000000000e+00
0.000000000000000000e+00 0.000000000000000000e+00 0.000000000000000000e+00 0.000000000000000000e+00 0.000000000000000000e+00
0.000000000000000000e+00 0.000000000000000000e+00 0.000000000000000000e+00 0.000000000000000000e+00 0.000000000000000000e+00
0.000000000000000000e+00 0.000000000000000000e+00 0.000000000000000000e+00 0.000000000000000000e+00 0.000000000000000000e+00
0.000000000000000000e+00 0.000000000000000000e+00 0.000000000000000000e+00 0.000000000000000000e+00 0.000000000000000000e+00
0.000000000000000000e+00 0.000000000000000000e+00 0.000000000000000000e+00 0.000000000000000000e+00 0.000000000000000000e+00
2.853987773607057207e-05 0.000000000000000000e+00 0.000000000000000000e+00 0.000000000000000000e+00 3.017492332370567303e-05
3.424785328328467022e-04 0.000000000000000000e+00 0.000000000000000000e+00 0.000000000000000000e+00 3.620990798844686727e-04
0.000000000000000000e+00 0.000000000000000000e+00 8.348971216044215674e-03 0.000000000000000000e+00 0.000000000000000000e+00
0.000000000000000000e+00 0.000000000000000000e+00 5.010180759186152327e-02 6.293171932396118828e-03 0.000000000000000000e+00
0.000000000000000000e+00 0.000000000000000000e+00 8.891008059833577226e-02 1.390602643502402216e-02 0.000000000000000000e+00
0.000000000000000000e+00 6.765290707821500389e-03 1.184991039272187963e-01 3.259252536364436875e-02 0.000000000000000000e+00
0.000000000000000000e+00 6.011982867058881380e-02 1.197811936790584841e-01 6.639228432942921587e-02 0.000000000000000000e+00
3.691605284166823986e-02 1.070379887523727480e-01 9.137236895175331053e-02 8.192248280600736288e-02 0.000000000000000000e+00
1.059452773998337816e-01 9.920161212371567117e-02 5.458865403775434860e-02 6.121143384148614724e-02 0.000000000000000000e+00
1.142394018515528326e-01 5.379661666903567951e-02 1.837124509592035285e-02 5.972080504158203823e-02 8.984711882394785798e-02
6.918658351203310630e-02 5.287090124881837008e-03 2.632219874251926980e-02 6.479683334208673207e-02 1.530883017239148547e-01
2.428722653331884945e-02 1.807524577893003656e-03 6.235651198695126712e-02 4.898901210648332755e-02 1.293055737586047693e-01
0.000000000000000000e+00 1.676163064936146696e-02 8.858579037632535735e-02 3.471675306701198227e-02 7.161528416056699153e-02
1.580319297074802426e-02 4.056544913211886788e-02 1.407183481066002217e-01 0.000000000000000000e+00 1.490923151370440562e-02
5.227790496386031799e-02 9.514477996791528835e-02 1.146291292576698817e-01 0.000000000000000000e+00 7.728531122835670744e-03
8.267546828528608838e-02 9.340630337539448935e-02 3.187812893170685613e-02 8.617791066352655655e-03 5.493118221508876131e-02
5.268471971702223117e-02 4.002493042804094320e-02 0.000000000000000000e+00 9.016745477169424428e-02 9.588085411617575105e-02
6.509209223440286414e-03 0.000000000000000000e+00 0.000000000000000000e+00 1.221080467581998619e-01 7.581789521667804677e-02
0.000000000000000000e+00 0.000000000000000000e+00 0.000000000000000000e+00 1.061098591997620688e-01 3.791140395934174817e-02
0.000000000000000000e+00 0.000000000000000000e+00 7.173257743186669047e-04 4.456790140260720456e-02 2.812325647735979071e-03
0.000000000000000000e+00 0.000000000000000000e+00 0.000000000000000000e+00 1.449389863675347098e-02 0.000000000000000000e+00
0.000000000000000000e+00 0.000000000000000000e+00 0.000000000000000000e+00 0.000000000000000000e+00 0.000000000000000000e+00
0.000000000000000000e+00 0.000000000000000000e+00 0.000000000000000000e+00 0.000000000000000000e+00 0.000000000000000000e+00
0.000000000000000000e+00 0.000000000000000000e+00 0.000000000000000000e+00 0.000000000000000000e+00 0.000000000000000000e+00
0.000000000000000000e+00 0.000000000000000000e+00 0.000000000000000000e+00 0.000000000000000000e+00 0.000000000000000000e+00
0.000000000000000000e+00 0.000000000000000000e+00 0.000000000000000000e+00 0.000000000000000000e+00 0.000000000000000000e+00
0.000000000000000000e+00 0.000000000000000000e+00 0.000000000000000000e+00 0.000000000000000000e+00 0.000000000000000000e+00
0.000000000000000000e+00 0.000000000000000000e+00 0.000000000000000000e+00 0.000000000000000000e+00 0.000000000000000000e+00
1.569693275483880109e-04 0.000000000000000000e+00 0.000000000000000000e+00 0.000000000000000000e+00 1.659620782803813846e-04
2.875349211165156675e-03 0.000000000000000000e+00 8.410331425748353296e-03 0.000000000000000000e+00 2.760201270354695115e-03
0.000000000000000000e+00 0.000000000000000000e+00 4.502229284781043839e-02 0.000000000000000000e+00 7.816277277181508379e-04
0.000000000000000000e+00 0.000000000000000000e+00 7.848946334273437797e-02 1.127712822185973282e-02 0.000000000000000000e+00
0.000000000000000000e+00 0.000000000000000000e+00 1.104978774446060824e-01 3.256513781602471402e-02 0.000000000000000000e+00
0.000000000000000000e+00 3.490100114196903469e-02 1.147193410591873103e-01 6.306551100746994598e-02 0.000000000000000000e+00
1.241307481592880159e-02 1.023311260723317739e-01 5.341878803212517929e-02 1.012764251763044604e-01 0.000000000000000000e+00
9.319853776881203977e-02 1.089647879139818004e-01 1.609060095571408430e-02 8.113943567432441162e-02 0.000000000000000000e+00
1.234485811747221828e-01 7.012784146041538269e-02 1.169204024593228138e-03 4.341259535298818556e-02 7.706992383107579003e-02
6.963791990825174416e-02 1.549666338367568924e-02 0.000000000000000000e+00 3.367032315445258467e-02 1.563561309499142404e-01
8.943917872982617631e-03 0.000000000000000000e+00 0.000000000000000000e+00 3.349532898560880767e-02 1.273837741835877613e-01
0.000000000000000000e+00 0.000000000000000000e+00 4.057961459662549203e-02 1.823717282515085678e-02 3.879760834569412342e-02
0.000000000000000000e+00 1.358159967792020584e-02 7.778030759271499506e-02 0.000000000000000000e+00 3.113312791664297075e-03
1.305194085496591896e-02 3.031987946226389827e-02 1.477066710978363895e-01 0.000000000000000000e+00 6.926121401930113901e-04
5.602435126731677983e-02 9.458043769285129354e-02 1.255843810205173328e-01 0.000000000000000000e+00 7.785270655410286324e-03
7.467452890667979071e-02 1.014750935295660322e-01 4.554457575828473742e-02 0.000000000000000000e+00 6.411403921208132239e-02
4.443426779901286927e-02 5.645998274075773871e-02 0.000000000000000000e+00 8.870230388932634491e-02 9.045999946656700652e-02
0.000000000000000000e+00 0.000000000000000000e+00 2.483329443669365184e-04 1.412688096316469522e-01 8.677965083279093328e-02
0.000000000000000000e+00 0.000000000000000000e+00 0.000000000000000000e+00 1.054336091290788285e-01 5.545689464718546458e-02
0.000000000000000000e+00 0.000000000000000000e+00 0.000000000000000000e+00 4.307653535305457776e-02 1.400466613450724804e-02
0.000000000000000000e+00 0.000000000000000000e+00 0.000000000000000000e+00 1.817762077861121567e-02 0.000000000000000000e+00
0.000000000000000000e+00 0.000000000000000000e+00 0.000000000000000000e+00 0.000000000000000000e+00 0.000000000000000000e+00
0.000000000000000000e+00 0.000000000000000000e+00 0.000000000000000000e+00 0.000000000000000000e+00 0.000000000000000000e+00
0.000000000000000000e+00 0.000000000000000000e+00 0.000000000000000000e+00 0.000000000000000000e+00 0.000000000000000000e+00
0.000000000000000000e+00 0.000000000000000000e+00 0.000000000000000000e+00 0.000000000000000000e+00 0.000000000000000000e+00
0.000000000000000000e+00 0.000000000000000000e+00 0.000000000000000000e+00 0.000000000000000000e+00 0.000000000000000000e+00
0.000000000000000000e+00 0.000000000000000000e+00 0.000000000000000000e+00 0.000000000000000000e+00 0.000000000000000000e+00
0.000000000000000000e+00 0.000000000000000000e+00 0.000000000000000000e+00 0.000000000000000000e+00 0.000000000000000000e+00
0.000000000000000000e+00 0.000000000000000000e+00 0.000000000000000000e+00 0.000000000000000000e+00 0.000000000000000000e+00
0.000000000000000000e+00 0.000000000000000000e+00 2.127783168564913521e-02 2.212600842039557714e-04 0.000000000000000000e+00
0.000000000000000000e+00 0.000000000000000000e+00 6.756777987635614879e-02 9.303331590147997932e-03 0.000000000000000000e+00
0.000000000000000000e+00 0.000000000000000000e+00 9.338314740817019177e-02 3.139562303002064320e-02 0.000000000000000000e+00
0.000000000000000000e+00 0.000000000000000000e+00 1.046938637405694927e-01 7.457209102042033910e-02 0.000000000000000000e+00
0.000000000000000000e+00 6.577524227507820787e-02 7.454529617555463727e-02 1.146651445426066507e-01 0.000000000000000000e+00
4.978534712618392505e-02 1.287033514666095779e-01 4.026166431926533895e-03 9.517342410869993052e-02 0.000000000000000000e+00
1.167869420612791670e-01 1.030797918587454676e-01 0.000000000000000000e+00 3.122427705667554093e-02 3.906420477419719761e-02
1.032134526901535010e-01 2.978448606991314015e-02 0.000000000000000000e+00 0.000000000000000000e+00 1.402173934611606609e-01
2.399314031699409031e-02 0.000000000000000000e+00 1.415194548693442071e-02 8.278754395339432345e-03 1.379092632384450734e-01
0.000000000000000000e+00 0.000000000000000000e+00 2.802549913395444708e-02 8.672636849138250226e-03 5.065023810854796249e-02
0.000000000000000000e+00 6.476244181189175567e-03 7.162238199978664122e-02 0.000000000000000000e+00 0.000000000000000000e+00
0.000000000000000000e+00 1.956036451143480098e-02 1.107011654481339924e-01 0.000000000000000000e+00 4.747585415853284446e-03
4.040239446441276638e-02 4.606297358538023745e-02 1.584184724820291712e-01 0.000000000000000000e+00 2.246659775715741016e-03
9.199770553824224151e-02 1.026790467425225811e-01 1.034253414871893623e-01 0.000000000000000000e+00 3.053942529441406803e-02
9.558882237505014756e-02 1.108894902747967065e-01 1.446254698674552704e-02 3.873153498871149524e-03 7.937855083682163193e-02
3.474346043222521080e-02 6.241711233218487365e-02 0.000000000000000000e+00 1.169366619834267818e-01 1.104186274694156783e-01
0.000000000000000000e+00 0.000000000000000000e+00 0.000000000000000000e+00 1.621745896836567502e-01 9.332367387518455959e-02
0.000000000000000000e+00 0.000000000000000000e+00 0.000000000000000000e+00 1.103430201347062600e-01 4.812260897811666827e-02
0.000000000000000000e+00 0.000000000000000000e+00 2.318782967370672850e-03 3.494029912686567180e-02 4.956251931622223002e-03
0.000000000000000000e+00 0.000000000000000000e+00 0.000000000000000000e+00 1.817762077861121567e-02 0.000000000000000000e+00
0.000000000000000000e+00 0.000000000000000000e+00 0.000000000000000000e+00 0.000000000000000000e+00 0.000000000000000000e+00
0.000000000000000000e+00 0.000000000000000000e+00 0.000000000000000000e+00 0.000000000000000000e+00 0.000000000000000000e+00
0.000000000000000000e+00 0.000000000000000000e+00 0.000000000000000000e+00 0.000000000000000000e+00 0.000000000000000000e+00
0.000000000000000000e+00 0.000000000000000000e+00 0.000000000000000000e+00 0.000000000000000000e+00 0.000000000000000000e+00
0.000000000000000000e+00 0.000000000000000000e+00 0.000000000000000000e+00 0.000000000000000000e+00 0.000000000000000000e+00
0.000000000000000000e+00 0.000000000000000000e+00 0.000000000000000000e+00 0.000000000000000000e+00 0.000000000000000000e+00
0.000000000000000000e+00 0.000000000000000000e+00 0.000000000000000000e+00 0.000000000000000000e+00 0.000000000000000000e+00
0.000000000000000000e+00 0.000000000000000000e+00 0.000000000000000000e+00 0.000000000000000000e+00 0.000000000000000000e+00
0.000000000000000000e+00 0.000000000000000000e+00 2.630414035742882628e-02 1.685475324026218481e-03 0.000000000000000000e+00
0.000000000000000000e+00 0.000000000000000000e+00 6.468556161421001871e-02 1.695947383852366291e-02 0.000000000000000000e+00
0.000000000000000000e+00 0.000000000000000000e+00 8.660842567179631579e-02 6.480220638580434789e-02 0.000000000000000000e+00
0.000000000000000000e+00 1.247822504444158313e-02 8.913221314074280810e-02 1.101178489278119288e-01 0.000000000000000000e+00
3.724984364354136900e-03 9.211961387218001174e-02 4.483765110804904808e-02 1.289033133364629879e-01 0.000000000000000000e+00
6.368142812000740505e-02 1.317021876310231487e-01 4.663991078772324744e-03 5.813250124435722505e-02 1.004535234030902446e-02
1.097533017001334488e-01 7.055823766035858313e-02 1.172259527337202178e-02 0.000000000000000000e+00 9.410515354518783626e-02
7.499009705655704239e-02 1.934718417680298752e-03 5.554070191407865786e-02 0.000000000000000000e+00 1.390826114211127784e-01
1.365227539529405808e-02 0.000000000000000000e+00 6.034093096674469914e-02 0.000000000000000000e+00 8.432480633833554229e-02
9.649971033610886886e-03 0.000000000000000000e+00 6.921616502261881965e-02 0.000000000000000000e+00 1.630716212111857008e-02
1.228356107156432404e-02 7.911561488442721279e-03 1.048939287617013244e-01 0.000000000000000000e+00 1.516176971655214256e-02
3.757129595969232322e-02 3.477673515195631865e-02 1.361430582388509503e-01 0.000000000000000000e+00 1.203672238956440127e-02
9.346877296053154871e-02 7.636057589229300335e-02 1.374207471821669024e-01 0.000000000000000000e+00 3.809995787415114410e-02
1.205488770764319012e-01 1.069344151042419672e-01 7.174878305757091679e-02 0.000000000000000000e+00 8.362833060875982105e-02
7.291390642089404239e-02 1.047085526557218205e-01 0.000000000000000000e+00 5.776623618713318253e-02 1.305369444884367236e-01
1.617407656189817980e-02 5.714541160486608096e-02 0.000000000000000000e+00 1.352133804414976104e-01 1.197147451361959269e-01
0.000000000000000000e+00 0.000000000000000000e+00 0.000000000000000000e+00 1.432246737645270773e-01 6.250422506721554916e-02
0.000000000000000000e+00 0.000000000000000000e+00 0.000000000000000000e+00 8.157752228149696416e-02 1.168047130651812295e-02
0.000000000000000000e+00 0.000000000000000000e+00 3.242734703917160826e-03 2.783753055075300492e-02 6.708522166961550454e-04
0.000000000000000000e+00 0.000000000000000000e+00 0.000000000000000000e+00 1.817762077861121567e-02 0.000000000000000000e+00
0.000000000000000000e+00 0.000000000000000000e+00 0.000000000000000000e+00 0.000000000000000000e+00 0.000000000000000000e+00
0.000000000000000000e+00 0.000000000000000000e+00 0.000000000000000000e+00 0.000000000000000000e+00 0.000000000000000000e+00
0.000000000000000000e+00 0.000000000000000000e+00 0.000000000000000000e+00 0.000000000000000000e+00 0.000000000000000000e+00
0.000000000000000000e+00 0.000000000000000000e+00 0.000000000000000000e+00 0.000000000000000000e+00 0.000000000000000000e+00
0.000000000000000000e+00 0.000000000000000000e+00 0.000000000000000000e+00 0.000000000000000000e+00 0.000000000000000000e+00
0.000000000000000000e+00 0.000000000000000000e+00 0.000000000000000000e+00 0.000000000000000000e+00 0.000000000000000000e+00
0.000000000000000000e+00 0.000000000000000000e+00 0.000000000000000000e+00 0.000000000000000000e+00 0.000000000000000000e+00
0.000000000000000000e+00 0.000000000000000000e+00 0.000000000000000000e+00 0.000000000000000000e+00 0.000000000000000000e+00
0.000000000000000000e+00 0.000000000000000000e+00 1.985434694333087016e-02 9.014505134943371495e-03 3.970866123672348383e-03
0.000000000000000000e+00 0.000000000000000000e+00 5.065499912217666378e-02 4.104971423886966120e-02 0.000000000000000000e+00
0.000000000000000000e+00 0.000000000000000000e+00 6.633609302526766172e-02 8.444531370248065105e-02 0.000000000000000000e+00
0.000000000000000000e+00 1.421810182973617248e-02 7.665666275009076769e-02 1.248054981280193043e-01 0.000000000000000000e+00
9.607509421444256417e-03 1.068798850143309331e-01 3.426629951629029530e-02 1.172212604478027470e-01 0.000000000000000000e+00
6.751979928796750241e-02 1.306952518794251006e-01 2.967648353622777055e-02 2.712107668175025438e-02 1.578745703976303441e-02
9.909055988081692801e-02 5.066830623636031650e-02 5.936375326653421658e-02 0.000000000000000000e+00 1.046875530471646082e-01
8.222691456521870335e-02 1.859601688920632353e-03 9.363875100546287245e-02 0.000000000000000000e+00 1.160686774995336318e-01
5.706601287502160308e-02 0.000000000000000000e+00 9.947227583077099256e-02 0.000000000000000000e+00 5.959943516367700866e-02
5.528361052170280981e-02 0.000000000000000000e+00 1.049397174239287550e-01 0.000000000000000000e+00 4.165779923823655084e-02
7.440657257414677594e-02 2.389627135294249485e-02 1.307290695299517247e-01 0.000000000000000000e+00 4.468173490085547428e-02
1.091606469246674954e-01 6.364832605762482665e-02 1.232923697419947145e-01 0.000000000000000000e+00 5.772821158969992927e-02
1.318754070880069074e-01 9.520512278543180607e-02 1.151949473209551572e-01 0.000000000000000000e+00 8.708962972222630827e-02
1.089171668025237377e-01 1.178245343694730579e-01 5.306481051578364194e-02 2.150243864743242236e-02 1.212673443579032201e-01
5.546243307968931613e-02 9.427256154504580488e-02 0.000000000000000000e+00 9.004887551108629873e-02 1.347222919104297256e-01
6.557846485673971514e-03 4.180474087952495976e-02 0.000000000000000000e+00 1.387742906612804972e-01 7.715363341585128321e-02
0.000000000000000000e+00 0.000000000000000000e+00 0.000000000000000000e+00 1.080632003011775949e-01 1.713309678624544419e-02
0.000000000000000000e+00 0.000000000000000000e+00 0.000000000000000000e+00 5.810094166443076358e-02 2.081117491278871266e-03
0.000000000000000000e+00 0.000000000000000000e+00 0.000000000000000000e+00 2.313500750002448966e-02 0.000000000000000000e+00
0.000000000000000000e+00 0.000000000000000000e+00 0.000000000000000000e+00 1.817762077861121567e-02 0.000000000000000000e+00
0.000000000000000000e+00 0.000000000000000000e+00 0.000000000000000000e+00 0.000000000000000000e+00 0.000000000000000000e+00
0.000000000000000000e+00 0.000000000000000000e+00 0.000000000000000000e+00 0.000000000000000000e+00 0.000000000000000000e+00
0.000000000000000000e+00 0.000000000000000000e+00 0.000000000000000000e+00 0.000000000000000000e+00 0.000000000000000000e+00
0.000000000000000000e+00 0.000000000000000000e+00 0.000000000000000000e+00 0.000000000000000000e+00 0.000000000000000000e+00
0.000000000000000000e+00 0.000000000000000000e+00 0.000000000000000000e+00 0.000000000000000000e+00 0.000000000000000000e+00
0.000000000000000000e+00 0.000000000000000000e+00 0.000000000000000000e+00 0.000000000000000000e+00 0.000000000000000000e+00
0.000000000000000000e+00 0.000000000000000000e+00 0.000000000000000000e+00 0.000000000000000000e+00 0.000000000000000000e+00
0.000000000000000000e+00 0.000000000000000000e+00 0.000000000000000000e+00 0.000000000000000000e+00 0.000000000000000000e+00
0.000000000000000000e+00 0.000000000000000000e+00 6.672862534071769339e-03 1.516013930178877409e-02 0.000000000000000000e+00
0.000000000000000000e+00 0.000000000000000000e+00 3.601623812558450016e-02 6.092309638288370688e-02 0.000000000000000000e+00
0.000000000000000000e+00 0.000000000000000000e+00 3.400029836203741218e-02 9.841922237175121380e-02 0.000000000000000000e+00
0.000000000000000000e+00 1.425689694575766817e-02 5.397671996785642634e-02 1.280597180607644936e-01 0.000000000000000000e+00
8.982352064519595267e-03 9.919277025692019301e-02 1.734470689757972722e-02 1.103757107347506927e-01 0.000000000000000000e+00
4.155456694291413677e-02 1.180400864212839823e-01 2.459338595586143400e-02 5.945571956584245338e-02 1.891634400234317240e-02
8.584058279410557157e-02 7.399227423934910675e-02 6.173683278986152878e-02 0.000000000000000000e+00 8.718648014043402228e-02
9.867831702892469747e-02 4.469439888178353137e-02 8.682869133434241438e-02 0.000000000000000000e+00 9.923124407018503457e-02
1.084082529021477004e-01 3.281138802410625555e-02 9.841944845032961353e-02 0.000000000000000000e+00 6.708281468554401494e-02
1.161320928742874958e-01 5.475882704551830044e-02 8.622042006513863655e-02 0.000000000000000000e+00 6.061033221452426234e-02
1.097137132072543014e-01 7.311913390212941566e-02 6.491281561351816554e-02 0.000000000000000000e+00 6.963277075451104747e-02
1.146938108266323392e-01 7.689186651654197902e-02 7.658010015655118685e-02 1.541902492038166664e-03 9.223057448157866156e-02
1.281174645563263881e-01 9.311598907477118547e-02 9.017656624974366986e-02 5.986372345310003035e-03 1.196112824645700623e-01
8.937102069648895919e-02 1.224480012790733485e-01 3.770407451652067060e-02 5.183526025763479650e-02 1.191096777869732615e-01
3.425676242080577527e-02 8.540504063527588896e-02 0.000000000000000000e+00 1.294832266682253707e-01 8.055940468453788583e-02
7.141147498988188909e-04 3.277669727987013448e-02 0.000000000000000000e+00 1.336057191263288757e-01 1.718205307902779741e-02
0.000000000000000000e+00 0.000000000000000000e+00 0.000000000000000000e+00 8.141396837098460737e-02 2.807854488501662551e-03
0.000000000000000000e+00 0.000000000000000000e+00 0.000000000000000000e+00 3.961691635786275534e-02 0.000000000000000000e+00
0.000000000000000000e+00 0.000000000000000000e+00 0.000000000000000000e+00 1.817762077861121567e-02 0.000000000000000000e+00
0.000000000000000000e+00 0.000000000000000000e+00 0.000000000000000000e+00 1.436966069455433009e-02 0.000000000000000000e+00
0.000000000000000000e+00 0.000000000000000000e+00 0.000000000000000000e+00 0.000000000000000000e+00 0.000000000000000000e+00
0.000000000000000000e+00 0.000000000000000000e+00 0.000000000000000000e+00 0.000000000000000000e+00 0.000000000000000000e+00
0.000000000000000000e+00 0.000000000000000000e+00 0.000000000000000000e+00 0.000000000000000000e+00 0.000000000000000000e+00
0.000000000000000000e+00 0.000000000000000000e+00 0.000000000000000000e+00 0.000000000000000000e+00 0.000000000000000000e+00
0.000000000000000000e+00 0.000000000000000000e+00 0.000000000000000000e+00 0.000000000000000000e+00 0.000000000000000000e+00
0.000000000000000000e+00 0.000000000000000000e+00 0.000000000000000000e+00 0.000000000000000000e+00 0.000000000000000000e+00
0.000000000000000000e+00 0.000000000000000000e+00 0.000000000000000000e+00 0.000000000000000000e+00 0.000000000000000000e+00
0.000000000000000000e+00 0.000000000000000000e+00 0.000000000000000000e+00 0.000000000000000000e+00 0.000000000000000000e+00
0.000000000000000000e+00 0.000000000000000000e+00 5.054966181541071385e-03 1.293905104157740821e-02 4.634042877214098995e-04
0.000000000000000000e+00 0.000000000000000000e+00 1.978974746566728934e-02 6.350482795289805193e-02 0.000000000000000000e+00
0.000000000000000000e+00 0.000000000000000000e+00 2.456087960114717444e-02 9.948179106817867101e-02 0.000000000000000000e+00
0.000000000000000000e+00 9.429135848526276967e-03 2.417960515429874030e-02 1.070611537795796014e-01 0.000000000000000000e+00
0.000000000000000000e+00 7.212172591325002879e-02 0.000000000000000000e+00 1.292677871544717638e-01 0.000000000000000000e+00
2.012438882802965179e-02 1.183277538463465839e-01 0.000000000000000000e+00 1.022729927554144880e-01 1.707819335704824706e-02
4.806801857746709206e-02 1.144908453300221701e-01 0.000000000000000000e+00 7.060974040114349759e-02 5.927494658111683024e-02
6.807186903367834496e-02 9.995297456609050779e-02 0.000000000000000000e+00 5.051462247793642169e-02 6.813641949840046341e-02
7.508957778031145891e-02 9.622486388754861175e-02 0.000000000000000000e+00 4.966026158149106778e-02 6.078742297452349036e-02
6.249007923720194257e-02 8.857299109601241005e-02 0.000000000000000000e+00 6.745670954522647866e-02 6.620563576936940031e-02
4.871648371078874523e-02 7.473071513997153748e-02 0.000000000000000000e+00 7.982351597567122203e-02 8.968763135092468197e-02
9.530681669586345273e-02 5.797590162311962170e-02 6.052780197750246699e-02 3.209928738918183672e-02 1.134704481245111668e-01
1.205574326088222764e-01 9.861574481358784117e-02 7.313669096062153097e-02 1.851388359156820596e-02 1.147789904068098055e-01
7.649128363640114725e-02 1.262436639068906519e-01 1.954345104100868591e-02 7.763705627432480882e-02 7.640219780020153506e-02
1.315801175266124133e-02 7.239039472592516400e-02 5.581723126230031008e-03 1.385651002013661148e-01 1.941082559943670474e-02
0.000000000000000000e+00 7.279278448712804897e-03 1.802217862642680260e-02 1.092496569053685307e-01 0.000000000000000000e+00
0.000000000000000000e+00 0.000000000000000000e+00 1.017478070634273389e-02 6.315867762724779177e-02 0.000000000000000000e+00
0.000000000000000000e+00 0.000000000000000000e+00 1.859006013660496198e-03 2.446593560823274657e-02 2.499157495618773784e-04
0.000000000000000000e+00 0.000000000000000000e+00 0.000000000000000000e+00 6.753740526440532924e-03 0.000000000000000000e+00
0.000000000000000000e+00 0.000000000000000000e+00 0.000000000000000000e+00 1.724359283346518085e-03 0.000000000000000000e+00
0.000000000000000000e+00 0.000000000000000000e+00 0.000000000000000000e+00 0.000000000000000000e+00 0.000000000000000000e+00
0.000000000000000000e+00 0.000000000000000000e+00 0.000000000000000000e+00 0.000000000000000000e+00 0.000000000000000000e+00
0.000000000000000000e+00 8.687721809650029341e-05 0.000000000000000000e+00 7.825763934460592517e-07 2.173683154980567914e-03
0.000000000000000000e+00 0.000000000000000000e+00 0.000000000000000000e+00 0.000000000000000000e+00 0.000000000000000000e+00
0.000000000000000000e+00 0.000000000000000000e+00 0.000000000000000000e+00 0.000000000000000000e+00 0.000000000000000000e+00
0.000000000000000000e+00 0.000000000000000000e+00 0.000000000000000000e+00 0.000000000000000000e+00 0.000000000000000000e+00
0.000000000000000000e+00 0.000000000000000000e+00 0.000000000000000000e+00 0.000000000000000000e+00 0.000000000000000000e+00
0.000000000000000000e+00 0.000000000000000000e+00 8.050356575871297745e-04 9.270689744059160565e-04 1.731192474143459896e-04
0.000000000000000000e+00 0.000000000000000000e+00 7.261327745726217468e-03 1.227955209996173594e-02 1.564370114249003744e-03
0.000000000000000000e+00 0.000000000000000000e+00 5.534301928846783493e-03 3.231009442872661425e-02 1.753627994042817833e-05
0.000000000000000000e+00 0.000000000000000000e+00 7.008491132545310170e-03 8.107496962563968956e-02 0.000000000000000000e+00
0.000000000000000000e+00 0.000000000000000000e+00 1.187140862419454497e-02 9.300002877993178430e-02 0.000000000000000000e+00
0.000000000000000000e+00 3.302527764161995033e-02 9.368001011597466843e-03 1.069753801122534514e-01 0.000000000000000000e+00
0.000000000000000000e+00 7.959503942741477656e-02 3.230669817771164402e-03 1.103232821944842013e-01 7.786279772984493371e-03
0.000000000000000000e+00 1.003389093772265039e-01 0.000000000000000000e+00 1.036835376988860385e-01 3.454094120196055107e-02
5.347460015973700721e-03 9.770416266010412132e-02 0.000000000000000000e+00 1.036431207712464192e-01 4.398660603752708315e-02
4.671639511231727958e-03 8.272174680922632362e-02 0.000000000000000000e+00 1.093757311259209303e-01 5.083238161308913788e-02
0.000000000000000000e+00 6.953729011659509629e-02 0.000000000000000000e+00 1.006127518058450993e-01 8.083305143844191076e-02
2.515289981238453751e-02 4.240606429563929802e-02 1.788611704550607806e-02 6.233297519499415157e-02 1.222658049511549383e-01
1.146897840095838367e-01 3.704677950506711503e-02 7.285733852536603605e-02 8.735691614912258554e-03 1.239335050069046984e-01
1.247750733620356794e-01 1.012511303733785589e-01 5.398533193438988936e-02 3.263416600694386827e-02 7.082352370156565213e-02
5.209847773580019575e-02 1.242785246882071454e-01 4.432768080479384393e-02 1.050853734026057779e-01 1.915139476802879895e-02
0.000000000000000000e+00 5.539485372146129433e-02 5.176127141270306375e-02 1.318994728298931718e-01 0.000000000000000000e+00
0.000000000000000000e+00 0.000000000000000000e+00 4.130480132586722419e-02 8.734114769547553225e-02 0.000000000000000000e+00
0.000000000000000000e+00 0.000000000000000000e+00 2.377873644191520752e-02 5.181974707523333973e-02 8.046493551410060672e-04
0.000000000000000000e+00 0.000000000000000000e+00 8.473076006513481986e-03 1.311162109639224527e-02 0.000000000000000000e+00
0.000000000000000000e+00 0.000000000000000000e+00 0.000000000000000000e+00 0.000000000000000000e+00 0.000000000000000000e+00
0.000000000000000000e+00 0.000000000000000000e+00 0.000000000000000000e+00 0.000000000000000000e+00 0.000000000000000000e+00
0.000000000000000000e+00 0.000000000000000000e+00 0.000000000000000000e+00 0.000000000000000000e+00 0.000000000000000000e+00
0.000000000000000000e+00 0.000000000000000000e+00 0.000000000000000000e+00 0.000000000000000000e+00 0.000000000000000000e+00
0.000000000000000000e+00 0.000000000000000000e+00 0.000000000000000000e+00 0.000000000000000000e+00 0.000000000000000000e+00
0.000000000000000000e+00 0.000000000000000000e+00 0.000000000000000000e+00 0.000000000000000000e+00 0.000000000000000000e+00
0.000000000000000000e+00 0.000000000000000000e+00 0.000000000000000000e+00 0.000000000000000000e+00 0.000000000000000000e+00
0.000000000000000000e+00 0.000000000000000000e+00 0.000000000000000000e+00 0.000000000000000000e+00 0.000000000000000000e+00
3.028309123577924773e-04 0.000000000000000000e+00 0.000000000000000000e+00 5.095465800017425195e-05 1.094306939136153794e-03
0.000000000000000000e+00 0.000000000000000000e+00 4.919906357769950750e-03 5.687041679884498845e-03 1.140882215097849218e-03
0.000000000000000000e+00 0.000000000000000000e+00 8.890393783788298060e-03 1.023806606517838058e-02 1.911838645358428929e-03
0.000000000000000000e+00 0.000000000000000000e+00 3.739188836711669628e-03 1.965445129088007337e-02 3.879111053499862826e-04
0.000000000000000000e+00 0.000000000000000000e+00 0.000000000000000000e+00 3.545493218372533506e-02 0.000000000000000000e+00
0.000000000000000000e+00 0.000000000000000000e+00 0.000000000000000000e+00 5.597963226083824129e-02 0.000000000000000000e+00
0.000000000000000000e+00 0.000000000000000000e+00 1.541935008101606719e-02 6.975371822096770869e-02 0.000000000000000000e+00
0.000000000000000000e+00 3.224252698108268783e-02 2.328198915965437252e-02 8.022761058182840965e-02 3.222110212661880978e-03
0.000000000000000000e+00 5.152509192483667455e-02 1.206744314541779300e-02 7.630298966903238667e-02 6.928309946853251737e-03
0.000000000000000000e+00 5.137199674291334506e-02 1.073297706678734073e-02 7.701694905717978989e-02 1.015169956277058201e-02
0.000000000000000000e+00 4.434097781031685198e-02 1.227588653850571546e-02 6.404142559234995979e-02 4.339699362643260200e-02
0.000000000000000000e+00 3.547372708166610100e-02 1.748447977089020652e-02 4.310800877029100087e-02 9.638501997142054356e-02
7.267233866689652710e-02 1.317560973381365352e-02 3.311357893394333007e-02 1.535640437050176657e-03 1.392909600465161990e-01
1.496515210938295093e-01 4.259259375311387485e-02 4.468092175575305580e-02 5.833128565905224515e-03 7.762675914741408445e-02
1.056408457627285302e-01 1.175531695908311469e-01 5.969222222749559839e-03 6.090897984329317338e-02 2.439653187718806779e-02
1.325926585605856356e-02 1.221540814409940029e-01 3.850060119831694161e-02 1.093340309345588734e-01 0.000000000000000000e+00
0.000000000000000000e+00 3.791816453725638941e-02 1.006900091364070632e-01 1.038504662407092050e-01 0.000000000000000000e+00
0.000000000000000000e+00 0.000000000000000000e+00 8.442028473488964735e-02 6.438923435370084991e-02 0.000000000000000000e+00
0.000000000000000000e+00 0.000000000000000000e+00 2.994384757934485594e-02 3.163784434331168294e-02 1.131464648486108556e-03
0.000000000000000000e+00 0.000000000000000000e+00 1.032441727842118087e-02 8.615404248459931566e-03 0.000000000000000000e+00
0.000000000000000000e+00 0.000000000000000000e+00 0.000000000000000000e+00 0.000000000000000000e+00 0.000000000000000000e+00
0.000000000000000000e+00 0.000000000000000000e+00 0.000000000000000000e+00 0.000000000000000000e+00 0.000000000000000000e+00
0.000000000000000000e+00 0.000000000000000000e+00 0.000000000000000000e+00 0.000000000000000000e+00 0.000000000000000000e+00
0.000000000000000000e+00 0.000000000000000000e+00 0.000000000000000000e+00 0.000000000000000000e+00 0.000000000000000000e+00
0.000000000000000000e+00 0.000000000000000000e+00 0.000000000000000000e+00 0.000000000000000000e+00 0.000000000000000000e+00
0.000000000000000000e+00 0.000000000000000000e+00 0.000000000000000000e+00 0.000000000000000000e+00 0.000000000000000000e+00
0.000000000000000000e+00 0.000000000000000000e+00 0.000000000000000000e+00 0.000000000000000000e+00 0.000000000000000000e+00
0.000000000000000000e+00 0.000000000000000000e+00 0.000000000000000000e+00 0.000000000000000000e+00 0.000000000000000000e+00
6.992641067170846103e-04 0.000000000000000000e+00 0.000000000000000000e+00 1.176589375640388471e-04 2.526854204914390830e-03
0.000000000000000000e+00 0.000000000000000000e+00 8.890942796947664747e-03 1.028671144683717016e-02 2.098433977381331927e-03
0.000000000000000000e+00 0.000000000000000000e+00 8.855392233458429796e-03 1.019775871846507163e-02 1.904311721557804937e-03
0.000000000000000000e+00 0.000000000000000000e+00 1.963993999297761542e-03 8.579471508648395944e-03 4.692509117914445875e-04
0.000000000000000000e+00 0.000000000000000000e+00 0.000000000000000000e+00 2.630269683176054279e-02 0.000000000000000000e+00
0.000000000000000000e+00 0.000000000000000000e+00 0.000000000000000000e+00 2.722432213627844558e-02 0.000000000000000000e+00
0.000000000000000000e+00 0.000000000000000000e+00 5.667077994474117170e-03 2.251509678828703120e-02 3.826533927785196669e-04
0.000000000000000000e+00 3.644929325997374805e-03 2.046171080746340271e-02 3.250056633632003589e-02 7.199557906520315936e-03
0.000000000000000000e+00 1.578303190524153743e-02 3.379369919916313386e-02 4.214881221796967087e-02 7.054210557409753765e-03
0.000000000000000000e+00 1.370268109632213731e-02 3.453980456405285338e-02 4.176734126474225539e-02 3.291831371667327394e-02
0.000000000000000000e+00 1.280498010032729561e-02 2.579346060440271607e-02 3.650483240787260469e-02 8.973218448322106688e-02
9.816389061966851806e-03 0.000000000000000000e+00 2.034741037900096930e-02 1.907225808285421126e-02 1.342139926548816531e-01
1.252991212768205243e-01 0.000000000000000000e+00 3.012192142737964151e-02 0.000000000000000000e+00 9.526901317059605079e-02
1.574903629655844961e-01 4.980297659473827132e-02 0.000000000000000000e+00 3.224201009587396305e-02 2.534531694339293637e-02
6.899775046609066265e-02 1.295169415179570349e-01 0.000000000000000000e+00 7.464530496305074592e-02 0.000000000000000000e+00
0.000000000000000000e+00 1.164265857649879610e-01 3.657779450580577602e-02 8.992465502480188888e-02 0.000000000000000000e+00
0.000000000000000000e+00 2.860979466203448715e-02 1.062116727102201119e-01 6.954364617966300732e-02 0.000000000000000000e+00
0.000000000000000000e+00 0.000000000000000000e+00 1.150234163801791692e-01 3.812087041450582664e-02 0.000000000000000000e+00
0.000000000000000000e+00 0.000000000000000000e+00 3.712706403977168029e-02 2.200203236193614548e-02 1.316695484643345525e-03
0.000000000000000000e+00 0.000000000000000000e+00 1.099075150579966256e-02 9.106570047424872652e-03 0.000000000000000000e+00
0.000000000000000000e+00 0.000000000000000000e+00 1.561586691173352066e-04 1.310073534881422822e-04 0.000000000000000000e+00
0.000000000000000000e+00 0.000000000000000000e+00 0.000000000000000000e+00 0.000000000000000000e+00 0.000000000000000000e+00
0.000000000000000000e+00 0.000000000000000000e+00 0.000000000000000000e+00 0.000000000000000000e+00 0.000000000000000000e+00
0.000000000000000000e+00 0.000000000000000000e+00 0.000000000000000000e+00 0.000000000000000000e+00 0.000000000000000000e+00
0.000000000000000000e+00 0.000000000000000000e+00 0.000000000000000000e+00 0.000000000000000000e+00 0.000000000000000000e+00
0.000000000000000000e+00 0.000000000000000000e+00 0.000000000000000000e+00 0.000000000000000000e+00 0.000000000000000000e+00
0.000000000000000000e+00 0.000000000000000000e+00 0.000000000000000000e+00 0.000000000000000000e+00 0.000000000000000000e+00
0.000000000000000000e+00 0.000000000000000000e+00 0.000000000000000000e+00 0.000000000000000000e+00 0.000000000000000000e+00
0.000000000000000000e+00 0.000000000000000000e+00 0.000000000000000000e+00 0.000000000000000000e+00 0.000000000000000000e+00
0.000000000000000000e+00 0.000000000000000000e+00 8.890393783788298060e-03 1.023806606517838058e-02 1.911838645358428929e-03
0.000000000000000000e+00 0.000000000000000000e+00 8.855392233458429796e-03 1.019775871846507163e-02 1.904311721557804937e-03
0.000000000000000000e+00 0.000000000000000000e+00 6.229086746133175208e-03 1.130870770059931238e-02 1.486767305660744278e-03
0.000000000000000000e+00 0.000000000000000000e+00 2.284569977435444398e-03 2.293734121625049319e-02 1.109530871959343336e-03
0.000000000000000000e+00 0.000000000000000000e+00 4.113110070927876102e-03 2.607925785262125984e-02 1.424447592231852444e-03
0.000000000000000000e+00 0.000000000000000000e+00 8.890731917420078081e-03 1.878565268831469681e-02 3.131504814325630163e-03
0.000000000000000000e+00 0.000000000000000000e+00 1.212107058932339505e-02 1.406928808008733010e-02 1.121556492181446062e-02
0.000000000000000000e+00 0.000000000000000000e+00 2.007956972024307896e-02 1.307607492564168486e-02 4.581963442367403827e-02
0.000000000000000000e+00 0.000000000000000000e+00 3.260411619295849189e-02 7.948029172019923164e-03 8.255249468541921154e-02
0.000000000000000000e+00 0.000000000000000000e+00 2.835839129076963075e-02 1.344425368635718612e-02 1.229490794397315179e-01
7.986398151733828388e-02 0.000000000000000000e+00 3.192285313004901426e-02 0.000000000000000000e+00 1.040100398968934192e-01
1.684573369155910327e-01 0.000000000000000000e+00 1.201524181429368529e-03 1.406338388169716541e-02 3.258796023562693378e-02
1.380143153741432427e-01 7.407275878016904291e-02 0.000000000000000000e+00 4.568558661099341583e-02 0.000000000000000000e+00
2.378961210767427392e-02 1.359916751872443652e-01 0.000000000000000000e+00 6.893781330430320820e-02 0.000000000000000000e+00
0.000000000000000000e+00 1.089214834161988110e-01 2.310832523528087365e-02 6.065534842482996070e-02 6.034278198114439041e-04
0.000000000000000000e+00 1.786227090524119404e-02 1.211885331578885644e-01 4.052965433791024669e-02 0.000000000000000000e+00
0.000000000000000000e+00 0.000000000000000000e+00 1.275755349498225444e-01 2.795621853388048639e-02 0.000000000000000000e+00
0.000000000000000000e+00 0.000000000000000000e+00 4.285579555861768891e-02 1.775599527051273385e-02 2.968280805978808115e-04
0.000000000000000000e+00 0.000000000000000000e+00 1.316938109556192033e-02 1.104828681083335450e-02 0.000000000000000000e+00
0.000000000000000000e+00 0.000000000000000000e+00 3.903966727933377671e-03 3.275183837203557869e-03 0.000000000000000000e+00
0.000000000000000000e+00 0.000000000000000000e+00 0.000000000000000000e+00 0.000000000000000000e+00 0.000000000000000000e+00
0.000000000000000000e+00 0.000000000000000000e+00 0.000000000000000000e+00 0.000000000000000000e+00 0.000000000000000000e+00
0.000000000000000000e+00 0.000000000000000000e+00 0.000000000000000000e+00 0.000000000000000000e+00 0.000000000000000000e+00
0.000000000000000000e+00 0.000000000000000000e+00 0.000000000000000000e+00 0.000000000000000000e+00 0.000000000000000000e+00
0.000000000000000000e+00 0.000000000000000000e+00 0.000000000000000000e+00 0.000000000000000000e+00 0.000000000000000000e+00
0.000000000000000000e+00 0.000000000000000000e+00 0.000000000000000000e+00 0.000000000000000000e+00 0.000000000000000000e+00
0.000000000000000000e+00 0.000000000000000000e+00 0.000000000000000000e+00 0.000000000000000000e+00 0.000000000000000000e+00
0.000000000000000000e+00 0.000000000000000000e+00 0.000000000000000000e+00 0.000000000000000000e+00 0.000000000000000000e+00
0.000000000000000000e+00 0.000000000000000000e+00 6.825302314325663693e-03 7.859932609093636668e-03 1.467750141121629010e-03
0.000000000000000000e+00 0.000000000000000000e+00 8.890393783788298060e-03 1.023806606517838058e-02 1.911838645358428929e-03
0.000000000000000000e+00 0.000000000000000000e+00 8.630569742538569955e-03 9.516300796776374152e-03 1.754325392710424664e-03
0.000000000000000000e+00 0.000000000000000000e+00 6.001435555958145249e-03 2.082878642292638680e-02 1.679810891883718469e-03
0.000000000000000000e+00 0.000000000000000000e+00 5.462830698394344209e-03 2.534399900304593750e-02 1.843914607256398261e-03
0.000000000000000000e+00 0.000000000000000000e+00 5.239699822408763058e-03 2.265252462290516522e-02 2.873511928224376302e-03
0.000000000000000000e+00 0.000000000000000000e+00 6.729695197103422941e-03 1.548842021624010669e-02 3.941946955360370319e-02
0.000000000000000000e+00 0.000000000000000000e+00 7.469386268613043001e-03 7.173113450622090916e-03 9.001246621774654233e-02
0.000000000000000000e+00 0.000000000000000000e+00 9.621375947614689561e-03 7.391704815921091784e-03 1.208958181523067527e-01
3.685181937502929328e-02 0.000000000000000000e+00 2.126887489631522354e-02 1.178938949896667652e-03 1.096944445076677571e-01
1.273057078191980607e-01 0.000000000000000000e+00 1.784395305001789181e-02 1.784863077933701928e-02 4.784642875566853110e-02
1.662272130196734976e-01 9.594605191234775385e-03 1.472135814106529219e-03 4.007273146174162443e-02 0.000000000000000000e+00
9.172724060946109426e-02 9.711852639378303065e-02 0.000000000000000000e+00 6.077373922841435017e-02 0.000000000000000000e+00
0.000000000000000000e+00 1.362673990532823065e-01 0.000000000000000000e+00 4.582485657379150451e-02 0.000000000000000000e+00
0.000000000000000000e+00 9.725136811644803647e-02 3.101762436371982914e-02 3.516014041173214782e-02 5.141989108356207275e-03
0.000000000000000000e+00 1.023368977087153221e-02 1.224493503104599618e-01 3.315342576755762882e-02 0.000000000000000000e+00
0.000000000000000000e+00 0.000000000000000000e+00 1.284651581461404846e-01 1.904421252997887462e-02 0.000000000000000000e+00
0.000000000000000000e+00 0.000000000000000000e+00 6.533842628228382632e-02 1.019884682882394450e-02 0.000000000000000000e+00
0.000000000000000000e+00 0.000000000000000000e+00 1.423188658036419509e-02 1.109810040950151740e-02 0.000000000000000000e+00
0.000000000000000000e+00 0.000000000000000000e+00 6.766875661751188022e-03 5.676985317819497993e-03 0.000000000000000000e+00
0.000000000000000000e+00 0.000000000000000000e+00 0.000000000000000000e+00 0.000000000000000000e+00 0.000000000000000000e+00
0.000000000000000000e+00 0.000000000000000000e+00 0.000000000000000000e+00 0.000000000000000000e+00 0.000000000000000000e+00
0.000000000000000000e+00 0.000000000000000000e+00 0.000000000000000000e+00 0.000000000000000000e+00 0.000000000000000000e+00
0.000000000000000000e+00 0.000000000000000000e+00 0.000000000000000000e+00 0.000000000000000000e+00 0.000000000000000000e+00
0.000000000000000000e+00 0.000000000000000000e+00 0.000000000000000000e+00 0.000000000000000000e+00 0.000000000000000000e+00
0.000000000000000000e+00 0.000000000000000000e+00 0.000000000000000000e+00 0.000000000000000000e+00 0.000000000000000000e+00
0.000000000000000000e+00 0.000000000000000000e+00 0.000000000000000000e+00 0.000000000000000000e+00 0.000000000000000000e+00
0.000000000000000000e+00 0.000000000000000000e+00 0.000000000000000000e+00 0.000000000000000000e+00 0.000000000000000000e+00
0.000000000000000000e+00 0.000000000000000000e+00 5.950263556078786657e-04 6.852248941261122449e-04 1.279577046106035009e-04
0.000000000000000000e+00 0.000000000000000000e+00 5.320235650141030836e-03 6.126716700421705811e-03 1.144092417694807110e-03
1.022737521169660071e-03 0.000000000000000000e+00 2.105897192990809769e-03 1.637635656580516434e-03 2.634449358566932952e-04
2.190895218732083656e-03 5.120164035963820212e-04 8.579007967748018262e-04 3.503522499229045056e-03 0.000000000000000000e+00
0.000000000000000000e+00 6.269232287602886401e-04 0.000000000000000000e+00 1.335489708799879674e-02 2.017566028174113367e-03
0.000000000000000000e+00 0.000000000000000000e+00 0.000000000000000000e+00 1.644747638024378344e-02 3.267985821425502951e-02
0.000000000000000000e+00 0.000000000000000000e+00 1.742298611527181304e-03 1.810523343829208154e-02 8.132002759267382974e-02
0.000000000000000000e+00 0.000000000000000000e+00 5.282642104063001859e-03 1.941127382794906667e-02 1.122039470027889341e-01
6.286359353346773760e-03 0.000000000000000000e+00 6.570653070875559845e-03 2.313706074328925402e-02 9.967289162243278544e-02
8.830767059393640483e-02 0.000000000000000000e+00 1.846508478428578182e-03 4.404506718674999072e-02 6.069388243326934856e-02
1.435365473414550730e-01 0.000000000000000000e+00 6.861548225161744584e-03 5.491523805358193566e-02 1.367739301060048873e-02
1.387445118889326090e-01 2.677289672741661741e-02 0.000000000000000000e+00 5.531309890230052401e-02 0.000000000000000000e+00
4.426017749311884908e-02 1.145228761597623379e-01 0.000000000000000000e+00 4.590021527686047320e-02 0.000000000000000000e+00
0.000000000000000000e+00 1.348570553900436120e-01 7.582566220229108389e-04 1.517265474326659827e-02 0.000000000000000000e+00
0.000000000000000000e+00 8.772841967727584844e-02 5.684290318087512756e-02 2.455340566775560465e-02 6.592731946570363870e-03
0.000000000000000000e+00 6.439758714356638367e-03 1.210650219413680895e-01 2.472133152020460425e-02 0.000000000000000000e+00
0.000000000000000000e+00 0.000000000000000000e+00 1.159889864943365739e-01 1.159786056090348141e-02 0.000000000000000000e+00
0.000000000000000000e+00 0.000000000000000000e+00 9.212426961935610281e-02 5.177065030995442116e-03 0.000000000000000000e+00
0.000000000000000000e+00 0.000000000000000000e+00 3.155500186105834881e-02 1.000746733475039833e-02 0.000000000000000000e+00
0.000000000000000000e+00 0.000000000000000000e+00 1.103521261762501968e-02 9.257852979828722073e-03 0.000000000000000000e+00
0.000000000000000000e+00 0.000000000000000000e+00 0.000000000000000000e+00 0.000000000000000000e+00 0.000000000000000000e+00
0.000000000000000000e+00 0.000000000000000000e+00 0.000000000000000000e+00 0.000000000000000000e+00 0.000000000000000000e+00
0.000000000000000000e+00 0.000000000000000000e+00 0.000000000000000000e+00 0.000000000000000000e+00 0.000000000000000000e+00
0.000000000000000000e+00 0.000000000000000000e+00 0.000000000000000000e+00 0.000000000000000000e+00 0.000000000000000000e+00
0.000000000000000000e+00 0.000000000000000000e+00 0.000000000000000000e+00 0.000000000000000000e+00 0.000000000000000000e+00
0.000000000000000000e+00 0.000000000000000000e+00 0.000000000000000000e+00 0.000000000000000000e+00 0.000000000000000000e+00
0.000000000000000000e+00 0.000000000000000000e+00 0.000000000000000000e+00 0.000000000000000000e+00 0.000000000000000000e+00
0.000000000000000000e+00 0.000000000000000000e+00 0.000000000000000000e+00 0.000000000000000000e+00 0.000000000000000000e+00
0.000000000000000000e+00 0.000000000000000000e+00 0.000000000000000000e+00 0.000000000000000000e+00 0.000000000000000000e+00
0.000000000000000000e+00 0.000000000000000000e+00 0.000000000000000000e+00 0.000000000000000000e+00 0.000000000000000000e+00
0.000000000000000000e+00 0.000000000000000000e+00 0.000000000000000000e+00 0.000000000000000000e+00 0.000000000000000000e+00
1.812718602312652933e-03 5.101446803999229538e-04 0.000000000000000000e+00 0.000000000000000000e+00 2.076396514158250581e-03
0.000000000000000000e+00 1.934502092631789282e-04 0.000000000000000000e+00 0.000000000000000000e+00 2.401682634833379737e-02
0.000000000000000000e+00 0.000000000000000000e+00 0.000000000000000000e+00 6.992215253957878573e-03 7.210503927811938440e-02
0.000000000000000000e+00 0.000000000000000000e+00 2.720293844659208175e-04 1.306620301020153252e-02 1.008113226547689839e-01
0.000000000000000000e+00 0.000000000000000000e+00 2.552068966893638723e-03 1.494633352360030983e-02 8.445747491802058082e-02
5.679703352936210647e-02 0.000000000000000000e+00 0.000000000000000000e+00 3.831636576963226570e-02 6.628521042713728106e-02
1.167207533539285219e-01 0.000000000000000000e+00 0.000000000000000000e+00 5.253073880411116697e-02 2.501666922793127287e-02
1.403142304148411734e-01 0.000000000000000000e+00 0.000000000000000000e+00 5.419148115816379424e-02 0.000000000000000000e+00
9.889091907601821330e-02 4.213334813622329061e-02 0.000000000000000000e+00 4.569170043634351863e-02 0.000000000000000000e+00
1.766419156279548652e-02 1.095847782842895163e-01 0.000000000000000000e+00 1.791961111439386092e-02 0.000000000000000000e+00
0.000000000000000000e+00 1.319016396550974635e-01 0.000000000000000000e+00 9.504092445223179947e-03 1.172041044749301238e-03
0.000000000000000000e+00 7.692497289340434474e-02 5.828914169393425992e-02 2.291276051922614201e-02 8.497148207051902907e-03
0.000000000000000000e+00 6.203300376027330934e-03 1.161695522987799406e-01 1.547661513766048109e-02 0.000000000000000000e+00
0.000000000000000000e+00 0.000000000000000000e+00 1.068072749583510173e-01 5.363491585543075577e-03 0.000000000000000000e+00
0.000000000000000000e+00 0.000000000000000000e+00 9.421334724823877960e-02 2.251045516134708453e-03 0.000000000000000000e+00
0.000000000000000000e+00 0.000000000000000000e+00 5.314913516449073366e-02 6.179498776754653935e-03 0.000000000000000000e+00
0.000000000000000000e+00 0.000000000000000000e+00 1.270090508820992392e-02 1.065526475036891914e-02 0.000000000000000000e+00
0.000000000000000000e+00 0.000000000000000000e+00 9.785943264686337156e-03 8.209794151923582514e-03 0.000000000000000000e+00
0.000000000000000000e+00 0.000000000000000000e+00 1.509533801467572616e-03 1.266404417052043561e-03 0.000000000000000000e+00
0.000000000000000000e+00 0.000000000000000000e+00 0.000000000000000000e+00 0.000000000000000000e+00 0.000000000000000000e+00
0.000000000000000000e+00 0.000000000000000000e+00 0.000000000000000000e+00 0.000000000000000000e+00 0.000000000000000000e+00
0.000000000000000000e+00 0.000000000000000000e+00 0.000000000000000000e+00 0.000000000000000000e+00 0.000000000000000000e+00
0.000000000000000000e+00 0.000000000000000000e+00 0.000000000000000000e+00 0.000000000000000000e+00 0.000000000000000000e+00
0.000000000000000000e+00 0.000000000000000000e+00 0.000000000000000000e+00 0.000000000000000000e+00 0.000000000000000000e+00
0.000000000000000000e+00 0.000000000000000000e+00 0.000000000000000000e+00 0.000000000000000000e+00 0.000000000000000000e+00
0.000000000000000000e+00 0.000000000000000000e+00 0.000000000000000000e+00 0.000000000000000000e+00 0.000000000000000000e+00
0.000000000000000000e+00 0.000000000000000000e+00 0.000000000000000000e+00 0.000000000000000000e+00 0.000000000000000000e+00
0.000000000000000000e+00 0.000000000000000000e+00 0.000000000000000000e+00 8.401968364728019435e-05 7.391474912568389219e-04
0.000000000000000000e+00 0.000000000000000000e+00 0.000000000000000000e+00 1.205315432963020459e-03 1.559860600693717576e-02
0.000000000000000000e+00 0.000000000000000000e+00 3.639024148580462313e-04 1.136382898117232728e-03 6.516819712589173863e-02
0.000000000000000000e+00 0.000000000000000000e+00 3.911550133649854821e-03 0.000000000000000000e+00 8.952576987660505747e-02
1.067538809510677061e-03 0.000000000000000000e+00 2.337860289368987737e-03 0.000000000000000000e+00 8.602606020086098204e-02
4.166929583007336624e-02 0.000000000000000000e+00 0.000000000000000000e+00 1.503948756203546400e-02 6.501092825441702472e-02
9.728375816958013955e-02 0.000000000000000000e+00 0.000000000000000000e+00 3.959890867502154771e-02 3.717292191895234243e-02
1.309520754090908456e-01 0.000000000000000000e+00 0.000000000000000000e+00 5.433238096505042802e-02 0.000000000000000000e+00
1.177355219122336594e-01 7.078317695454579977e-03 0.000000000000000000e+00 4.382073549140690777e-02 0.000000000000000000e+00
6.969588515373061066e-02 5.395039538170673388e-02 0.000000000000000000e+00 1.969618697598496393e-02 0.000000000000000000e+00
1.808081164221606377e-03 1.104403926686269438e-01 0.000000000000000000e+00 9.052608079354266396e-03 0.000000000000000000e+00
0.000000000000000000e+00 1.336852938721035666e-01 0.000000000000000000e+00 9.833178881829347101e-03 1.815944908053972618e-03
0.000000000000000000e+00 8.266627099892845387e-02 3.218131185355458529e-02 9.579710299998831294e-03 7.716211170048001451e-03
0.000000000000000000e+00 1.719904238542867628e-02 1.001485416041658638e-01 1.410738190085992355e-02 6.999484964793758817e-04
0.000000000000000000e+00 0.000000000000000000e+00 1.043208433404087115e-01 5.543922013438193873e-03 0.000000000000000000e+00
0.000000000000000000e+00 0.000000000000000000e+00 8.987416416300937627e-02 0.000000000000000000e+00 0.000000000000000000e+00
0.000000000000000000e+00 0.000000000000000000e+00 6.683343954410504717e-02 7.656211510581531487e-04 0.000000000000000000e+00
0.000000000000000000e+00 0.000000000000000000e+00 2.778542818824275215e-02 8.867499022779157941e-03 0.000000000000000000e+00
0.000000000000000000e+00 0.000000000000000000e+00 1.316938109556192033e-02 1.104828681083335450e-02 0.000000000000000000e+00
0.000000000000000000e+00 0.000000000000000000e+00 6.038135205870290463e-03 5.065617668208174246e-03 0.000000000000000000e+00
0.000000000000000000e+00 0.000000000000000000e+00 0.000000000000000000e+00 0.000000000000000000e+00 0.000000000000000000e+00
0.000000000000000000e+00 0.000000000000000000e+00 0.000000000000000000e+00 0.000000000000000000e+00 0.000000000000000000e+00
0.000000000000000000e+00 0.000000000000000000e+00 0.000000000000000000e+00 0.000000000000000000e+00 0.000000000000000000e+00
0.000000000000000000e+00 0.000000000000000000e+00 0.000000000000000000e+00 0.000000000000000000e+00 0.000000000000000000e+00
0.000000000000000000e+00 0.000000000000000000e+00 0.000000000000000000e+00 0.000000000000000000e+00 0.000000000000000000e+00
0.000000000000000000e+00 0.000000000000000000e+00 0.000000000000000000e+00 0.000000000000000000e+00 0.000000000000000000e+00
0.000000000000000000e+00 0.000000000000000000e+00 0.000000000000000000e+00 0.000000000000000000e+00 0.000000000000000000e+00
0.000000000000000000e+00 0.000000000000000000e+00 2.314332396395487695e-05 0.000000000000000000e+00 2.653126291379956305e-04
0.000000000000000000e+00 0.000000000000000000e+00 2.000090298542871355e-04 2.989663798424162656e-04 6.884795260498782245e-03
0.000000000000000000e+00 0.000000000000000000e+00 4.974012630542263679e-04 1.910038729029615726e-03 4.202447227660244256e-02
0.000000000000000000e+00 0.000000000000000000e+00 4.098575116135649843e-03 7.082283743471956940e-04 8.107506388391549912e-02
0.000000000000000000e+00 0.000000000000000000e+00 5.387841132965484094e-03 0.000000000000000000e+00 7.214523647966389341e-02
1.785505721060551970e-02 0.000000000000000000e+00 0.000000000000000000e+00 5.432765006352196537e-03 5.627276234783071263e-02
6.726020041158835283e-02 0.000000000000000000e+00 0.000000000000000000e+00 4.415865424093282088e-02 4.884991448749233939e-02
1.082755933283333638e-01 0.000000000000000000e+00 0.000000000000000000e+00 5.383073106194107005e-02 7.287407118589779575e-03
1.130933883602492640e-01 0.000000000000000000e+00 0.000000000000000000e+00 5.530877741489292204e-02 0.000000000000000000e+00
8.616059369089962283e-02 1.021485935303442782e-02 0.000000000000000000e+00 3.207737301758743081e-02 0.000000000000000000e+00
4.213612438058752380e-02 6.033910219345731824e-02 0.000000000000000000e+00 1.382413810917030444e-02 0.000000000000000000e+00
0.000000000000000000e+00 1.099838527724265880e-01 0.000000000000000000e+00 0.000000000000000000e+00 0.000000000000000000e+00
0.000000000000000000e+00 1.244384829653600727e-01 0.000000000000000000e+00 3.147795298492520304e-03 0.000000000000000000e+00
0.000000000000000000e+00 8.432611374509423052e-02 6.254318967870329919e-03 6.853471913584133560e-03 7.204278678291114839e-03
0.000000000000000000e+00 1.746619556043006727e-02 8.193079357673031804e-02 1.159498166418536369e-02 6.406171414543224401e-04
0.000000000000000000e+00 0.000000000000000000e+00 9.453541188813711915e-02 5.175261709613167282e-03 0.000000000000000000e+00
0.000000000000000000e+00 0.000000000000000000e+00 8.808092008652747273e-02 0.000000000000000000e+00 0.000000000000000000e+00
0.000000000000000000e+00 0.000000000000000000e+00 4.806017546677590624e-02 0.000000000000000000e+00 0.000000000000000000e+00
0.000000000000000000e+00 0.000000000000000000e+00 2.573625621672218783e-02 6.807204930468871082e-03 0.000000000000000000e+00
0.000000000000000000e+00 0.000000000000000000e+00 1.316938109556192033e-02 1.104828681083335450e-02 0.000000000000000000e+00
0.000000000000000000e+00 0.000000000000000000e+00 6.038135205870290463e-03 5.065617668208174246e-03 0.000000000000000000e+00
0.000000000000000000e+00 0.000000000000000000e+00 0.000000000000000000e+00 0.000000000000000000e+00 0.000000000000000000e+00
0.000000000000000000e+00 0.000000000000000000e+00 0.000000000000000000e+00 0.000000000000000000e+00 0.000000000000000000e+00
0.000000000000000000e+00 0.000000000000000000e+00 0.000000000000000000e+00 0.000000000000000000e+00 0.000000000000000000e+00
0.000000000000000000e+00 0.000000000000000000e+00 0.000000000000000000e+00 0.000000000000000000e+00 0.000000000000000000e+00
0.000000000000000000e+00 0.000000000000000000e+00 0.000000000000000000e+00 0.000000000000000000e+00 0.000000000000000000e+00
0.000000000000000000e+00 0.000000000000000000e+00 0.000000000000000000e+00 0.000000000000000000e+00 0.000000000000000000e+00
0.000000000000000000e+00 0.000000000000000000e+00 0.000000000000000000e+00 0.000000000000000000e+00 0.000000000000000000e+00
0.000000000000000000e+00 0.000000000000000000e+00 2.727283986660570571e-04 0.000000000000000000e+00 3.317006081645587374e-03
0.000000000000000000e+00 0.000000000000000000e+00 1.060910460597488079e-03 5.710771715868958633e-04 2.831617306581623444e-02
0.000000000000000000e+00 0.000000000000000000e+00 2.172540461943654484e-03 3.870671706552107736e-04 5.044031500823332320e-02
0.000000000000000000e+00 0.000000000000000000e+00 5.385337163140014975e-03 0.000000000000000000e+00 5.918667959453986771e-02
0.000000000000000000e+00 0.000000000000000000e+00 4.007791367280860370e-03 0.000000000000000000e+00 5.190765184194491566e-02
2.304060472297685125e-02 0.000000000000000000e+00 0.000000000000000000e+00 7.331675571629808763e-03 4.349374589215881243e-02
6.374251306891015600e-02 0.000000000000000000e+00 0.000000000000000000e+00 5.178734380729083098e-02 2.298906427445919845e-02
8.473958942691489638e-02 0.000000000000000000e+00 0.000000000000000000e+00 5.110746611116753074e-02 0.000000000000000000e+00
8.269306061133556429e-02 0.000000000000000000e+00 0.000000000000000000e+00 3.784540272586173898e-02 0.000000000000000000e+00
6.746111262734222347e-02 5.762409099550815962e-03 3.738218943847675547e-03 1.649021252035325069e-02 0.000000000000000000e+00
2.382239921750357869e-02 3.748671775515333843e-02 0.000000000000000000e+00 1.718221189789620809e-02 0.000000000000000000e+00
2.530930793755803952e-03 8.119721457460279956e-02 0.000000000000000000e+00 0.000000000000000000e+00 0.000000000000000000e+00
0.000000000000000000e+00 9.129138739689240944e-02 0.000000000000000000e+00 0.000000000000000000e+00 0.000000000000000000e+00
0.000000000000000000e+00 5.089085785437071074e-02 1.763074033807448052e-02 8.519888437001256346e-04 1.087278092248002322e-03
0.000000000000000000e+00 1.299416032239777107e-02 4.768578179693300917e-02 4.506319903796732716e-03 0.000000000000000000e+00
0.000000000000000000e+00 0.000000000000000000e+00 5.275923215420194601e-02 2.345645299428435106e-03 0.000000000000000000e+00
0.000000000000000000e+00 0.000000000000000000e+00 6.021698138816895807e-02 0.000000000000000000e+00 0.000000000000000000e+00
0.000000000000000000e+00 0.000000000000000000e+00 1.566636872361622940e-02 0.000000000000000000e+00 0.000000000000000000e+00
0.000000000000000000e+00 0.000000000000000000e+00 1.323042474671347335e-02 7.232939140326538445e-03 0.000000000000000000e+00
0.000000000000000000e+00 0.000000000000000000e+00 1.259679930879836936e-02 1.056792651471014782e-02 0.000000000000000000e+00
0.000000000000000000e+00 0.000000000000000000e+00 2.758803154406254919e-03 2.314463244957180518e-03 0.000000000000000000e+00
0.000000000000000000e+00 0.000000000000000000e+00 0.000000000000000000e+00 0.000000000000000000e+00 0.000000000000000000e+00
0.000000000000000000e+00 0.000000000000000000e+00 0.000000000000000000e+00 0.000000000000000000e+00 0.000000000000000000e+00
0.000000000000000000e+00 0.000000000000000000e+00 0.000000000000000000e+00 0.000000000000000000e+00 0.000000000000000000e+00
0.000000000000000000e+00 0.000000000000000000e+00 0.000000000000000000e+00 0.000000000000000000e+00 0.000000000000000000e+00
0.000000000000000000e+00 0.000000000000000000e+00 0.000000000000000000e+00 0.000000000000000000e+00 0.000000000000000000e+00
0.000000000000000000e+00 0.000000000000000000e+00 0.000000000000000000e+00 0.000000000000000000e+00 0.000000000000000000e+00
0.000000000000000000e+00 0.000000000000000000e+00 1.465743851050473078e-04 0.000000000000000000e+00 1.680313317873973573e-03
0.000000000000000000e+00 0.000000000000000000e+00 7.538289448836869248e-04 0.000000000000000000e+00 1.505452230431457428e-02
0.000000000000000000e+00 0.000000000000000000e+00 6.850153298395323959e-04 0.000000000000000000e+00 1.659415805506607444e-02
0.000000000000000000e+00 0.000000000000000000e+00 3.142975365480837110e-03 0.000000000000000000e+00 2.042610534255335022e-02
0.000000000000000000e+00 0.000000000000000000e+00 1.819136092073207409e-03 0.000000000000000000e+00 1.947876479274448375e-02
5.815587975948905558e-03 0.000000000000000000e+00 2.051821832627924620e-03 0.000000000000000000e+00 1.442873014257168435e-02
1.226511221235861843e-02 0.000000000000000000e+00 0.000000000000000000e+00 4.025324573464298880e-03 6.516971363828485443e-03
1.343559307475427310e-02 5.698580138111465805e-04 0.000000000000000000e+00 5.462915763939027967e-03 2.608150306678960490e-03
1.460210460318319727e-02 5.155465496218449169e-05 8.840004855998746759e-04 0.000000000000000000e+00 0.000000000000000000e+00
1.099020990119444624e-02 4.138655883065841894e-04 1.986620093185308134e-03 0.000000000000000000e+00 0.000000000000000000e+00
6.327161390734617821e-03 0.000000000000000000e+00 8.523494575951848229e-03 0.000000000000000000e+00 0.000000000000000000e+00
2.953631922418958346e-04 5.930958507768177394e-03 5.794915810917301499e-03 8.395967610873614553e-03 0.000000000000000000e+00
0.000000000000000000e+00 1.726657478802991891e-02 4.676365885746477935e-03 6.064304175831630684e-04 0.000000000000000000e+00
0.000000000000000000e+00 2.878603818614164020e-02 5.434954727399730380e-03 0.000000000000000000e+00 0.000000000000000000e+00
0.000000000000000000e+00 1.968669890423145608e-02 4.435718835606714851e-03 0.000000000000000000e+00 2.237920333494395741e-03
0.000000000000000000e+00 4.013295561490335187e-03 2.147897456332343441e-02 1.542461337064471999e-03 0.000000000000000000e+00
0.000000000000000000e+00 0.000000000000000000e+00 2.502483995180924611e-02 2.485152903232906024e-03 0.000000000000000000e+00
0.000000000000000000e+00 0.000000000000000000e+00 1.173587435922724201e-02 1.186609659513465902e-03 0.000000000000000000e+00
0.000000000000000000e+00 0.000000000000000000e+00 3.079626604903607043e-03 3.113798397304840156e-04 0.000000000000000000e+00
0.000000000000000000e+00 0.000000000000000000e+00 0.000000000000000000e+00 0.000000000000000000e+00 0.000000000000000000e+00
0.000000000000000000e+00 0.000000000000000000e+00 0.000000000000000000e+00 0.000000000000000000e+00 0.000000000000000000e+00
0.000000000000000000e+00 0.000000000000000000e+00 0.000000000000000000e+00 0.000000000000000000e+00 0.000000000000000000e+00
0.000000000000000000e+00 0.000000000000000000e+00 0.000000000000000000e+00 0.000000000000000000e+00 0.000000000000000000e+00
0.000000000000000000e+00 0.000000000000000000e+00 0.000000000000000000e+00 0.000000000000000000e+00 0.000000000000000000e+00
0.000000000000000000e+00 0.000000000000000000e+00 0.000000000000000000e+00 0.000000000000000000e+00 0.000000000000000000e+00
0.000000000000000000e+00 0.000000000000000000e+00 0.000000000000000000e+00 0.000000000000000000e+00 0.000000000000000000e+00
0.000000000000000000e+00 0.000000000000000000e+00 0.000000000000000000e+00 0.000000000000000000e+00 0.000000000000000000e+00
0.000000000000000000e+00 0.000000000000000000e+00 0.000000000000000000e+00 0.000000000000000000e+00 0.000000000000000000e+00
0.000000000000000000e+00 0.000000000000000000e+00 0.000000000000000000e+00 0.000000000000000000e+00 0.000000000000000000e+00
0.000000000000000000e+00 0.000000000000000000e+00 0.000000000000000000e+00 0.000000000000000000e+00 0.000000000000000000e+00
0.000000000000000000e+00 0.000000000000000000e+00 0.000000000000000000e+00 0.000000000000000000e+00 0.000000000000000000e+00
0.000000000000000000e+00 0.000000000000000000e+00 0.000000000000000000e+00 0.000000000000000000e+00 0.000000000000000000e+00
0.000000000000000000e+00 0.000000000000000000e+00 0.000000000000000000e+00 0.000000000000000000e+00 0.000000000000000000e+00
0.000000000000000000e+00 0.000000000000000000e+00 0.000000000000000000e+00 0.000000000000000000e+00 0.000000000000000000e+00
0.000000000000000000e+00 0.000000000000000000e+00 0.000000000000000000e+00 0.000000000000000000e+00 0.000000000000000000e+00
0.000000000000000000e+00 0.000000000000000000e+00 0.000000000000000000e+00 0.000000000000000000e+00 0.000000000000000000e+00
0.000000000000000000e+00 0.000000000000000000e+00 0.000000000000000000e+00 0.000000000000000000e+00 0.000000000000000000e+00
0.000000000000000000e+00 0.000000000000000000e+00 0.000000000000000000e+00 0.000000000000000000e+00 0.000000000000000000e+00
0.000000000000000000e+00 0.000000000000000000e+00 0.000000000000000000e+00 0.000000000000000000e+00 0.000000000000000000e+00
0.000000000000000000e+00 0.000000000000000000e+00 0.000000000000000000e+00 0.000000000000000000e+00 0.000000000000000000e+00
0.000000000000000000e+00 0.000000000000000000e+00 0.000000000000000000e+00 0.000000000000000000e+00 0.000000000000000000e+00
0.000000000000000000e+00 0.000000000000000000e+00 0.000000000000000000e+00 0.000000000000000000e+00 0.000000000000000000e+00
0.000000000000000000e+00 0.000000000000000000e+00 7.689767606785899868e-04 5.514035303116221633e-05 0.000000000000000000e+00
0.000000000000000000e+00 0.000000000000000000e+00 1.224870125938039810e-02 8.783070518535116564e-04 0.000000000000000000e+00
0.000000000000000000e+00 0.000000000000000000e+00 6.041960262474636509e-03 4.332456309591313677e-04 0.000000000000000000e+00
0.000000000000000000e+00 0.000000000000000000e+00 0.000000000000000000e+00 0.000000000000000000e+00 0.000000000000000000e+00
0.000000000000000000e+00 0.000000000000000000e+00 0.000000000000000000e+00 0.000000000000000000e+00 0.000000000000000000e+00
0.000000000000000000e+00 0.000000000000000000e+00 0.000000000000000000e+00 0.000000000000000000e+00 0.000000000000000000e+00
0.000000000000000000e+00 0.000000000000000000e+00 0.000000000000000000e+00 0.000000000000000000e+00 0.000000000000000000e+00
0.000000000000000000e+00 0.000000000000000000e+00 0.000000000000000000e+00 0.000000000000000000e+00 0.000000000000000000e+00
0.000000000000000000e+00 0.000000000000000000e+00 0.000000000000000000e+00 0.000000000000000000e+00 0.000000000000000000e+00
0.000000000000000000e+00 0.000000000000000000e+00 0.000000000000000000e+00 0.000000000000000000e+00 0.000000000000000000e+00
0.000000000000000000e+00 0.000000000000000000e+00 0.000000000000000000e+00 0.000000000000000000e+00 0.000000000000000000e+00
